1.223365005414214996e-03
5.900000000000000000e+01
1.156184883136594874e-03
6.700000000000000000e+01
2.074316562828940665e-03
1.360000000000000000e+02
1.378951931806283396e-03
1.840000000000000000e+02
1.360777372273751402e-02
2.300000000000000000e+01
1.311514398199879923e-03
2.560000000000000000e+02
1.311660036242245182e-03
2.560000000000000000e+02
1.374923471170458669e-03
2.730000000000000000e+02
1.302735566996897744e-03
2.720000000000000000e+02
1.280222801026765188e-02
2.460000000000000000e+02
1.280222771959073184e-02
2.460000000000000000e+02
