-1.681560000000000059e+02
2.628076639999999964e-01
-2.387839999999999918e+02
3.702553440000000418e-01
-3.154449999999999932e+02
5.127849749999999762e-01
-2.517259999999999991e+02
4.018529240000000002e-01
-5.820209999999999582e+02
6.577165589999999229e-01
-2.444770000000000039e+02
4.171054710000000054e-01
-2.446839999999999975e+02
3.762241439999999826e-01
-2.336930000000000121e+02
3.558407510000000662e-01
-2.295089999999999861e+02
3.710999190000000003e-01
-5.635700000000000500e+02
7.119290999999999814e-01
-5.632319999999999709e+02
7.414361759999998913e-01
