1.500000000000000000e+03 1.500000000000000000e+03 1.500000000000000000e+03 1.500000000000000000e+03
2.053000000000000000e+03 1.074000000000000000e+03 2.208000000000000000e+03 6.650000000000000000e+02
2.682000000000000000e+03 9.360000000000000000e+02 1.819000000000000000e+03 5.630000000000000000e+02
7.230000000000000000e+02 5.440000000000000000e+02 4.177000000000000000e+03 5.560000000000000000e+02
1.096000000000000000e+03 2.366000000000000000e+03 1.376000000000000000e+03 1.162000000000000000e+03
7.890000000000000000e+02 3.291000000000000000e+03 1.109000000000000000e+03 8.110000000000000000e+02
6.120000000000000000e+02 1.022000000000000000e+03 8.750000000000000000e+02 3.491000000000000000e+03
1.312000000000000000e+03 1.000000000000000000e+01 1.767000000000000000e+03 2.911000000000000000e+03
3.008000000000000000e+03 4.650000000000000000e+02 0.000000000000000000e+00 2.527000000000000000e+03
5.050000000000000000e+02 1.496000000000000000e+03 3.732000000000000000e+03 2.670000000000000000e+02
4.360000000000000000e+03 0.000000000000000000e+00 1.220000000000000000e+03 4.200000000000000000e+02
2.716000000000000000e+03 1.911000000000000000e+03 1.372000000000000000e+03 1.000000000000000000e+00
0.000000000000000000e+00 1.059000000000000000e+03 2.886000000000000000e+03 2.055000000000000000e+03
1.062000000000000000e+03 1.943000000000000000e+03 0.000000000000000000e+00 2.995000000000000000e+03
5.340000000000000000e+02 4.243000000000000000e+03 7.630000000000000000e+02 4.600000000000000000e+02
