-0.326346907950634
-0.0411351831793677
-0.0314658285489123
-0.178825152033127
-0.0182316041967435
-0.000756646064961412
0.139509640576536
0.290801940681511
0.353785540378077
-0.00498514995290957
0.324273699569912
0.00854771891305171
0.0176586975938667
0.0143344417048122
-0.0159737691172933
-0.103909466349664
-0.00310205788739593
0.0310653654610912
-0.0860163556566636
0.110137319284643
0.0542824131986056
-0.0425303795981593
0.00617313459053192
-0.0087664204693278
0.0051026183674731
0.0374640308665313
0.018784007230916
0.012353040396924
0.00563058877288451
0.0256115222674857
-0.0282714941846677
-0.00992317838711388
0.0178854841375133
-0.11581795230401
-0.0781867103467823
0.0171526165314846
-0.0624190533306706
0.0181328894492925
0.0590862764984581
0.0355252624037018
0.0378027366890449
-0.0364175651334361
0.0726821555883272
0.0877777784375872
0.0112411453985831
-0.0100571208580823
-0.0103963948210264
0.00477199445299214
-0.000716993949074647
0.00207324331855405
0.00239383961965789
0.00470120905630752
-0.00567121934323419
-0.074024512684926
-0.0510612662729911
0.0540157219623083
0.0169111343314961
-0.0211072880536865
