1.234791729680077051e-03
6.600000000000000000e+01
1.175175349397444662e-03
2.390000000000000000e+02
1.399106405903947740e-02
2.800000000000000000e+01
1.128242337237480349e-03
1.060000000000000000e+02
1.128030367363968157e-03
1.410000000000000000e+02
8.671872280653141959e-03
9.800000000000000000e+01
1.047789920460519579e-03
8.000000000000000000e+01
8.920213081807579344e-04
4.700000000000000000e+01
9.315679809851971612e-04
4.400000000000000000e+01
9.314322408475325058e-04
4.000000000000000000e+01
2.074438937628036474e-03
2.100000000000000000e+01
