1.297217816283882316e-03
6.200000000000000000e+01
9.969119157991323393e-04
1.460000000000000000e+02
7.851087956606838530e-03
1.030000000000000000e+02
1.485448453544674710e-02
3.200000000000000000e+01
1.419857812840547321e-03
1.050000000000000000e+02
1.722805249933787378e-02
9.900000000000000000e+01
1.963425256524595902e-02
3.160000000000000000e+02
4.438071373951654047e-02
2.400000000000000000e+01
2.224981192169448591e-02
1.730000000000000000e+02
1.629819043545799664e-02
5.580000000000000000e+02
