9.500000000000000000e+02 9.260000000000000000e+02 1.989000000000000000e+03 2.135000000000000000e+03
1.016000000000000000e+03 8.830000000000000000e+02 2.940000000000000000e+03 1.161000000000000000e+03
2.255000000000000000e+03 0.000000000000000000e+00 8.330000000000000000e+02 2.912000000000000000e+03
1.163000000000000000e+03 1.719000000000000000e+03 1.480000000000000000e+03 1.638000000000000000e+03
1.225000000000000000e+03 1.628000000000000000e+03 1.495000000000000000e+03 1.652000000000000000e+03
8.800000000000000000e+01 3.329000000000000000e+03 0.000000000000000000e+00 2.583000000000000000e+03
1.345000000000000000e+03 1.421000000000000000e+03 1.589000000000000000e+03 1.645000000000000000e+03
1.465000000000000000e+03 1.237000000000000000e+03 1.780000000000000000e+03 1.518000000000000000e+03
1.461000000000000000e+03 1.181000000000000000e+03 1.762000000000000000e+03 1.596000000000000000e+03
1.456000000000000000e+03 1.201000000000000000e+03 1.745000000000000000e+03 1.598000000000000000e+03
1.346000000000000000e+03 1.580000000000000000e+03 1.658000000000000000e+03 1.416000000000000000e+03
