-2.261100000000000065e+01
3.745367900000000361e-02
-1.098209999999999980e+02
1.988709590000000138e-01
-3.746669999999999732e+02
5.922261110000001105e-01
-2.102700000000000102e+01
2.868227099999999877e-02
-1.754299999999999926e+01
2.671015100000000142e-02
-3.976370000000000005e+02
4.583712310000000456e-01
-1.864499999999999957e+01
3.144897499999999707e-02
-2.826999999999999957e+01
5.152309999999999529e-02
-2.719999999999999929e+01
4.613600000000000340e-02
-2.653699999999999903e+01
4.494063099999999478e-02
-2.152299999999999969e+01
3.901947100000000002e-02
