1.500000000000000000e+03 1.500000000000000000e+03 1.500000000000000000e+03 1.500000000000000000e+03
1.692000000000000000e+03 2.168000000000000000e+03 1.116000000000000000e+03 1.024000000000000000e+03
1.009000000000000000e+03 3.417000000000000000e+03 1.065000000000000000e+03 5.090000000000000000e+02
2.579000000000000000e+03 1.527000000000000000e+03 1.163000000000000000e+03 7.310000000000000000e+02
3.173000000000000000e+03 8.290000000000000000e+02 1.304000000000000000e+03 6.940000000000000000e+02
7.910000000000000000e+02 1.072000000000000000e+03 1.114000000000000000e+03 3.023000000000000000e+03
9.400000000000000000e+02 7.130000000000000000e+02 3.315000000000000000e+03 1.032000000000000000e+03
2.250000000000000000e+03 7.250000000000000000e+02 0.000000000000000000e+00 3.025000000000000000e+03
0.000000000000000000e+00 2.744000000000000000e+03 2.879000000000000000e+03 3.770000000000000000e+02
4.300000000000000000e+01 2.280000000000000000e+02 2.170000000000000000e+02 5.512000000000000000e+03
0.000000000000000000e+00 2.570000000000000000e+03 1.143000000000000000e+03 2.287000000000000000e+03
1.220000000000000000e+03 2.777000000000000000e+03 0.000000000000000000e+00 2.003000000000000000e+03
1.673000000000000000e+03 1.954000000000000000e+03 2.371000000000000000e+03 2.000000000000000000e+00
2.680000000000000000e+02 0.000000000000000000e+00 2.530000000000000000e+03 3.202000000000000000e+03
1.811000000000000000e+03 0.000000000000000000e+00 2.226000000000000000e+03 1.963000000000000000e+03
