-4.474470000000000027e+02
6.249291909999999950e-01
-2.396059999999999945e+02
3.952227640000000042e-01
-2.337899999999999920e+02
4.165018999999999805e-01
-2.048290000000000077e+02
3.446917589999999310e-01
-3.664610000000000127e+02
4.241724789999999357e-01
-3.984270000000000209e+02
7.441606710000000513e-01
-1.998100000000000165e+01
3.034263900000000111e-02
-1.845899999999999963e+01
2.982031899999999791e-02
-1.838800000000000168e+01
2.679545599999999875e-02
-1.783899999999999864e+01
2.914707899999999935e-02
-1.595400000000000063e+01
2.349188399999999760e-02
