1.500000000000000000e+03 1.500000000000000000e+03 1.500000000000000000e+03 1.500000000000000000e+03
5.270000000000000000e+02 2.315000000000000000e+03 2.283000000000000000e+03 8.750000000000000000e+02
9.990000000000000000e+02 1.303000000000000000e+03 2.267000000000000000e+03 1.431000000000000000e+03
6.250000000000000000e+02 1.105000000000000000e+03 7.600000000000000000e+02 3.510000000000000000e+03
2.862000000000000000e+03 5.300000000000000000e+02 1.440000000000000000e+03 1.168000000000000000e+03
7.500000000000000000e+01 0.000000000000000000e+00 3.658000000000000000e+03 2.267000000000000000e+03
2.239000000000000000e+03 0.000000000000000000e+00 2.340000000000000000e+02 3.527000000000000000e+03
7.940000000000000000e+02 3.423000000000000000e+03 0.000000000000000000e+00 1.783000000000000000e+03
1.680000000000000000e+03 1.022000000000000000e+03 3.296000000000000000e+03 2.000000000000000000e+00
1.515000000000000000e+03 0.000000000000000000e+00 2.400000000000000000e+03 2.085000000000000000e+03
2.215000000000000000e+03 2.132000000000000000e+03 0.000000000000000000e+00 1.653000000000000000e+03
2.024000000000000000e+03 2.451000000000000000e+03 1.523000000000000000e+03 2.000000000000000000e+00
1.930000000000000000e+02 1.700000000000000000e+03 4.106000000000000000e+03 1.000000000000000000e+00
8.400000000000000000e+02 1.706000000000000000e+03 1.542000000000000000e+03 1.912000000000000000e+03
1.245000000000000000e+03 1.144000000000000000e+03 1.510000000000000000e+03 2.101000000000000000e+03
