1.026758059861915349e-03
1.360000000000000000e+02
1.148238302224240202e-03
2.500000000000000000e+01
1.103969325315518665e-03
7.700000000000000000e+01
9.738619967541115594e-04
5.700000000000000000e+01
1.105994788944675983e-03
1.260000000000000000e+02
9.815803459048504619e-04
6.300000000000000000e+01
7.352860675682295830e-03
6.200000000000000000e+01
2.148975641801109671e-02
8.100000000000000000e+01
1.238117284522672733e-03
6.700000000000000000e+01
2.189425660517040073e-02
5.300000000000000000e+01
