-2.446300000000000097e+01
4.685863100000000475e-02
-2.976399999999999935e+01
5.907230400000000603e-02
-8.138500000000000512e+01
1.441707750000000010e-01
-1.713369999999999891e+02
2.167914310000000622e-01
-1.703799999999999955e+02
2.183796000000000070e-01
-1.910699999999999932e+01
3.245355100000000409e-02
-1.762000000000000099e+01
2.941960000000000061e-02
-1.705699999999999861e+01
2.753575100000000067e-02
-1.939300000000000068e+01
2.871055099999999735e-02
-1.978900000000000148e+01
3.045047899999999905e-02
-1.910399999999999920e+01
3.113318400000000125e-02
