1.056000000000000000e+03 9.070000000000000000e+02 1.663000000000000000e+03 2.374000000000000000e+03
1.196000000000000000e+03 1.079000000000000000e+03 1.259000000000000000e+03 2.466000000000000000e+03
1.753000000000000000e+03 -1.000000000000000000e+00 1.962000000000000000e+03 2.286000000000000000e+03
1.770000000000000000e+03 0.000000000000000000e+00 1.976000000000000000e+03 2.254000000000000000e+03
1.769000000000000000e+03 0.000000000000000000e+00 1.964000000000000000e+03 2.267000000000000000e+03
1.248000000000000000e+03 1.566000000000000000e+03 1.722000000000000000e+03 1.464000000000000000e+03
1.228000000000000000e+03 1.572000000000000000e+03 1.677000000000000000e+03 1.523000000000000000e+03
1.194000000000000000e+03 1.539000000000000000e+03 1.668000000000000000e+03 1.599000000000000000e+03
1.159000000000000000e+03 1.549000000000000000e+03 1.799000000000000000e+03 1.493000000000000000e+03
1.177000000000000000e+03 1.531000000000000000e+03 1.822000000000000000e+03 1.470000000000000000e+03
1.181000000000000000e+03 1.522000000000000000e+03 1.820000000000000000e+03 1.477000000000000000e+03
