1.032973212461067583e-03
2.920000000000000000e+02
1.082784649964883177e-03
1.150000000000000000e+02
9.364894163293904783e-03
1.830000000000000000e+02
1.134017013607060281e-02
1.900000000000000000e+02
1.072281830638897870e-02
1.830000000000000000e+02
9.489127198242322276e-04
4.400000000000000000e+01
9.237770847556296813e-04
4.400000000000000000e+01
8.337785797413890896e-04
2.800000000000000000e+01
7.828393425186291454e-04
2.900000000000000000e+01
7.361683296387537285e-04
2.600000000000000000e+01
7.408655089383665501e-04
2.600000000000000000e+01
