1.500000000000000000e+03 1.500000000000000000e+03 1.500000000000000000e+03 1.500000000000000000e+03 3.530000000000000000e+02 3.740000000000000000e+02 3.130000000000000000e+02 3.680000000000000000e+02
1.692000000000000000e+03 2.168000000000000000e+03 1.116000000000000000e+03 1.024000000000000000e+03 3.560000000000000000e+02 3.420000000000000000e+02 3.480000000000000000e+02 3.520000000000000000e+02
1.009000000000000000e+03 3.417000000000000000e+03 1.065000000000000000e+03 5.090000000000000000e+02 3.570000000000000000e+02 3.620000000000000000e+02 3.660000000000000000e+02 3.920000000000000000e+02
2.579000000000000000e+03 1.527000000000000000e+03 1.163000000000000000e+03 7.310000000000000000e+02 3.470000000000000000e+02 3.760000000000000000e+02 3.530000000000000000e+02 3.600000000000000000e+02
3.173000000000000000e+03 8.290000000000000000e+02 1.304000000000000000e+03 6.940000000000000000e+02 3.670000000000000000e+02 3.630000000000000000e+02 3.440000000000000000e+02 3.430000000000000000e+02
1.321000000000000000e+03 1.325000000000000000e+03 2.206000000000000000e+03 1.148000000000000000e+03 3.490000000000000000e+02 3.680000000000000000e+02 3.230000000000000000e+02 3.670000000000000000e+02
7.400000000000000000e+02 1.212000000000000000e+03 1.090000000000000000e+03 2.958000000000000000e+03 3.450000000000000000e+02 3.570000000000000000e+02 3.400000000000000000e+02 3.630000000000000000e+02
4.270000000000000000e+02 6.700000000000000000e+02 3.719000000000000000e+03 1.184000000000000000e+03 3.450000000000000000e+02 3.560000000000000000e+02 3.400000000000000000e+02 3.630000000000000000e+02
4.500000000000000000e+01 2.980000000000000000e+03 9.200000000000000000e+02 2.055000000000000000e+03 3.450000000000000000e+02 3.560000000000000000e+02 3.400000000000000000e+02 3.630000000000000000e+02
1.821000000000000000e+03 5.500000000000000000e+01 1.827000000000000000e+03 2.297000000000000000e+03 3.450000000000000000e+02 3.560000000000000000e+02 3.390000000000000000e+02 3.630000000000000000e+02
2.100000000000000000e+01 1.289000000000000000e+03 1.100000000000000000e+02 4.580000000000000000e+03 3.450000000000000000e+02 3.560000000000000000e+02 3.400000000000000000e+02 3.630000000000000000e+02
1.832000000000000000e+03 6.750000000000000000e+02 0.000000000000000000e+00 3.493000000000000000e+03 3.450000000000000000e+02 3.560000000000000000e+02 3.400000000000000000e+02 3.630000000000000000e+02
2.109000000000000000e+03 1.660000000000000000e+02 3.379000000000000000e+03 3.460000000000000000e+02 3.450000000000000000e+02 3.560000000000000000e+02 3.400000000000000000e+02 3.630000000000000000e+02
1.170000000000000000e+03 2.798000000000000000e+03 5.800000000000000000e+01 1.974000000000000000e+03 3.450000000000000000e+02 3.560000000000000000e+02 3.400000000000000000e+02 3.630000000000000000e+02
3.265000000000000000e+03 3.500000000000000000e+02 0.000000000000000000e+00 2.385000000000000000e+03 3.450000000000000000e+02 3.560000000000000000e+02 3.400000000000000000e+02 3.630000000000000000e+02
