-7.673300000000000409e+01
1.371717110000000295e-01
-4.240299999999999869e+01
8.062459099999999546e-02
-4.564529999999999745e+02
6.085757910000000326e-01
-7.322540000000000191e+02
1.286325484000000019e+00
-2.447860000000000014e+02
4.156762040000000491e-01
-1.792889999999999873e+02
2.613434789999999897e-01
-1.322400000000000020e+01
2.216782399999999917e-02
-1.602899999999999991e+01
2.699815900000000074e-02
-1.668299999999999983e+01
3.092651100000000028e-02
-1.641700000000000159e+01
2.821711099999999611e-02
-1.593599999999999994e+01
2.898590399999999637e-02
