1.134474824039633737e-03
2.480000000000000000e+02
1.048746818702310079e-03
1.050000000000000000e+02
1.107068839043270523e-03
1.480000000000000000e+02
5.027085713906522153e-03
7.100000000000000000e+01
9.517936920748181970e-03
8.300000000000000000e+01
5.144362854261429370e-03
2.430000000000000000e+02
1.121990686108283912e-03
5.500000000000000000e+01
1.044300528856323277e-03
4.400000000000000000e+01
1.071028470006103392e-03
3.900000000000000000e+01
1.015721628030977078e-03
8.800000000000000000e+01
9.628584647663098860e-04
3.500000000000000000e+01
