9.526024563402517038e-04
1.190000000000000000e+02
9.837545650033150627e-04
1.500000000000000000e+01
1.286701050545430592e-03
2.800000000000000000e+01
1.141856630088808290e-03
7.600000000000000000e+01
1.005337173505434657e-03
7.700000000000000000e+01
1.248167023413088422e-03
1.540000000000000000e+02
1.179105051936942764e-03
9.400000000000000000e+01
1.636646855452769320e-02
1.300000000000000000e+01
1.126684617713621548e-03
1.850000000000000000e+02
9.096865263756944873e-04
1.580000000000000000e+02
