4.910329853102906846e-04
1.000000000000000000e+00
1.041377517923491435e-03
2.670000000000000000e+02
1.457395393901440676e-02
2.070000000000000000e+02
7.065669336628894147e-03
8.800000000000000000e+01
7.046301684184969570e-03
1.530000000000000000e+02
2.120374938746570972e-02
8.500000000000000000e+01
3.504571081122075105e-02
2.400000000000000000e+01
2.512642770056645186e-02
1.400000000000000000e+01
1.181020916684994912e-03
7.300000000000000000e+01
1.925647878709586119e-02
1.500000000000000000e+01
6.040574355177310249e-03
4.600000000000000000e+01
