-2.580779999999999745e+02
4.344579159999999440e-01
-8.237500000000000000e+01
8.858637500000000886e-02
-4.871030000000000086e+02
7.410623909999999315e-01
-2.015029999999999859e+02
3.223519910000000044e-01
-1.568750000000000000e+02
2.244593749999999888e-01
-3.809830000000000041e+02
4.986407110000000142e-01
-4.170140000000000100e+02
6.428458040000000207e-01
-8.693500000000000227e+01
9.806677499999999492e-02
-1.919699999999999918e+01
3.466819100000000098e-02
-3.612219999999999800e+02
6.415967160000000113e-01
-1.834900000000000091e+02
1.929038999999999615e-01
