1.390375478360893983e-03
1.500000000000000000e+01
9.454037514320462942e-04
2.100000000000000000e+01
9.154998812320103889e-04
5.400000000000000000e+01
1.070480471393349875e-03
2.800000000000000000e+01
1.095231173375744429e-03
1.880000000000000000e+02
2.201138378497101422e-02
3.900000000000000000e+01
1.269016244742840341e-03
2.700000000000000000e+02
9.604575998954820951e-04
1.060000000000000000e+02
1.155286674444531416e-03
5.700000000000000000e+01
1.245508032449610478e-03
6.600000000000000000e+01
