8.120000000000000000e+02 9.910000000000000000e+02 5.600000000000000000e+02 3.637000000000000000e+03
7.410000000000000000e+02 3.072000000000000000e+03 1.379000000000000000e+03 8.080000000000000000e+02
1.909000000000000000e+03 1.066000000000000000e+03 0.000000000000000000e+00 3.025000000000000000e+03
6.670000000000000000e+02 2.107000000000000000e+03 3.224000000000000000e+03 2.000000000000000000e+00
1.636000000000000000e+03 0.000000000000000000e+00 2.345000000000000000e+03 2.019000000000000000e+03
1.668000000000000000e+03 1.637000000000000000e+03 0.000000000000000000e+00 2.695000000000000000e+03
2.111000000000000000e+03 0.000000000000000000e+00 5.520000000000000000e+02 3.337000000000000000e+03
5.680000000000000000e+02 4.380000000000000000e+03 1.050000000000000000e+03 2.000000000000000000e+00
1.277000000000000000e+03 1.208000000000000000e+03 1.832000000000000000e+03 1.683000000000000000e+03
0.000000000000000000e+00 3.430000000000000000e+02 3.593000000000000000e+03 2.064000000000000000e+03
0.000000000000000000e+00 4.406000000000000000e+03 1.231000000000000000e+03 3.630000000000000000e+02
