1.175977760128811382e-03
4.900000000000000000e+01
9.857149684494050362e-04
2.390000000000000000e+02
2.995236354527980836e-03
2.270000000000000000e+02
3.169749281322979152e-03
9.800000000000000000e+01
1.136396757437808762e-02
1.100000000000000000e+02
4.743592605683149069e-03
1.130000000000000000e+02
4.064775834803576599e-03
5.250000000000000000e+02
1.111160560294987198e-03
4.200000000000000000e+01
7.806291389101590065e-04
3.300000000000000000e+01
7.860352199356937129e-04
3.200000000000000000e+01
8.571603242815668084e-04
3.500000000000000000e+01
