-3.524000000000000199e+01
4.533639999999999892e-02
-4.797350000000000136e+02
5.645047749999999587e-01
-1.076710000000000065e+02
1.831827590000000283e-01
-3.692679999999999723e+02
4.270301759999999280e-01
-3.451750000000000114e+02
4.231503750000000230e-01
-3.640989999999999895e+02
4.335811990000000282e-01
-6.257340000000000373e+02
8.992652439999999636e-01
-2.021499999999999986e+01
2.795677499999999968e-02
-1.673400000000000176e+01
2.645124399999999876e-02
-1.695499999999999829e+01
2.727297499999999791e-02
-1.457600000000000051e+01
2.337822399999999953e-02
