1.085000000000000000e+03 2.015000000000000000e+03 1.177000000000000000e+03 1.723000000000000000e+03
5.120000000000000000e+02 4.910000000000000000e+02 4.720000000000000000e+03 2.770000000000000000e+02
1.031000000000000000e+03 2.326000000000000000e+03 2.641000000000000000e+03 2.000000000000000000e+00
4.550000000000000000e+02 3.897000000000000000e+03 0.000000000000000000e+00 1.648000000000000000e+03
2.625000000000000000e+03 2.409000000000000000e+03 9.650000000000000000e+02 1.000000000000000000e+00
3.086000000000000000e+03 2.635000000000000000e+03 2.780000000000000000e+02 1.000000000000000000e+00
2.748000000000000000e+03 2.594000000000000000e+03 0.000000000000000000e+00 6.580000000000000000e+02
1.246000000000000000e+03 1.690000000000000000e+03 1.324000000000000000e+03 1.740000000000000000e+03
1.245000000000000000e+03 1.615000000000000000e+03 1.302000000000000000e+03 1.838000000000000000e+03
1.244000000000000000e+03 1.613000000000000000e+03 1.304000000000000000e+03 1.839000000000000000e+03
1.110000000000000000e+03 1.276000000000000000e+03 1.670000000000000000e+03 1.944000000000000000e+03
