1.500000000000000000e+03 1.500000000000000000e+03 1.500000000000000000e+03 1.500000000000000000e+03
3.440000000000000000e+03 9.500000000000000000e+02 1.005000000000000000e+03 6.050000000000000000e+02
6.520000000000000000e+02 1.067000000000000000e+03 2.026000000000000000e+03 2.255000000000000000e+03
2.518000000000000000e+03 8.770000000000000000e+02 1.731000000000000000e+03 8.740000000000000000e+02
1.495000000000000000e+03 1.246000000000000000e+03 1.263000000000000000e+03 1.996000000000000000e+03
8.600000000000000000e+02 2.338000000000000000e+03 8.440000000000000000e+02 1.958000000000000000e+03
6.090000000000000000e+02 8.730000000000000000e+02 3.490000000000000000e+02 4.169000000000000000e+03
8.560000000000000000e+02 3.135000000000000000e+03 2.007000000000000000e+03 2.000000000000000000e+00
1.090000000000000000e+02 1.778000000000000000e+03 3.523000000000000000e+03 5.900000000000000000e+02
1.920000000000000000e+02 3.937000000000000000e+03 1.300000000000000000e+02 1.741000000000000000e+03
0.000000000000000000e+00 2.172000000000000000e+03 4.460000000000000000e+02 3.382000000000000000e+03
2.921000000000000000e+03 2.630000000000000000e+03 0.000000000000000000e+00 4.490000000000000000e+02
2.129000000000000000e+03 0.000000000000000000e+00 1.364000000000000000e+03 2.507000000000000000e+03
1.323000000000000000e+03 0.000000000000000000e+00 4.143000000000000000e+03 5.340000000000000000e+02
2.129000000000000000e+03 1.574000000000000000e+03 0.000000000000000000e+00 2.297000000000000000e+03
