1.471389935468707085e-03
1.280000000000000000e+02
1.289836276759451662e-03
2.240000000000000000e+02
1.230011547318089760e-03
3.410000000000000000e+02
9.257984566195776380e-03
3.250000000000000000e+02
1.002081307049911517e-02
7.000000000000000000e+01
2.435921205847592017e-02
2.000000000000000000e+01
9.760986320372657364e-04
1.790000000000000000e+02
9.921136638938324662e-04
2.400000000000000000e+01
9.342331323310047947e-04
1.040000000000000000e+02
9.586718740285183130e-04
5.200000000000000000e+01
9.393185149400925952e-04
1.060000000000000000e+02
