5.200000000000000000e+02 9.800000000000000000e+02 5.260000000000000000e+02 3.974000000000000000e+03
2.250000000000000000e+02 7.890000000000000000e+02 3.507000000000000000e+03 1.479000000000000000e+03
7.040000000000000000e+02 1.720000000000000000e+02 3.457000000000000000e+03 1.667000000000000000e+03
2.517000000000000000e+03 2.602000000000000000e+03 0.000000000000000000e+00 8.810000000000000000e+02
4.280000000000000000e+02 2.001000000000000000e+03 3.570000000000000000e+03 1.000000000000000000e+00
8.790000000000000000e+02 1.861000000000000000e+03 3.258000000000000000e+03 2.000000000000000000e+00
4.760000000000000000e+03 3.690000000000000000e+02 7.120000000000000000e+02 1.590000000000000000e+02
1.459000000000000000e+03 1.447000000000000000e+03 1.679000000000000000e+03 1.415000000000000000e+03
1.469000000000000000e+03 1.446000000000000000e+03 1.658000000000000000e+03 1.427000000000000000e+03
1.450000000000000000e+03 1.378000000000000000e+03 1.740000000000000000e+03 1.432000000000000000e+03
1.436000000000000000e+03 1.365000000000000000e+03 1.771000000000000000e+03 1.428000000000000000e+03
