8.856167532100404395e-04
6.100000000000000000e+01
1.330640222370153228e-03
1.460000000000000000e+02
1.015600974837497800e-03
1.960000000000000000e+02
1.528182978047252887e-02
3.700000000000000000e+01
9.974066874773878950e-04
1.140000000000000000e+02
9.041088502567795181e-04
1.070000000000000000e+02
1.086354043497506474e-03
1.100000000000000000e+02
1.617739858446767473e-02
2.800000000000000000e+01
2.241797627345695765e-02
6.700000000000000000e+01
9.401024147088469672e-04
6.300000000000000000e+01
