6.611931639676167649e-02
-8.663746404600858320e-02
-1.258128289476733719e-01
-1.193793637282083431e-01
-1.367345636348745175e-01
-1.799507277356439672e-01
-1.989145210955803600e-01
-1.975631412213886551e-01
-2.165596815011803233e-01
-2.317510947438005120e-01
-2.310039336256415055e-01
-1.907097241818967726e-01
-1.907487720305178769e-01
-1.907457806383492105e-01
-2.107352050357799433e-01
-2.089010965284571197e-01
-1.984554396783405061e-01
-1.745872564592586274e-01
-1.779720541471897788e-01
-1.718979806157587831e-01
-2.232454207440043858e-01
-2.266326070322545183e-01
-2.265206403212899899e-01
1.372505326719515861e-01
-1.084372404295196740e-01
-1.080705534373554016e-01
-1.083784829939965499e-01
-1.085286679417348382e-01
-1.110164637352655803e-01
-1.117733936788255639e-01
-1.432060812301637343e-01
-1.431882892617630521e-01
-1.432694764981811697e-01
-1.386461927700921859e-01
-1.379507309757012357e-01
-1.218542990524503211e-01
-1.212200356437299897e-01
-6.205612108654706000e-02
-6.187685319131131650e-02
-6.186713887335772849e-02
-5.937973497190836975e-02
