1.985054654693977128e+00
3.800000000000000000e+01
1.706285333838457596e+00
1.010000000000000000e+02
5.549219564050071440e+00
3.000000000000000000e+00
4.600268974263997390e-01
1.000000000000000000e+01
5.127168619821036444e-01
1.010000000000000000e+02
4.002044187406555764e+00
1.010000000000000000e+02
4.585963717818721253e-01
1.010000000000000000e+02
2.904325910392819399e+00
1.010000000000000000e+02
7.475173393744581896e-01
8.000000000000000000e+00
2.414544549542312624e-01
1.010000000000000000e+02
3.595310217383627105e+01
1.010000000000000000e+02
5.117245548133592115e-01
1.010000000000000000e+02
5.143374862032151079e-02
1.000000000000000000e+00
1.978873179308441754e+00
1.010000000000000000e+02
7.917936300604639932e-01
1.010000000000000000e+02
6.995345589884816029e-01
7.000000000000000000e+00
1.342682079407883089e-01
1.000000000000000000e+00
6.939503885461206778e-01
1.010000000000000000e+02
4.106669877312252304e-01
3.000000000000000000e+00
9.259398659577017243e-02
1.000000000000000000e+00
9.470569309138976433e-02
1.000000000000000000e+00
1.669306472114643128e-02
2.000000000000000000e+00
6.580782429595728011e+00
1.700000000000000000e+01
1.922468364768438320e+01
3.000000000000000000e+01
6.208952316887740963e+00
1.010000000000000000e+02
3.398479968290563785e-02
1.000000000000000000e+00
1.388267857258687343e-01
1.010000000000000000e+02
1.459681699541178101e+00
4.000000000000000000e+00
1.375437407054805883e-01
1.000000000000000000e+00
2.556263758642688955e-01
6.000000000000000000e+00
1.288773071440697977e-03
1.000000000000000000e+00
9.472250642346005667e-02
1.000000000000000000e+00
1.882655190642273783e-04
1.000000000000000000e+00
5.847873186294250125e-02
1.000000000000000000e+00
1.084802301857214779e+01
1.200000000000000000e+01
6.138333921160188389e-01
2.800000000000000000e+01
6.155257581592032956e+00
2.200000000000000000e+01
2.791616697317900533e-02
1.000000000000000000e+00
3.075436571131432983e-01
1.100000000000000000e+01
6.621897632746231999e-02
3.000000000000000000e+00
