2.245853364274657815e-01
4.306737839233199527e-01
4.935385308575561794e+03
6.330309600878467613e-01
1.005612374187883074e+00
1.648929470592910507e+00
9.325337951783876367e-01
2.393079072908226301e-01
1.486428121056664400e-02
3.799395129783325912e-04
2.998590062250353627e-01
1.016290932799212288e-01
8.039199039090433985e+00
7.719001427741957855e+00
7.885752397941457659e+00
3.227463401813975175e+00
5.958347235322640489e-02
1.255843476052317985e-03
2.233133489644018965e+01
1.331878293847253735e+04
1.685182992732215279e+00
5.264015421547449023e+02
1.131129507331680023e-01
1.453825632754294217e-01
3.191101346572327202e+01
7.914040468233214831e+00
3.107652600223848260e+00
1.593309394131602885e-01
4.653986787355806598e+01
2.948488574882105695e+00
2.805122689634192978e-02
1.666083284101464420e-03
1.255534984772282373e-03
6.631142172263858152e-03
8.186437179572144882e-04
4.045520852707300274e-02
9.466047953433676110e-01
2.334919919381142368e-03
1.802902730360667755e-02
4.640724860110350569e+00
5.190660278973515014e-03
2.067070559539872576e+01
8.754817113870780076e+01
2.169012074761245048e-03
4.194265487003212556e+00
1.229421304910727165e-03
8.885664712969625345e-01
1.624283770261213888e+01
1.794746553403446798e+00
7.881795233182400963e-07
1.077134618016845427e-04
1.950929320519183875e+03
6.146125086168012508e-03
8.993179375912988254e-04
3.182746137356914223e-02
2.421121626673038207e+01
2.575626202585278435e+01
7.197597371041205162e-04
1.411238049119650384e+02
5.733380579401353705e-02
5.623921828621534587e+03
1.209154672466468128e-01
1.806276788453525572e+00
3.823577187830345281e+01
9.526656594410638779e-02
1.454901719991429232e+01
5.438582926655085095e-03
1.323484376072754287e+01
2.071502509548645321e+01
4.842441706016737868e+01
