-4.978679717845562180e-01 -1.724282075504357525e-01
1.321946960652948810e+00 -8.778584179213717587e-01
-2.999313751095930680e+00 4.221374671559283143e-02
-1.186004564208961387e+00 5.828152137158222335e-01
-2.119464655097321959e+00 -1.100619177212921240e+00
-2.445968431387213204e+00 1.144723709839614134e+00
-1.882438731733974580e+00 9.015907205927955470e-01
-9.266356377417137580e-01 5.024943389018682316e-01
-6.193951546159803812e-01 9.008559492644118150e-01
2.329004040201416714e-01 -6.837278591743330969e-01
-4.848329135802309509e-01 -1.228902255186481718e-01
1.111317002380556751e+00 -9.357694342590687775e-01
-1.773286501610895405e+00 -2.678880796260159070e-01
2.268704618345672941e+00 5.303554667381860099e-01
-2.835674440812443020e+00 -6.916607517253090531e-01
1.022805061070413579e+00 -3.967535268559773676e-01
-4.961711857972384010e-01 -6.871727001195994111e-01
3.521389706745097214e-01 -8.452056414987195732e-01
-2.157678368428597615e+00 -6.712461308368190549e-01
-1.811391065490727259e+00 -1.266459891890136039e-02
1.804467412053219810e+00 -1.117310348635277784e+00
2.809569454316385162e+00 2.344156978170921501e-01
-1.119454931044542967e+00 1.659802177109870547e+00
1.153935694015884472e+00 7.420441605773355764e-01
2.258334913776229413e+00 -1.918355523616149250e-01
2.367639981023083706e+00 -8.876289640848362694e-01
-2.489734731781332755e+00 -7.471582937508376432e-01
-2.765671300602705607e+00 1.692454601027746586e+00
-1.981017482612586589e+00 5.080775477602896689e-02
2.268855020576478587e+00 -6.369956465693533687e-01
7.810464694228966831e-01 7.364005495071683782e-01
3.214454443501538194e-01 9.210521242064838576e-01
3.583427151465824467e-01 -6.567456252447977372e-01
4.134544367999092862e-01 9.678159816958855632e-01
3.410618893742339286e-01 2.093487871873010775e+00
-6.206958486941361874e-01 -3.848505153028621284e-01
-1.114066777851208334e+00 -4.765525170236609154e-01
4.675433944375403383e-01 2.037490513135803649e+00
-9.309712788443252895e-01 -1.832197057885824432e+00
2.897740102875816515e+00 -1.191416127595059438e+00
2.874286330827309777e-01 -5.824010828287293773e-01
2.708385591644785428e+00 6.939249984999366072e-01
2.848446741379764280e+00 -3.629419608276868714e-01
5.086790755542056619e-01 -1.528142426477689275e+00
-2.543574344419075928e+00 1.083827073664933582e+00
-6.287009485733099368e-01 2.068916714822873537e+00
-1.874206008010947055e+00 -1.463462253839345584e+00
-2.918524384042315845e+00 1.045152581064683339e+00
-7.722435398686536834e-01 -1.812872423227406549e-01
-1.648009520710351505e-02 6.738251500121508752e-02
-1.882296757123912978e-01 1.629281026260671617e+00
1.040979024835931188e+00 -1.289372207883982858e-02
-8.848014838062249199e-01 8.466162694473888806e-01
-3.527402928058760434e-01 9.387894580560723901e-01
5.946167675841579348e-01 -1.257952848590087713e+00
2.914253817380658251e+00 -6.674340947981224348e-01
3.000000000000107025e+00 8.539565191893270235e-01
2.597531793138568856e-01 -1.335873158917193937e+00
9.373753252457217577e-01 2.794149348070678468e-02
1.199550848175548357e+00 -1.861365171125926921e+00
-2.379536599848917522e+00 3.684047863583495702e-02
-1.078084128174461753e+00 -1.391711328139880077e+00
2.389230276102822792e+00 9.478711132660443406e-01
-2.654090959149267626e+00 4.662570420975549745e-01
6.506471261003683448e-01 -7.076247851163256497e-01
-3.000000000000000000e+00 1.005182528654199103e+00
-3.981428787467963804e-01 -6.470903800878775591e-01
-1.917188775653902555e+00 -4.148328471697271258e-01
-2.798071207639047042e+00 5.629785286137439781e-01
-2.947816718489999044e+00 3.176272334893706639e-01
