8.815847106903976771e-01
4.555976503379129960e-01
-1.509095249404934407e+02
-3.596166770461575624e+00
-4.588506261188896040e+00
-5.594711446213279871e+00
-3.292484788920326366e+00
-2.108369901739639563e+00
-1.470733482798450620e+00
6.062185889564462027e-01
7.242573649294533622e-01
1.971595302661573457e-01
1.538465634772244517e+00
-9.921144385192162574e+00
-2.976605615066502786e+00
4.034211917268263892e-01
5.840333537981474699e-01
7.763866374220939059e-01
-1.215019186857962286e+00
-6.414314008741268935e+01
-2.823535704269816371e+00
-2.157347079726055128e+01
-2.735578709781933071e+00
-2.537137795357533143e+00
1.959094752554618069e+00
-6.201986108293939814e+00
-3.308561303556132316e+00
-9.986011342731949014e+00
-1.499229551526270043e+01
-2.423249636210309088e+00
-1.654064240143676034e+00
-1.070795715033738604e+00
5.781994054328835064e-01
-1.169376895225450852e+00
-2.209255022788609413e+00
5.343162914724434165e-01
-8.884576565950406957e-02
-2.156267128163083857e+00
1.445571357560955006e+00
-8.534203146055123312e+00
5.447722414340647745e-01
-9.730795255343567263e+00
-6.480334206418764786e+00
1.385169750446447745e+00
-7.433788660318145780e+00
-2.422662158596462056e+00
-2.503533431295751566e+00
-1.149080520063703759e+01
-7.990764921878618088e-01
-6.816475429745627590e-02
-1.663860602766702668e+00
4.358883531762693053e+01
-1.304530897878300566e+00
-9.805354136736343929e-01
1.069303973972529631e+00
-5.284976537992223555e+00
-1.629625607214539684e+01
1.231245922650542113e+00
-1.481894726607741930e+01
7.091594919766579519e-01
-6.351740348155772153e-01
6.065765994433928998e-02
-3.694996184091560387e+00
7.016318424182598434e+00
4.346014599054423000e-01
-9.897859553227096541e+00
4.311918151450411796e-01
-2.651813005065934536e+00
-6.804559837340910633e+00
-1.111073776858009765e+01
