1.129000000000000000e+03 1.671000000000000000e+03 1.012000000000000000e+03 2.188000000000000000e+03
1.096000000000000000e+03 2.255000000000000000e+03 1.078000000000000000e+03 1.571000000000000000e+03
1.278000000000000000e+03 2.348000000000000000e+03 8.350000000000000000e+02 1.539000000000000000e+03
0.000000000000000000e+00 8.890000000000000000e+02 1.435000000000000000e+03 3.676000000000000000e+03
0.000000000000000000e+00 1.980000000000000000e+02 1.864000000000000000e+03 3.938000000000000000e+03
3.740000000000000000e+02 4.822000000000000000e+03 9.300000000000000000e+01 7.110000000000000000e+02
0.000000000000000000e+00 1.653000000000000000e+03 2.092000000000000000e+03 2.255000000000000000e+03
3.926000000000000000e+03 1.312000000000000000e+03 0.000000000000000000e+00 7.620000000000000000e+02
1.115000000000000000e+03 4.267000000000000000e+03 6.160000000000000000e+02 2.000000000000000000e+00
1.154000000000000000e+03 1.561000000000000000e+03 1.549000000000000000e+03 1.736000000000000000e+03
1.149000000000000000e+03 1.565000000000000000e+03 1.553000000000000000e+03 1.733000000000000000e+03
