1.500000000000000000e+03 1.500000000000000000e+03 1.500000000000000000e+03 1.500000000000000000e+03 3.300000000000000000e+02 3.770000000000000000e+02 3.140000000000000000e+02 3.760000000000000000e+02
1.738000000000000000e+03 9.400000000000000000e+02 1.233000000000000000e+03 2.089000000000000000e+03 3.200000000000000000e+02 3.320000000000000000e+02 3.100000000000000000e+02 3.460000000000000000e+02
1.284000000000000000e+03 2.040000000000000000e+03 1.391000000000000000e+03 1.285000000000000000e+03 3.640000000000000000e+02 3.210000000000000000e+02 3.570000000000000000e+02 3.430000000000000000e+02
1.241000000000000000e+03 7.190000000000000000e+02 1.804000000000000000e+03 2.236000000000000000e+03 3.570000000000000000e+02 3.750000000000000000e+02 3.150000000000000000e+02 3.610000000000000000e+02
6.460000000000000000e+02 2.432000000000000000e+03 8.420000000000000000e+02 2.080000000000000000e+03 3.270000000000000000e+02 3.540000000000000000e+02 3.470000000000000000e+02 3.380000000000000000e+02
1.123000000000000000e+03 8.530000000000000000e+02 2.953000000000000000e+03 1.071000000000000000e+03 3.450000000000000000e+02 3.570000000000000000e+02 3.390000000000000000e+02 3.630000000000000000e+02
3.702000000000000000e+03 1.002000000000000000e+03 9.520000000000000000e+02 3.440000000000000000e+02 3.420000000000000000e+02 3.560000000000000000e+02 3.400000000000000000e+02 3.630000000000000000e+02
2.781000000000000000e+03 1.247000000000000000e+03 5.100000000000000000e+01 1.921000000000000000e+03 3.520000000000000000e+02 3.550000000000000000e+02 3.400000000000000000e+02 3.620000000000000000e+02
1.810000000000000000e+03 1.836000000000000000e+03 1.971000000000000000e+03 3.830000000000000000e+02 3.440000000000000000e+02 3.570000000000000000e+02 3.390000000000000000e+02 3.630000000000000000e+02
6.200000000000000000e+01 1.836000000000000000e+03 1.846000000000000000e+03 2.256000000000000000e+03 3.450000000000000000e+02 3.560000000000000000e+02 3.400000000000000000e+02 3.630000000000000000e+02
1.333000000000000000e+03 3.500000000000000000e+01 6.410000000000000000e+02 3.991000000000000000e+03 3.430000000000000000e+02 3.560000000000000000e+02 3.400000000000000000e+02 3.630000000000000000e+02
2.336000000000000000e+03 2.730000000000000000e+03 5.850000000000000000e+02 3.490000000000000000e+02 3.470000000000000000e+02 3.590000000000000000e+02 3.400000000000000000e+02 3.640000000000000000e+02
1.050000000000000000e+02 3.157000000000000000e+03 5.700000000000000000e+01 2.681000000000000000e+03 3.440000000000000000e+02 3.560000000000000000e+02 3.400000000000000000e+02 3.630000000000000000e+02
2.466000000000000000e+03 5.810000000000000000e+02 2.599000000000000000e+03 3.540000000000000000e+02 3.520000000000000000e+02 3.590000000000000000e+02 3.360000000000000000e+02 3.660000000000000000e+02
