1.049000000000000000e+03 1.686000000000000000e+03 1.967000000000000000e+03 1.298000000000000000e+03
2.628000000000000000e+03 9.000000000000000000e+00 2.666000000000000000e+03 6.970000000000000000e+02
0.000000000000000000e+00 2.337000000000000000e+03 2.630000000000000000e+02 3.400000000000000000e+03
0.000000000000000000e+00 1.994000000000000000e+03 1.462000000000000000e+03 2.544000000000000000e+03
2.500000000000000000e+02 1.192000000000000000e+03 0.000000000000000000e+00 4.558000000000000000e+03
2.630000000000000000e+02 2.413000000000000000e+03 0.000000000000000000e+00 3.324000000000000000e+03
1.044000000000000000e+03 2.079000000000000000e+03 1.629000000000000000e+03 1.248000000000000000e+03
6.610000000000000000e+02 3.348000000000000000e+03 1.989000000000000000e+03 2.000000000000000000e+00
1.259000000000000000e+03 1.615000000000000000e+03 1.753000000000000000e+03 1.373000000000000000e+03
1.207000000000000000e+03 1.709000000000000000e+03 1.698000000000000000e+03 1.386000000000000000e+03
1.173000000000000000e+03 1.708000000000000000e+03 1.730000000000000000e+03 1.389000000000000000e+03
