-2.574299999999999855e+01
3.658295100000000244e-02
-3.725459999999999923e+02
4.686938839999999495e-01
-3.387869999999999777e+02
5.126256309999999150e-01
-1.615819999999999936e+02
2.105552760000000134e-01
-7.326200000000000045e+02
1.190907599999999844e+00
-5.104329999999999927e+02
7.897335109999998881e-01
-4.215599999999999881e+01
5.288766399999999396e-02
-9.401200000000000045e+01
1.087378559999999939e-01
-2.108999999999999986e+01
3.299990000000000562e-02
-2.459900000000000020e+01
3.599019900000000743e-02
-2.474299999999999855e+01
3.753495099999999696e-02
