1.287763675106685544e-03
1.240000000000000000e+02
9.739317321916635649e-04
7.400000000000000000e+01
1.158034653701764871e-03
2.510000000000000000e+02
5.035806564682909249e-03
7.200000000000000000e+01
1.244886191720061220e-03
1.910000000000000000e+02
9.390014167647493457e-03
1.410000000000000000e+02
5.527123531200619187e-03
4.000000000000000000e+01
8.160552776025620236e-03
1.590000000000000000e+02
3.265193637729507659e-02
1.500000000000000000e+01
3.113150345039806741e-02
2.500000000000000000e+01
