1.128969767739982331e-03
9.000000000000000000e+01
1.307459995802076396e-03
3.390000000000000000e+02
5.051188424138896606e-03
4.700000000000000000e+01
8.477437511173503693e-03
2.340000000000000000e+02
4.179447306600106611e-03
4.200000000000000000e+01
5.145291278298884559e-03
4.200000000000000000e+01
1.004309966593103188e-03
1.080000000000000000e+02
2.230869113539743140e-02
1.300000000000000000e+01
1.048397958104472236e-03
1.130000000000000000e+02
1.062548565412905262e-03
8.000000000000000000e+01
9.990775995052810464e-04
7.200000000000000000e+01
