1.332190346292834492e-03
1.660000000000000000e+02
1.339388197770640093e-03
1.660000000000000000e+02
1.337647168568494417e-03
1.660000000000000000e+02
1.312717759334583413e-03
1.720000000000000000e+02
1.057538217838449243e-02
2.400000000000000000e+01
1.239064472354254893e-03
9.500000000000000000e+01
1.198950189970430288e-03
1.390000000000000000e+02
1.206941589510307977e-03
1.560000000000000000e+02
1.208727478373699746e-03
1.560000000000000000e+02
1.208727514441806363e-03
1.560000000000000000e+02
1.059170849328349958e-03
5.000000000000000000e+01
