9.631037276709948419e-04
7.900000000000000000e+01
9.896108940155934688e-04
1.070000000000000000e+02
1.298983745011445630e-03
1.720000000000000000e+02
1.107461048428782591e-03
3.340000000000000000e+02
2.226912577002897534e-02
1.500000000000000000e+01
1.035365671924028466e-02
2.000000000000000000e+01
6.175760013733166270e-03
2.600000000000000000e+01
1.257019674826265893e-03
1.990000000000000000e+02
4.224386935072057739e-05
1.000000000000000000e+00
4.273928763893414425e-03
1.270000000000000000e+02
