4.630000000000000000e+02 1.058000000000000000e+03 2.582000000000000000e+03 1.897000000000000000e+03
4.620000000000000000e+02 1.058000000000000000e+03 2.583000000000000000e+03 1.897000000000000000e+03
4.640000000000000000e+02 1.061000000000000000e+03 2.583000000000000000e+03 1.892000000000000000e+03
4.730000000000000000e+02 1.067000000000000000e+03 2.616000000000000000e+03 1.844000000000000000e+03
3.794000000000000000e+03 0.000000000000000000e+00 1.480000000000000000e+03 7.260000000000000000e+02
3.610000000000000000e+02 1.717000000000000000e+03 2.808000000000000000e+03 1.114000000000000000e+03
3.760000000000000000e+02 1.703000000000000000e+03 2.770000000000000000e+03 1.151000000000000000e+03
3.770000000000000000e+02 1.703000000000000000e+03 2.770000000000000000e+03 1.150000000000000000e+03
3.770000000000000000e+02 1.703000000000000000e+03 2.770000000000000000e+03 1.150000000000000000e+03
3.770000000000000000e+02 1.703000000000000000e+03 2.770000000000000000e+03 1.150000000000000000e+03
9.770000000000000000e+02 1.360000000000000000e+03 2.053000000000000000e+03 1.610000000000000000e+03
