1.500000000000000000e+03 1.500000000000000000e+03 1.500000000000000000e+03 1.500000000000000000e+03
2.908000000000000000e+03 8.380000000000000000e+02 7.610000000000000000e+02 1.493000000000000000e+03
8.170000000000000000e+02 1.542000000000000000e+03 6.700000000000000000e+02 2.971000000000000000e+03
1.284000000000000000e+03 1.548000000000000000e+03 2.164000000000000000e+03 1.004000000000000000e+03
1.396000000000000000e+03 1.331000000000000000e+03 1.615000000000000000e+03 1.658000000000000000e+03
7.530000000000000000e+02 2.481000000000000000e+03 1.304000000000000000e+03 1.462000000000000000e+03
1.127000000000000000e+03 4.000000000000000000e+01 2.214000000000000000e+03 2.619000000000000000e+03
6.950000000000000000e+02 5.590000000000000000e+02 3.950000000000000000e+02 4.351000000000000000e+03
1.160000000000000000e+02 9.410000000000000000e+02 2.959000000000000000e+03 1.984000000000000000e+03
2.332000000000000000e+03 1.271000000000000000e+03 2.396000000000000000e+03 1.000000000000000000e+00
3.205000000000000000e+03 1.988000000000000000e+03 8.060000000000000000e+02 1.000000000000000000e+00
1.813000000000000000e+03 3.070000000000000000e+03 1.116000000000000000e+03 1.000000000000000000e+00
2.419000000000000000e+03 1.670000000000000000e+02 3.360000000000000000e+03 5.400000000000000000e+01
5.070000000000000000e+02 4.227000000000000000e+03 5.770000000000000000e+02 6.890000000000000000e+02
0.000000000000000000e+00 1.890000000000000000e+03 2.786000000000000000e+03 1.324000000000000000e+03
