1.277807542550165763e-03
2.410000000000000000e+02
1.040310346697985878e-03
8.100000000000000000e+01
1.032798108428061154e-03
4.900000000000000000e+01
1.045413859302645777e-03
3.800000000000000000e+01
9.755602337963183417e-04
6.700000000000000000e+01
9.714828910097892452e-04
3.900000000000000000e+01
1.007791599013873078e-03
3.900000000000000000e+01
1.006200859195389595e-03
3.900000000000000000e+01
9.667705713396532565e-04
3.200000000000000000e+01
9.657225013412967319e-04
3.200000000000000000e+01
1.151961219922248989e-03
3.100000000000000000e+01
