3.540000000000000000e+02 1.219000000000000000e+03 2.668000000000000000e+03 1.759000000000000000e+03
5.020000000000000000e+02 1.753000000000000000e+03 2.118000000000000000e+03 1.627000000000000000e+03
5.210000000000000000e+02 1.690000000000000000e+03 2.249000000000000000e+03 1.540000000000000000e+03
5.390000000000000000e+02 1.694000000000000000e+03 2.203000000000000000e+03 1.564000000000000000e+03
5.770000000000000000e+02 1.796000000000000000e+03 2.148000000000000000e+03 1.479000000000000000e+03
5.760000000000000000e+02 1.793000000000000000e+03 2.144000000000000000e+03 1.487000000000000000e+03
5.680000000000000000e+02 1.773000000000000000e+03 2.156000000000000000e+03 1.503000000000000000e+03
5.710000000000000000e+02 1.798000000000000000e+03 2.150000000000000000e+03 1.481000000000000000e+03
6.570000000000000000e+02 1.746000000000000000e+03 2.033000000000000000e+03 1.564000000000000000e+03
6.570000000000000000e+02 1.746000000000000000e+03 2.033000000000000000e+03 1.564000000000000000e+03
6.830000000000000000e+02 1.771000000000000000e+03 2.010000000000000000e+03 1.536000000000000000e+03
