-6.666899999999999693e+01
1.245934390000000003e-01
-3.543399999999999750e+01
5.303364400000000478e-02
-3.657399999999999807e+01
6.538252399999999742e-02
-3.463900000000000290e+01
5.610067900000000746e-02
-3.729899999999999949e+01
5.393559900000000074e-02
-3.864099999999999824e+01
5.996611899999999828e-02
-3.727400000000000091e+01
5.892292400000000152e-02
-3.851500000000000057e+01
6.058377499999999249e-02
-3.201700000000000301e+01
4.960871099999999284e-02
-3.242799999999999727e+01
5.061881599999999010e-02
-3.372200000000000131e+01
4.731071600000000266e-02
