2.579038856368858976e-02
3.900000000000000000e+01
1.164837633786506947e-03
1.280000000000000000e+02
1.226515362572856357e-03
1.310000000000000000e+02
1.128044857222827583e-03
1.780000000000000000e+02
1.096402958975873764e-03
1.320000000000000000e+02
1.121710100437136627e-03
1.440000000000000000e+02
4.445585870593551925e-02
1.000000000000000000e+01
1.085008327356736272e-03
1.420000000000000000e+02
9.434370478101769195e-03
6.600000000000000000e+01
4.686601686588506843e-02
3.000000000000000000e+00
