5.150000000000000000e+02 1.875000000000000000e+03 2.003000000000000000e+03 1.607000000000000000e+03
4.990000000000000000e+02 1.837000000000000000e+03 2.106000000000000000e+03 1.558000000000000000e+03
4.840000000000000000e+02 1.857000000000000000e+03 2.097000000000000000e+03 1.562000000000000000e+03
0.000000000000000000e+00 3.110000000000000000e+02 2.615000000000000000e+03 3.074000000000000000e+03
3.680000000000000000e+03 0.000000000000000000e+00 6.200000000000000000e+01 2.258000000000000000e+03
8.840000000000000000e+02 2.405000000000000000e+03 2.710000000000000000e+03 1.000000000000000000e+00
1.194000000000000000e+03 1.937000000000000000e+03 1.467000000000000000e+03 1.402000000000000000e+03
1.218000000000000000e+03 1.935000000000000000e+03 1.385000000000000000e+03 1.462000000000000000e+03
1.063000000000000000e+03 1.756000000000000000e+03 1.678000000000000000e+03 1.503000000000000000e+03
1.049000000000000000e+03 1.768000000000000000e+03 1.640000000000000000e+03 1.543000000000000000e+03
1.050000000000000000e+03 1.770000000000000000e+03 1.640000000000000000e+03 1.540000000000000000e+03
