1.257445050595719501e-03
1.070000000000000000e+02
1.133117296631053162e-03
8.300000000000000000e+01
1.112265354186332258e-03
1.800000000000000000e+02
1.125224333126365224e-03
1.820000000000000000e+02
1.114601660320412935e-03
5.100000000000000000e+01
1.032527619584470199e-03
4.900000000000000000e+01
3.895064578857559273e-02
9.000000000000000000e+00
1.230515462189766878e-03
1.230000000000000000e+02
1.090796062824222600e-03
1.150000000000000000e+02
1.171762302815066662e-03
9.700000000000000000e+01
