1.200306846633277750e-03
1.060000000000000000e+02
1.268686332027387344e-03
8.900000000000000000e+01
1.258237757354726183e-03
1.320000000000000000e+02
7.286481180280026185e-03
5.800000000000000000e+01
1.154643132221351912e-02
3.300000000000000000e+01
2.475126866658929059e-02
1.900000000000000000e+01
8.888857505135045996e-04
3.000000000000000000e+01
1.068302253171055224e-03
6.100000000000000000e+01
9.089040600351508794e-04
2.600000000000000000e+01
9.806897898275190092e-04
2.800000000000000000e+01
9.053593261668071079e-04
4.100000000000000000e+01
