1.186192077085112141e-03
9.300000000000000000e+01
1.222584260888155997e-03
1.980000000000000000e+02
9.848289716987929186e-04
2.220000000000000000e+02
8.527254254786668930e-03
5.500000000000000000e+01
7.060172497897746445e-03
7.400000000000000000e+01
1.319484910730651592e-02
1.110000000000000000e+02
2.993870965136730122e-02
4.500000000000000000e+01
4.964670888380350727e-02
2.200000000000000000e+01
4.461480321729358045e-02
7.000000000000000000e+00
2.615494459577770436e-02
2.000000000000000000e+01
