1.500000000000000000e+03 1.500000000000000000e+03 1.500000000000000000e+03 1.500000000000000000e+03
1.314000000000000000e+03 6.070000000000000000e+02 3.155000000000000000e+03 9.240000000000000000e+02
1.527000000000000000e+03 1.520000000000000000e+03 2.331000000000000000e+03 6.220000000000000000e+02
2.334000000000000000e+03 6.110000000000000000e+02 1.301000000000000000e+03 1.754000000000000000e+03
2.656000000000000000e+03 1.214000000000000000e+03 5.340000000000000000e+02 1.596000000000000000e+03
5.220000000000000000e+02 1.458000000000000000e+03 1.134000000000000000e+03 2.886000000000000000e+03
1.361000000000000000e+03 1.800000000000000000e+01 1.700000000000000000e+01 4.604000000000000000e+03
9.660000000000000000e+02 3.135000000000000000e+03 1.436000000000000000e+03 4.630000000000000000e+02
0.000000000000000000e+00 1.731000000000000000e+03 2.840000000000000000e+03 1.429000000000000000e+03
1.411000000000000000e+03 2.442000000000000000e+03 0.000000000000000000e+00 2.147000000000000000e+03
9.890000000000000000e+02 0.000000000000000000e+00 2.077000000000000000e+03 2.934000000000000000e+03
0.000000000000000000e+00 2.820000000000000000e+03 1.159000000000000000e+03 2.021000000000000000e+03
0.000000000000000000e+00 3.510000000000000000e+02 2.883000000000000000e+03 2.766000000000000000e+03
6.330000000000000000e+02 1.409000000000000000e+03 3.957000000000000000e+03 1.000000000000000000e+00
0.000000000000000000e+00 8.390000000000000000e+02 5.050000000000000000e+02 4.656000000000000000e+03
