1.263000000000000000e+03 3.150000000000000000e+02 3.338000000000000000e+03 1.084000000000000000e+03
1.444000000000000000e+03 2.907000000000000000e+03 0.000000000000000000e+00 1.649000000000000000e+03
1.533000000000000000e+03 2.475000000000000000e+03 1.991000000000000000e+03 1.000000000000000000e+00
0.000000000000000000e+00 6.130000000000000000e+02 3.175000000000000000e+03 2.212000000000000000e+03
1.043000000000000000e+03 4.018000000000000000e+03 9.370000000000000000e+02 2.000000000000000000e+00
0.000000000000000000e+00 4.948000000000000000e+03 5.590000000000000000e+02 4.930000000000000000e+02
3.330000000000000000e+02 1.746000000000000000e+03 3.919000000000000000e+03 2.000000000000000000e+00
1.321000000000000000e+03 1.545000000000000000e+03 1.557000000000000000e+03 1.577000000000000000e+03
1.315000000000000000e+03 1.565000000000000000e+03 1.520000000000000000e+03 1.600000000000000000e+03
1.278000000000000000e+03 1.604000000000000000e+03 1.525000000000000000e+03 1.593000000000000000e+03
1.206000000000000000e+03 1.426000000000000000e+03 1.368000000000000000e+03 2.000000000000000000e+03
