1.041528120130565333e-03
1.000000000000000000e+02
1.139266296274984687e-03
1.220000000000000000e+02
1.077456791202213195e-03
7.800000000000000000e+01
1.121667374350380575e-03
1.710000000000000000e+02
2.698793322338238765e-02
4.400000000000000000e+01
2.138496355812194525e-03
2.100000000000000000e+01
1.103127596202640830e-03
2.170000000000000000e+02
1.663296849130163971e-02
8.700000000000000000e+01
1.861957435390027005e-02
2.500000000000000000e+01
5.820209349800773216e-03
6.500000000000000000e+01
