-1.998720000000000141e+02
3.355136159999999590e-01
-3.752200000000000273e+02
4.217975999999999948e-01
-9.289499999999999602e+01
1.259759750000000178e-01
-2.594820000000000277e+02
4.568276760000000158e-01
-8.748699999999999477e+01
1.005218310000000059e-01
-1.805980000000000132e+02
1.897823959999999643e-01
-3.764150000000000205e+02
7.075367750000000067e-01
-1.932199999999999918e+01
3.109631599999999885e-02
-1.912000000000000099e+01
3.087360000000000104e-02
-1.850600000000000023e+01
3.125796399999999919e-02
-1.443500000000000050e+01
2.388377499999999945e-02
