-3.712400000000000233e+01
5.162262399999999196e-02
-3.968099999999999739e+01
4.690723900000000335e-02
-2.267800000000000082e+01
3.443431599999999260e-02
-2.095299999999999940e+01
3.474479099999999709e-02
-1.830699999999999861e+01
2.830675099999999805e-02
-1.807700000000000173e+01
2.891107099999999999e-02
-1.903200000000000003e+01
3.016497599999999960e-02
-4.700550000000000068e+02
6.716719750000000877e-01
-1.780300000000000082e+01
2.760219099999999814e-02
-1.711299999999999955e+01
2.591223099999999738e-02
-1.492399999999999949e+01
2.295822400000000277e-02
