1.159814675019853712e-03
1.700000000000000000e+02
1.029007147117009732e-03
5.400000000000000000e+01
9.749674719892781512e-04
5.100000000000000000e+01
2.011203439438336016e-03
3.300000000000000000e+01
1.363774546248626516e-03
3.200000000000000000e+01
1.692094347098803582e-03
3.000000000000000000e+01
1.975000313686983266e-03
4.400000000000000000e+01
4.870048327354830481e-02
1.400000000000000000e+01
9.764933621385376260e-04
3.200000000000000000e+01
1.020911218670820381e-03
2.700000000000000000e+01
8.732879464058856695e-04
3.800000000000000000e+01
