1.141660226026231005e-03
2.050000000000000000e+02
1.561969471113935914e-03
9.600000000000000000e+01
1.044050685820127611e-03
1.360000000000000000e+02
4.185209711801399224e-02
1.900000000000000000e+01
4.591397598988895476e-03
4.200000000000000000e+01
1.018020250500055977e-02
1.150000000000000000e+02
3.273819313850168805e-02
2.500000000000000000e+01
2.425389909652940143e-02
3.700000000000000000e+01
1.069771966021707465e-03
1.280000000000000000e+02
1.037488234191974012e-03
6.400000000000000000e+01
