8.830000000000000000e+02 1.952000000000000000e+03 1.816000000000000000e+03 1.349000000000000000e+03
1.240000000000000000e+03 2.064000000000000000e+03 1.074000000000000000e+03 1.622000000000000000e+03
6.620000000000000000e+02 1.698000000000000000e+03 1.695000000000000000e+03 1.945000000000000000e+03
1.296000000000000000e+03 1.531000000000000000e+03 1.778000000000000000e+03 1.395000000000000000e+03
1.233000000000000000e+03 1.476000000000000000e+03 1.743000000000000000e+03 1.548000000000000000e+03
1.231000000000000000e+03 1.478000000000000000e+03 1.737000000000000000e+03 1.554000000000000000e+03
1.251000000000000000e+03 1.490000000000000000e+03 1.714000000000000000e+03 1.545000000000000000e+03
0.000000000000000000e+00 1.609000000000000000e+03 2.520000000000000000e+02 4.139000000000000000e+03
1.198000000000000000e+03 1.477000000000000000e+03 1.716000000000000000e+03 1.609000000000000000e+03
1.136000000000000000e+03 1.430000000000000000e+03 1.776000000000000000e+03 1.658000000000000000e+03
1.120000000000000000e+03 1.423000000000000000e+03 1.585000000000000000e+03 1.872000000000000000e+03
