-4.750999999999999801e+01
9.055189999999999073e-02
-8.770699999999999363e+01
9.577515100000000281e-02
-8.820699999999999363e+01
9.793215099999999507e-02
-8.717300000000000182e+01
8.921907100000001090e-02
-5.677010000000000218e+02
7.288135989999999786e-01
-1.541300000000000026e+01
2.485843100000000028e-02
-6.086760000000000446e+02
6.467850240000000417e-01
-1.788500000000000156e+01
2.572777500000000134e-02
-4.552429999999999950e+02
5.391959510000000622e-01
-1.837500000000000000e+01
2.834237499999999951e-02
-1.834900000000000020e+01
3.323919899999999705e-02
