1.060505966677741324e-03
8.100000000000000000e+01
6.724674428354566157e-03
7.000000000000000000e+01
1.213122736118676416e-02
2.200000000000000000e+01
2.524095041115193786e-03
9.400000000000000000e+01
3.076110226054645444e-03
1.120000000000000000e+02
9.124671220744423605e-03
7.100000000000000000e+01
4.480669536531810965e-02
1.700000000000000000e+01
3.379400000909287688e-03
6.200000000000000000e+01
2.010027428131112501e-02
3.400000000000000000e+01
8.704493751063611257e-03
5.800000000000000000e+01
