1.197000000000000000e+03 1.233000000000000000e+03 9.340000000000000000e+02 2.636000000000000000e+03
7.540000000000000000e+02 4.028000000000000000e+03 1.217000000000000000e+03 1.000000000000000000e+00
7.380000000000000000e+02 3.784000000000000000e+03 1.477000000000000000e+03 1.000000000000000000e+00
2.430000000000000000e+02 4.533000000000000000e+03 1.214000000000000000e+03 1.000000000000000000e+01
2.861000000000000000e+03 1.485000000000000000e+03 0.000000000000000000e+00 1.654000000000000000e+03
1.078000000000000000e+03 1.568000000000000000e+03 1.521000000000000000e+03 1.833000000000000000e+03
2.870000000000000000e+02 0.000000000000000000e+00 2.770000000000000000e+02 5.436000000000000000e+03
1.079000000000000000e+03 1.663000000000000000e+03 1.503000000000000000e+03 1.755000000000000000e+03
7.580000000000000000e+02 8.770000000000000000e+02 4.364000000000000000e+03 1.000000000000000000e+00
1.006000000000000000e+03 1.662000000000000000e+03 1.591000000000000000e+03 1.741000000000000000e+03
1.314000000000000000e+03 1.413000000000000000e+03 1.532000000000000000e+03 1.741000000000000000e+03
