9.350000000000000000e+02 1.327000000000000000e+03 1.542000000000000000e+03 2.196000000000000000e+03
1.079000000000000000e+03 2.041000000000000000e+03 5.690000000000000000e+02 2.311000000000000000e+03
0.000000000000000000e+00 2.702000000000000000e+03 2.254000000000000000e+03 1.044000000000000000e+03
1.185000000000000000e+03 1.286000000000000000e+03 1.786000000000000000e+03 1.743000000000000000e+03
1.128000000000000000e+03 1.268000000000000000e+03 2.138000000000000000e+03 1.466000000000000000e+03
1.260000000000000000e+03 9.670000000000000000e+02 2.198000000000000000e+03 1.575000000000000000e+03
1.260000000000000000e+03 9.680000000000000000e+02 2.198000000000000000e+03 1.574000000000000000e+03
1.205000000000000000e+03 1.531000000000000000e+03 1.639000000000000000e+03 1.625000000000000000e+03
1.195000000000000000e+03 1.568000000000000000e+03 1.606000000000000000e+03 1.631000000000000000e+03
1.210000000000000000e+03 1.613000000000000000e+03 1.602000000000000000e+03 1.575000000000000000e+03
1.230000000000000000e+03 1.591000000000000000e+03 1.614000000000000000e+03 1.565000000000000000e+03
