1.057317745089927799e-03
4.400000000000000000e+01
1.069877993524278800e-03
1.590000000000000000e+02
1.419781233902398703e-03
1.970000000000000000e+02
8.968113017124142161e-03
1.590000000000000000e+02
4.939249001467946147e-03
1.390000000000000000e+02
1.003714493388596423e-03
5.050000000000000000e+02
3.222337530172906042e-03
2.630000000000000000e+02
1.895680363602434554e-02
3.650000000000000000e+02
2.306166304291338773e-02
5.000000000000000000e+01
1.203990709227730199e-03
8.700000000000000000e+01
