-1.669999999999999929e+01
3.077399999999999927e-02
-4.425800000000000267e+01
5.993543600000000166e-02
-1.903640000000000043e+02
2.523415039999999943e-01
-1.572499999999999964e+01
2.553737500000000105e-02
-2.439699999999999847e+01
4.033139100000000116e-02
-2.859799999999999898e+01
4.847639599999999799e-02
-2.803000000000000114e+01
4.593110000000000248e-02
-1.698400000000000176e+01
2.629374400000000084e-02
-1.701699999999999946e+01
2.793871099999999802e-02
-1.862900000000000134e+01
3.124735899999999886e-02
-1.805699999999999861e+01
2.841975099999999657e-02
