1.139473425132035266e-03
8.100000000000000000e+01
1.029408411743339613e-03
9.000000000000000000e+01
1.319421044739588905e-02
5.100000000000000000e+01
1.052687640389146943e-03
9.100000000000000000e+01
1.261409446183803023e-03
7.300000000000000000e+01
1.289611765615493282e-03
7.200000000000000000e+01
1.295025423007628270e-03
1.230000000000000000e+02
1.003102812546063059e-03
5.300000000000000000e+01
1.022983688799663452e-03
5.500000000000000000e+01
1.036787881645065499e-03
4.000000000000000000e+01
1.045369010681107243e-03
4.200000000000000000e+01
