1.500000000000000000e+03 1.500000000000000000e+03 1.500000000000000000e+03 1.500000000000000000e+03
2.682000000000000000e+03 5.670000000000000000e+02 6.330000000000000000e+02 2.118000000000000000e+03
2.730000000000000000e+03 6.860000000000000000e+02 1.720000000000000000e+03 8.640000000000000000e+02
1.607000000000000000e+03 2.155000000000000000e+03 1.588000000000000000e+03 6.500000000000000000e+02
3.499000000000000000e+03 9.920000000000000000e+02 5.230000000000000000e+02 9.860000000000000000e+02
6.240000000000000000e+02 8.710000000000000000e+02 2.078000000000000000e+03 2.427000000000000000e+03
8.360000000000000000e+02 2.545000000000000000e+03 2.900000000000000000e+01 2.590000000000000000e+03
6.870000000000000000e+02 5.400000000000000000e+01 1.280000000000000000e+02 5.131000000000000000e+03
1.614000000000000000e+03 1.242000000000000000e+03 0.000000000000000000e+00 3.144000000000000000e+03
0.000000000000000000e+00 2.393000000000000000e+03 2.631000000000000000e+03 9.760000000000000000e+02
8.080000000000000000e+02 4.946000000000000000e+03 2.300000000000000000e+01 2.230000000000000000e+02
1.236000000000000000e+03 0.000000000000000000e+00 3.591000000000000000e+03 1.173000000000000000e+03
0.000000000000000000e+00 3.678000000000000000e+03 2.320000000000000000e+02 2.090000000000000000e+03
1.998000000000000000e+03 3.694000000000000000e+03 3.060000000000000000e+02 2.000000000000000000e+00
8.830000000000000000e+02 2.019000000000000000e+03 1.360000000000000000e+03 1.738000000000000000e+03
