-8.205344951434966561e+01
-1.125626727054192600e+02
-7.293003323632511581e+01
-1.072414732624491762e+02
-9.532418783207883450e+01
-9.683859897615269574e+01
-6.212895608752643284e+01
-1.054837556989981664e+02
-8.699132167636345514e+01
-1.017280139842154512e+02
-3.611538993215847881e+01
-9.832477810487485215e+01
-9.212723328570314152e+01
-1.050156148481404728e+02
-1.111488751066047058e+02
-6.894376160683444255e+01
-9.274387743452533073e+01
-9.188944405208386002e+01
-1.021200009435855947e+02
-1.014291765810939552e+02
-9.215108073935320476e+01
-7.879770642178947071e+01
-1.060404051709863467e+02
-8.791058154217310516e+01
-1.079230507086305408e+02
-4.316335988998552864e+01
-9.898641477461038107e+01
-8.414372961609313961e+01
-8.478614036667181608e+01
-6.719578475411886131e+01
-1.124709381285762220e+02
-1.055849505294552415e+02
-6.412293361916201206e+01
-7.200095335527733198e+01
-1.151154255189447611e+02
-7.912843344870442763e+01
-8.341201077401970565e+01
-8.768839911735037163e+01
-8.289796589361797885e+01
-9.963851962863424205e+01
-8.395229221064576564e+01
-1.080964139571042608e+02
-8.990214365296125720e+01
-6.382623923896295537e+01
-1.131612584527692036e+02
-5.552794821212714282e+01
-9.276216129698642021e+01
-8.479865960215390430e+01
-6.087589519125685911e+01
-8.765918137883527095e+01
-1.052433473821346297e+02
-6.202812513495646840e+01
-5.975366100029183514e+01
-9.573435691686006521e+01
-1.086489508600761269e+02
-9.954549261366514656e+01
-5.710673170956927436e+01
-1.129980032867230051e+02
-7.767779498361667834e+01
-1.101285792612190448e+02
-9.818512659475081250e+01
-9.443856824252819138e+01
-6.926255249752635734e+01
-9.498445088611180154e+01
-1.267482126110372178e+02
-6.762159354274562872e+01
-8.795493622608539397e+01
-6.879699926607503357e+01
-1.232111957836578284e+02
-8.566375565622490740e+01
-1.059574250763215986e+02
-4.842929607444113316e+01
-9.094361433894337665e+01
-1.059836918968122603e+02
-9.325959723277500757e+01
-6.692425232774377264e+01
-8.272464146917150174e+01
-7.218653469772094411e+01
-1.160210168250024907e+02
-7.228291537730117966e+01
-7.515219063547542078e+01
-1.109684756461168718e+02
-1.027270472090403501e+02
-1.246910252534153187e+02
-1.128022705037343769e+02
-1.118195127364572272e+02
-8.421386794409343679e+01
-1.144242993070616734e+02
-7.680963145287216776e+01
-1.119494949782089748e+02
-4.090581577674653602e+01
-8.231526545223759683e+01
-9.805792864734193870e+01
-6.951410613981633446e+01
-1.013617061898803655e+02
-1.071957227446018521e+02
-5.152909601123874950e+01
-6.042127226493598613e+01
-1.068970663932014276e+02
-1.059831214174999161e+02
