6.682902248962335756e-01
1.372518381486127759e-02
7.534225758320499400e-02
8.757158926826856538e-02
8.180759968444878405e-02
5.129406921537049691e-01
8.418351538535141787e-02
9.437746842543277837e-02
5.265672374287142521e-01
5.059479971714445634e-01
4.755425090661651866e-01
2.986318178916795921e-02
1.217097439257700114e-01
3.235258254695903835e-02
1.397423066625234633e-01
1.154725284791531525e-01
4.048067374324992168e-02
5.082177478358621547e-01
6.410798756502904261e-02
8.150774857174346300e-02
1.664161605052384696e-01
6.447690446069818948e-02
1.453543848996551868e-01
8.797605427921066645e-02
6.564917731139148505e-02
1.313184953444133662e-01
4.662133914240498139e-02
5.747778089094569831e-02
6.258803120236196282e-02
2.290322195537642380e-01
6.689808911903427635e-02
3.646676369497568460e-01
6.114765740936015104e-02
8.989270721549638687e-02
1.161157079490075628e+00
1.311213212372634718e-01
6.241461774944324914e-02
1.440094781239157073e-01
5.485528386396449907e-01
9.181582091293447045e-02
8.795791702893882014e-02
2.784783510027272202e-01
5.931886892876208489e-02
4.243436710772295339e-01
2.617449088966859738e-02
1.258680629113997362e-01
5.364570106666042421e-02
6.032247151707662014e-02
5.751336571504159223e-02
1.168833426793615404e-01
4.373167063981316799e-02
4.089985227631118825e-01
1.736965019287712575e-01
8.907342834142602250e-02
4.379881267655820476e-02
1.661524406933993780e-01
8.283445938597697178e-02
5.569381129890406401e-02
1.893493240241333753e-01
2.969543890775824813e-02
2.927380930706054152e-02
2.242507761334923799e+00
9.258375059739971935e-02
6.470982633864839906e-02
6.638095816981166852e-02
6.517747262488583770e-02
6.671948122245793811e-02
8.670698060940665308e-02
4.586871141910614513e-02
6.855749222669188514e-02
8.908596793961883753e-01
7.743196091083237587e-02
2.135570510612288531e-01
5.717551924343575870e-02
1.859812314256718835e-01
1.113763183053920469e-01
6.857045135678238590e-02
2.257583362395348681e-01
9.088867958348301190e-02
9.422891470418565119e-02
9.542896361316409448e-02
1.354881263661772417e-01
2.026810838976629281e-01
1.887658924500544011e-01
1.554158626064321702e-01
1.719032789486234780e-01
7.431991148579430995e-01
3.131844753376401141e-02
7.337161211009257666e-02
2.548529080697582438e-01
3.979293450536541821e-01
9.074889679554647148e-02
6.050600449164873079e-02
8.208034418666360077e-02
3.732060843092001312e-02
6.950950987605103437e-02
5.227220709930888859e-02
1.106809958644563718e-01
1.617633994738424674e-01
5.967289873941503814e-02
