-7.816397519181199982e+01
-1.132263111520079804e+02
-6.581006081688948939e+01
-1.070572775616931693e+02
-9.419435797076410211e+01
-8.768138504910164954e+01
-5.270866106441438603e+01
-1.046283598499668557e+02
-7.949547080421773160e+01
-1.004487178481494851e+02
-6.395022671236138478e+01
-9.139160406450906748e+01
-5.931866690942187859e+01
-1.130738083340824147e+02
-1.139508417647103187e+02
-5.791433137445358170e+01
-1.034285370593373443e+02
-9.541477724504645153e+01
-1.011870912353326872e+02
-9.844791301863210720e+01
-9.055222639079190117e+01
-8.405398869530331751e+01
-1.070830417741014884e+02
-9.178161933527266569e+01
-1.110724248456136394e+02
-5.605729013599421506e+01
-9.826238367315190203e+01
-9.345006932324820070e+01
-8.312092800937141135e+01
-6.707778332135727339e+01
-1.100229651826524133e+02
-1.027943169636162679e+02
-6.967571311982399607e+01
-5.416200099573921278e+01
-9.767274380662856004e+01
-8.091446942729160696e+01
-8.542816732365243126e+01
-8.688772461121862989e+01
-9.787762125264654856e+01
-4.518253887255813339e+01
-9.382239382958881890e+01
-6.712573377325220747e+01
-9.389033420654524775e+01
-7.198964622636115962e+01
-1.169236072886372853e+02
-4.744500560862163496e+01
-9.404266657943821883e+01
-9.840103780115106247e+01
-6.330263033360817815e+01
-7.950784920604790784e+01
-1.154825026346235148e+02
-1.071370104924575486e+02
-6.598437840795959630e+01
-1.023095514156570260e+02
-1.106081552909013084e+02
-1.226185050287070197e+02
-6.026438555404262587e+01
-1.161155597996863236e+02
-7.908400604092743436e+01
-1.155197604785830094e+02
-9.771681932017837369e+01
-9.441420593966367392e+01
-6.004521828288336138e+01
-8.294759189434924451e+01
-1.115556878255538180e+02
-7.006448803652246227e+01
-8.367545630640994148e+01
-3.932927307062866618e+01
-1.143161244381188340e+02
-8.665590961834124073e+01
-9.161527795985536216e+01
-5.427518729113157292e+01
-8.965854323841077189e+01
-1.029678450431400449e+02
-9.482963059956699681e+01
-5.387482628557476261e+01
-9.410974457393577097e+01
-5.167805689518143453e+01
-1.181100787090532975e+02
-7.171665795597490956e+01
-7.971150171580036670e+01
-1.227703090707664018e+02
-1.110526261053038155e+02
-1.198929660101553054e+02
-1.093307762266711336e+02
-1.108225601659002706e+02
-8.403125473539260781e+01
-1.261968344929232444e+02
-8.740909457069162158e+01
-1.106065281100836586e+02
-7.113560609202316698e+01
-8.229008503442153710e+01
-9.849783587388778017e+01
-7.947530833599380173e+01
-9.779207800156456187e+01
-1.046059315931443194e+02
-5.725418994192902034e+01
-6.867254716266077708e+01
-1.075257561963405095e+02
-1.082726990993130869e+02
