6.329251572487007316e+00
7.946438483120235041e+00
2.204397895527868911e+00
6.779487567590018138e+00
6.544980110356836356e+00
6.832757406249834631e+00
6.357675909371895528e+00
6.521581693462461971e+00
7.601470914935097412e+00
7.660649173998003825e+00
6.461558668710142506e+00
6.814899831223120152e+00
6.719113229580762514e+00
9.019146402779972149e+00
9.137243863149500100e+00
6.189605885451803680e+00
6.342842683202676746e+00
6.247555271381489916e+00
2.092765043017933380e+01
6.527716347666949304e+00
6.856966458648324547e+00
6.208307113934374399e+00
6.184402614809202170e+00
7.283942759466312644e+00
7.350420087782004508e+00
6.264893430225860982e+00
6.575226419939045996e+00
8.187867657350173189e+00
2.072544697377010081e+01
7.170417278083931478e+00
8.929109258508812985e+00
6.274355471668929596e+00
7.052793876610425450e+00
6.093096670562025530e+00
6.338144209390192074e+00
7.597569250094599269e+00
8.686224785650987101e+00
5.978697965400974645e+00
6.425039252500802434e+00
7.041229983219118083e+00
6.139009304553207258e+00
8.226541147597208337e+00
6.801475395380884414e+00
6.543486837026652125e+00
9.690682649208625321e+00
5.954947716436709726e+00
6.995470624624214651e+00
5.954596548916351928e+00
6.823735956678537384e+00
5.909530638949033410e+00
6.838519251512265029e+00
6.202486888832573264e+00
7.096926555930307856e+00
7.429383879376157296e+00
6.269198231908306163e+00
5.971328283973190487e+00
7.235982801119393848e+00
8.043060130186708179e+00
6.308337157425759401e+00
8.945777459266141207e+00
5.633064045902790085e+00
6.280639346033759729e+00
6.049502336089236820e+00
5.789746201035419482e+00
1.002505008565614908e+01
6.808184522683172091e+00
6.209789944987373467e+00
7.961017908647044727e+00
2.074210179835213808e+01
4.669701976613533034e+00
6.244784527968421095e+00
6.189964235791319602e+00
6.253426881674411852e+00
6.070820579304027298e+00
7.659155168100409306e+00
2.057070783968198668e+01
6.833577618698001288e+00
6.231106701134288883e+00
7.563993321510474210e+00
6.284193864029787413e+00
5.859781134810303271e+00
6.652192520511493790e+00
7.456821620937507333e+00
6.572200535628857310e+00
6.140675427716438151e+00
6.302834576520066179e+00
8.888080991135227649e+00
8.197206601251716407e+00
6.831769424752886621e+00
6.171744005803045496e+00
5.721013798754198909e+00
5.923854898693012849e+00
7.001525266057729624e+00
7.433525754495072135e+00
6.161005193863718254e+00
6.927392702989846995e+00
5.915644418929589143e+00
6.179659988532458570e+00
6.316641929003179889e+00
6.763478678838276359e+00
