5.982333633940897677e+00 9.165977921544127272e-01 1.500000000000000000e+01 8.900000000000000000e+01 0.000000000000000000e+00
3.381265719298767181e+01 2.617256995532704078e-01 9.000000000000000000e+00 9.900000000000000000e+01 0.000000000000000000e+00
4.977459384239049456e+01 9.351339874809163621e-01 1.200000000000000000e+01 1.730000000000000000e+02 0.000000000000000000e+00
1.757216709130252852e+01 2.341096635530242054e-01 5.000000000000000000e+00 3.700000000000000000e+01 0.000000000000000000e+00
2.035944307283797627e+01 3.690993715561154964e-01 1.300000000000000000e+01 1.420000000000000000e+02 0.000000000000000000e+00
6.807746094488378752e+00 5.028817068385548206e-01 6.000000000000000000e+00 9.200000000000000000e+01 0.000000000000000000e+00
2.357261821444103234e+01 3.838295198724998025e-01 5.000000000000000000e+00 1.830000000000000000e+02 0.000000000000000000e+00
2.579401984826297678e+01 8.804877374738714346e-01 1.200000000000000000e+01 1.700000000000000000e+02 0.000000000000000000e+00
2.799545983580755149e+01 7.393891417915278153e-01 1.400000000000000000e+01 1.710000000000000000e+02 0.000000000000000000e+00
3.846519769328074290e+01 6.264808870790532502e-01 2.000000000000000000e+00 4.000000000000000000e+01 0.000000000000000000e+00
2.507217512716918506e+01 2.924793947386806758e-01 6.000000000000000000e+00 5.000000000000000000e+01 0.000000000000000000e+00
5.033504005157895733e+01 1.903333628774012132e-01 2.000000000000000000e+00 1.390000000000000000e+02 0.000000000000000000e+00
4.715865349041097687e+01 2.802932610563707572e-01 4.000000000000000000e+00 1.970000000000000000e+02 0.000000000000000000e+00
3.575504714048008026e+01 4.652518308558304394e-01 3.000000000000000000e+00 1.820000000000000000e+02 0.000000000000000000e+00
4.549400399322829713e+01 1.649553908370026134e-01 1.400000000000000000e+01 8.900000000000000000e+01 0.000000000000000000e+00
2.234825379846892091e+01 4.516433348321058361e-01 7.000000000000000000e+00 2.000000000000000000e+02 0.000000000000000000e+00
1.317435871753226806e+01 4.090146563371560573e-01 2.000000000000000000e+00 1.700000000000000000e+01 0.000000000000000000e+00
1.465109177778682614e+01 7.637537709130178820e-01 1.200000000000000000e+01 7.700000000000000000e+01 0.000000000000000000e+00
3.428136673613877150e+01 5.512356651535255114e-01 1.000000000000000000e+00 7.500000000000000000e+01 0.000000000000000000e+00
4.451601652477461357e+01 1.000678083009841846e+00 1.000000000000000000e+01 3.200000000000000000e+01 0.000000000000000000e+00
3.557713969895947237e+00 5.737332535320877058e-01 8.000000000000000000e+00 1.770000000000000000e+02 1.000000000000000000e+00
3.585050260880536399e+01 6.137621215958810605e-01 1.600000000000000000e+01 3.000000000000000000e+00 1.000000000000000000e+00
1.149350810062609973e+01 3.238015910671689923e-01 1.500000000000000000e+01 7.800000000000000000e+01 1.000000000000000000e+00
9.400540966612986438e+00 7.230412559038109643e-01 1.200000000000000000e+01 1.110000000000000000e+02 1.000000000000000000e+00
3.534229888894664384e+01 9.095783602649175625e-01 7.000000000000000000e+00 1.600000000000000000e+02 1.000000000000000000e+00
3.970937044934964177e+01 1.838442787578010718e-01 1.800000000000000000e+01 8.000000000000000000e+01 1.000000000000000000e+00
3.165275195055641255e+00 6.680834749819470897e-01 8.000000000000000000e+00 9.300000000000000000e+01 1.000000000000000000e+00
2.843911065275952055e+01 7.150757945093697554e-01 1.200000000000000000e+01 1.220000000000000000e+02 1.000000000000000000e+00
2.486326309311934768e+00 1.712260379280526879e-01 7.000000000000000000e+00 1.870000000000000000e+02 1.000000000000000000e+00
1.768185853170244215e+01 4.290699660207152322e-01 4.000000000000000000e+00 1.100000000000000000e+02 1.000000000000000000e+00
1.724874589235010092e+01 4.721974754481688130e-01 3.000000000000000000e+00 1.140000000000000000e+02 1.000000000000000000e+00
4.418446102983666890e+01 7.540518996831818699e-01 1.200000000000000000e+01 1.360000000000000000e+02 1.000000000000000000e+00
1.261736215693478869e+01 3.412056045007917371e-01 1.000000000000000000e+01 9.600000000000000000e+01 1.000000000000000000e+00
2.718272196827055609e+01 9.998952220727974627e-01 3.000000000000000000e+00 2.000000000000000000e+02 1.000000000000000000e+00
3.083478856062125573e+01 8.503944635673854613e-01 2.000000000000000000e+01 1.270000000000000000e+02 1.000000000000000000e+00
4.958920535856249501e+01 9.107980504900669017e-01 1.300000000000000000e+01 1.970000000000000000e+02 1.000000000000000000e+00
1.928711747586311631e+01 9.586064903815939564e-01 5.000000000000000000e+00 1.610000000000000000e+02 1.000000000000000000e+00
1.458538856566703323e+01 9.373599659276045104e-01 9.000000000000000000e+00 9.000000000000000000e+01 1.000000000000000000e+00
2.927082558083841946e+01 1.484831970217024288e-01 1.700000000000000000e+01 1.070000000000000000e+02 1.000000000000000000e+00
3.527585724431420999e+01 6.575989124436421029e-01 1.200000000000000000e+01 1.190000000000000000e+02 1.000000000000000000e+00
3.582960894083164760e+01 3.310711276315735363e-01 9.000000000000000000e+00 1.900000000000000000e+02 2.000000000000000000e+00
2.609310349523174111e+01 6.179278050249465970e-01 2.000000000000000000e+00 1.880000000000000000e+02 2.000000000000000000e+00
4.204790583755259092e+01 5.514233169140302787e-02 6.000000000000000000e+00 1.530000000000000000e+02 2.000000000000000000e+00
2.723148723144764816e+01 3.763080041721676983e-01 6.000000000000000000e+00 1.730000000000000000e+02 2.000000000000000000e+00
1.157680929034788164e+01 9.781150098188262643e-01 1.600000000000000000e+01 6.000000000000000000e+00 2.000000000000000000e+00
2.333615452645273436e+01 4.764385060864805704e-02 4.000000000000000000e+00 1.920000000000000000e+02 2.000000000000000000e+00
6.515607355272054591e+00 1.165916213182189715e-01 1.100000000000000000e+01 1.000000000000000000e+00 2.000000000000000000e+00
3.869363518114092670e+01 4.721992022745401529e-01 1.000000000000000000e+01 6.200000000000000000e+01 2.000000000000000000e+00
2.533748654183056459e+01 5.775757130344482543e-02 9.000000000000000000e+00 1.690000000000000000e+02 2.000000000000000000e+00
2.646539605284523144e+00 2.293766551011976879e-02 1.000000000000000000e+00 1.200000000000000000e+02 2.000000000000000000e+00
4.222047401600199379e+01 9.799892140072628821e-02 1.100000000000000000e+01 8.300000000000000000e+01 2.000000000000000000e+00
9.958865760744982865e+00 5.688155710685219857e-01 1.700000000000000000e+01 1.050000000000000000e+02 2.000000000000000000e+00
1.608481876078750261e+01 9.269312842359644922e-01 6.000000000000000000e+00 1.300000000000000000e+01 2.000000000000000000e+00
9.050846970216253951e+00 4.591401520706863693e-01 1.600000000000000000e+01 3.100000000000000000e+01 2.000000000000000000e+00
3.580650587981761390e+01 6.257889578785352791e-01 7.000000000000000000e+00 1.290000000000000000e+02 2.000000000000000000e+00
1.977171396301466544e+01 4.026516592170460429e-01 1.700000000000000000e+01 1.430000000000000000e+02 2.000000000000000000e+00
2.711973063506789927e+01 4.228340023405734449e-01 5.000000000000000000e+00 8.800000000000000000e+01 2.000000000000000000e+00
3.891553130537545258e+01 4.580108707469418006e-01 2.000000000000000000e+00 1.270000000000000000e+02 2.000000000000000000e+00
2.452743766863698838e+01 7.363412395776981478e-01 1.000000000000000000e+00 3.000000000000000000e+01 2.000000000000000000e+00
2.073814641799595648e+01 6.737186774546609358e-02 4.000000000000000000e+00 1.140000000000000000e+02 2.000000000000000000e+00
9.820261492102726919e+00 4.034653964298414719e-01 3.000000000000000000e+00 1.180000000000000000e+02 3.000000000000000000e+00
5.074376672849577119e+01 1.642111079626795006e-02 1.400000000000000000e+01 1.000000000000000000e+00 3.000000000000000000e+00
3.937115532082628278e+01 3.079561013263938385e-01 7.000000000000000000e+00 1.800000000000000000e+01 3.000000000000000000e+00
2.599549668271836111e+01 7.001299133545905162e-01 3.000000000000000000e+00 9.700000000000000000e+01 3.000000000000000000e+00
3.939517235798514605e+01 2.434845319099979699e-01 4.000000000000000000e+00 1.520000000000000000e+02 3.000000000000000000e+00
1.304663556669411406e+01 4.530871813414739657e-01 8.000000000000000000e+00 5.800000000000000000e+01 3.000000000000000000e+00
4.849329569989422595e+01 4.818947450474965200e-01 8.000000000000000000e+00 1.670000000000000000e+02 3.000000000000000000e+00
1.805012778829571829e+01 9.990168354358514025e-01 6.000000000000000000e+00 1.640000000000000000e+02 3.000000000000000000e+00
1.032198452572298741e+01 1.169106199208335001e-01 1.500000000000000000e+01 1.740000000000000000e+02 3.000000000000000000e+00
5.187940829163233403e+00 3.135058681019192717e-01 1.600000000000000000e+01 6.300000000000000000e+01 3.000000000000000000e+00
1.225744576154352572e+01 4.190363921274530695e-02 1.100000000000000000e+01 5.500000000000000000e+01 3.000000000000000000e+00
1.000424169857329026e+01 2.542513128696562985e-01 2.000000000000000000e+01 9.800000000000000000e+01 3.000000000000000000e+00
1.299256356023665049e+01 8.481774620903905770e-01 1.100000000000000000e+01 6.300000000000000000e+01 3.000000000000000000e+00
3.774298683407471344e+01 3.140737616170997670e-01 1.600000000000000000e+01 1.840000000000000000e+02 3.000000000000000000e+00
3.188179926561509347e+01 7.214890629071132322e-01 5.000000000000000000e+00 9.000000000000000000e+01 3.000000000000000000e+00
1.380520978678140764e+01 8.994005036530412500e-01 9.000000000000000000e+00 8.900000000000000000e+01 3.000000000000000000e+00
1.173578583628634320e+01 6.635706747690295337e-01 1.500000000000000000e+01 1.400000000000000000e+02 3.000000000000000000e+00
6.314342147902881841e+00 3.516614547623273523e-01 6.000000000000000000e+00 6.400000000000000000e+01 3.000000000000000000e+00
2.836370935200838872e+01 2.365676539027686820e-01 1.300000000000000000e+01 1.170000000000000000e+02 3.000000000000000000e+00
4.793681345691911844e+01 3.721963170995729042e-01 1.700000000000000000e+01 1.360000000000000000e+02 3.000000000000000000e+00
9.750807352611838397e+00 6.828301497875420845e-01 1.900000000000000000e+01 1.080000000000000000e+02 4.000000000000000000e+00
4.579247198572905830e+01 1.368458132858807463e-01 1.900000000000000000e+01 1.840000000000000000e+02 4.000000000000000000e+00
1.353049066498233532e+00 5.043572488930834208e-01 2.000000000000000000e+00 1.630000000000000000e+02 4.000000000000000000e+00
3.395073174895699708e+01 9.148858678671453193e-01 1.500000000000000000e+01 5.600000000000000000e+01 4.000000000000000000e+00
3.946046539322360047e+01 1.648859212593233314e-01 4.000000000000000000e+00 8.800000000000000000e+01 4.000000000000000000e+00
1.094801741464827671e+01 5.809486323009455111e-01 6.000000000000000000e+00 4.900000000000000000e+01 4.000000000000000000e+00
2.116641049539203578e+01 5.471478960730403740e-01 1.200000000000000000e+01 1.790000000000000000e+02 4.000000000000000000e+00
2.356263841659653835e+01 4.514721473077198260e-02 1.700000000000000000e+01 4.400000000000000000e+01 4.000000000000000000e+00
1.749168905723072598e+01 4.080655711968302901e-01 1.100000000000000000e+01 1.110000000000000000e+02 4.000000000000000000e+00
4.216649901466518457e+01 4.069493942473350057e-01 8.000000000000000000e+00 4.900000000000000000e+01 4.000000000000000000e+00
1.431068166815698639e+01 4.980633967113152760e-01 1.500000000000000000e+01 1.790000000000000000e+02 4.000000000000000000e+00
3.167078327604054166e+01 5.280930982038474220e-01 8.000000000000000000e+00 1.210000000000000000e+02 4.000000000000000000e+00
6.738894127419825963e+00 9.078063782720894315e-01 1.900000000000000000e+01 1.250000000000000000e+02 4.000000000000000000e+00
1.824869290455614035e+01 8.321033031063413965e-01 5.000000000000000000e+00 9.600000000000000000e+01 4.000000000000000000e+00
3.899030808214899935e+01 8.807321290182933138e-02 1.000000000000000000e+00 1.730000000000000000e+02 4.000000000000000000e+00
3.964772995745824602e+01 6.785191121273161929e-01 8.000000000000000000e+00 9.900000000000000000e+01 4.000000000000000000e+00
1.186898811412679677e+01 4.269772765519580515e-01 1.300000000000000000e+01 1.810000000000000000e+02 4.000000000000000000e+00
1.361252585362200129e+01 3.073832672453474801e-01 8.000000000000000000e+00 5.500000000000000000e+01 4.000000000000000000e+00
1.666799981079072168e+01 3.028059019002404123e-02 8.000000000000000000e+00 1.260000000000000000e+02 4.000000000000000000e+00
2.298406329816736005e+01 8.945718279832733932e-01 1.600000000000000000e+01 9.600000000000000000e+01 4.000000000000000000e+00
