-1.144245959054778865e+02 0.000000000000000000e+00 3.000000000000000000e+01
-6.731398186661955663e+01 0.000000000000000000e+00 3.000000000000000000e+01
-1.142330817878183495e+02 0.000000000000000000e+00 3.000000000000000000e+01
-7.310893002739040014e+01 0.000000000000000000e+00 3.000000000000000000e+01
-7.853296883128760442e+01 0.000000000000000000e+00 3.000000000000000000e+01
-9.144596019675539367e+01 0.000000000000000000e+00 3.000000000000000000e+01
-8.102002151486431103e+01 0.000000000000000000e+00 3.000000000000000000e+01
-1.120362999652435576e+02 0.000000000000000000e+00 3.000000000000000000e+01
-1.038660672504925628e+02 0.000000000000000000e+00 3.000000000000000000e+01
-9.768593191618640503e+01 0.000000000000000000e+00 3.000000000000000000e+01
-7.408136676469257509e+01 0.000000000000000000e+00 3.000000000000000000e+01
-8.048557182401265209e+01 0.000000000000000000e+00 3.000000000000000000e+01
-7.540365464564014530e+01 0.000000000000000000e+00 3.000000000000000000e+01
-8.749253864133686420e+01 0.000000000000000000e+00 3.000000000000000000e+01
-5.174584744166367045e+01 0.000000000000000000e+00 3.000000000000000000e+01
-8.615466865853873912e+01 0.000000000000000000e+00 3.000000000000000000e+01
-9.774716041086254847e+01 0.000000000000000000e+00 3.000000000000000000e+01
-1.060780877645092062e+02 0.000000000000000000e+00 3.000000000000000000e+01
-1.012141232247071088e+02 0.000000000000000000e+00 3.000000000000000000e+01
-1.167631808349034941e+02 0.000000000000000000e+00 3.000000000000000000e+01
-9.556701237813703642e+01 0.000000000000000000e+00 3.000000000000000000e+01
-1.143114718937194141e+02 0.000000000000000000e+00 3.000000000000000000e+01
-7.635471589712589946e+01 0.000000000000000000e+00 3.000000000000000000e+01
-1.034585286394136006e+02 0.000000000000000000e+00 3.000000000000000000e+01
-1.131702657918228709e+02 0.000000000000000000e+00 3.000000000000000000e+01
-5.052239943076352802e+01 0.000000000000000000e+00 3.000000000000000000e+01
-1.063016119565944422e+02 0.000000000000000000e+00 3.000000000000000000e+01
-1.025483683131158159e+02 0.000000000000000000e+00 3.000000000000000000e+01
-6.748438233707099698e+01 0.000000000000000000e+00 3.000000000000000000e+01
-8.524106814059470594e+01 0.000000000000000000e+00 3.000000000000000000e+01
-8.789879204221089992e+01 0.000000000000000000e+00 3.000000000000000000e+01
-1.047742688092164514e+02 0.000000000000000000e+00 3.000000000000000000e+01
-7.790985926027127562e+01 0.000000000000000000e+00 3.000000000000000000e+01
-1.165816641821260475e+02 0.000000000000000000e+00 3.000000000000000000e+01
-1.103430270927751025e+02 0.000000000000000000e+00 3.000000000000000000e+01
-1.134560953387526325e+02 0.000000000000000000e+00 3.000000000000000000e+01
-1.150240389883673231e+02 0.000000000000000000e+00 3.000000000000000000e+01
-1.143511052701105370e+02 0.000000000000000000e+00 3.000000000000000000e+01
-4.659477157344812071e+01 0.000000000000000000e+00 3.000000000000000000e+01
-9.939108572961686150e+01 0.000000000000000000e+00 3.000000000000000000e+01
-7.445742568444887866e+01 0.000000000000000000e+00 3.000000000000000000e+01
-9.715711741710437366e+01 0.000000000000000000e+00 3.000000000000000000e+01
-5.925867599294151944e+01 0.000000000000000000e+00 3.000000000000000000e+01
-8.010753215339465783e+01 0.000000000000000000e+00 3.000000000000000000e+01
-1.258046271162530871e+02 0.000000000000000000e+00 3.000000000000000000e+01
-6.623907047385033309e+01 0.000000000000000000e+00 3.000000000000000000e+01
-1.259866481016450450e+02 0.000000000000000000e+00 3.000000000000000000e+01
-8.786535938004766422e+01 0.000000000000000000e+00 3.000000000000000000e+01
-5.145436399058254295e+01 0.000000000000000000e+00 3.000000000000000000e+01
-9.351889728005946267e+01 0.000000000000000000e+00 3.000000000000000000e+01
-4.984633072761499761e+01 0.000000000000000000e+00 3.000000000000000000e+01
-9.464450877937505879e+01 0.000000000000000000e+00 3.000000000000000000e+01
-1.235115241605019918e+02 0.000000000000000000e+00 3.000000000000000000e+01
-9.250216261338015045e+01 0.000000000000000000e+00 3.000000000000000000e+01
-9.767331603967657827e+01 0.000000000000000000e+00 3.000000000000000000e+01
-8.194701098001388573e+01 0.000000000000000000e+00 3.000000000000000000e+01
-8.462134525901984716e+01 0.000000000000000000e+00 3.000000000000000000e+01
-8.928580965765596034e+01 0.000000000000000000e+00 3.000000000000000000e+01
-1.071729682956134297e+02 0.000000000000000000e+00 3.000000000000000000e+01
-6.679449844424685523e+01 0.000000000000000000e+00 3.000000000000000000e+01
-8.406573566242826701e+01 0.000000000000000000e+00 3.000000000000000000e+01
-1.135298635577230755e+02 0.000000000000000000e+00 3.000000000000000000e+01
-7.823618260861633189e+01 0.000000000000000000e+00 3.000000000000000000e+01
-1.017706559107067505e+02 0.000000000000000000e+00 3.000000000000000000e+01
-7.378571301451459874e+01 0.000000000000000000e+00 3.000000000000000000e+01
-8.878605809601167209e+01 0.000000000000000000e+00 3.000000000000000000e+01
-8.853141371428662865e+01 0.000000000000000000e+00 3.000000000000000000e+01
-1.165974213951382694e+02 0.000000000000000000e+00 3.000000000000000000e+01
-4.575788667939439591e+01 0.000000000000000000e+00 3.000000000000000000e+01
-8.183332775707621920e+01 0.000000000000000000e+00 3.000000000000000000e+01
-5.005119121510731617e+01 0.000000000000000000e+00 3.000000000000000000e+01
-6.428173055953098469e+01 0.000000000000000000e+00 3.000000000000000000e+01
-1.110429955781614666e+02 0.000000000000000000e+00 3.000000000000000000e+01
-7.054601574599180935e+01 0.000000000000000000e+00 3.000000000000000000e+01
-1.029150903433807827e+02 0.000000000000000000e+00 3.000000000000000000e+01
-1.128745764180006006e+02 0.000000000000000000e+00 3.000000000000000000e+01
-9.964328707091254955e+01 0.000000000000000000e+00 3.000000000000000000e+01
-8.351743905963941472e+01 0.000000000000000000e+00 3.000000000000000000e+01
-6.133131925056258638e+01 0.000000000000000000e+00 3.000000000000000000e+01
-7.838918602203311536e+01 0.000000000000000000e+00 3.000000000000000000e+01
-1.010376949744370592e+02 0.000000000000000000e+00 3.000000000000000000e+01
-4.263540986759951323e+01 0.000000000000000000e+00 3.000000000000000000e+01
-1.024731129838772290e+02 0.000000000000000000e+00 3.000000000000000000e+01
-1.134754170428833930e+02 0.000000000000000000e+00 3.000000000000000000e+01
-6.966018233848353702e+01 0.000000000000000000e+00 3.000000000000000000e+01
-9.716772733306193288e+01 0.000000000000000000e+00 3.000000000000000000e+01
-9.251332176261148277e+01 0.000000000000000000e+00 3.000000000000000000e+01
-3.806574485873919400e+01 0.000000000000000000e+00 3.000000000000000000e+01
-8.317513878564619745e+01 0.000000000000000000e+00 3.000000000000000000e+01
-8.329805732247919536e+01 0.000000000000000000e+00 3.000000000000000000e+01
-8.931074656835414771e+01 0.000000000000000000e+00 3.000000000000000000e+01
-9.135095802722179315e+01 0.000000000000000000e+00 3.000000000000000000e+01
-1.133343487501291378e+02 0.000000000000000000e+00 3.000000000000000000e+01
-1.096568227430083624e+02 0.000000000000000000e+00 3.000000000000000000e+01
-9.339430761323926333e+01 0.000000000000000000e+00 3.000000000000000000e+01
-1.005042905847311658e+02 0.000000000000000000e+00 3.000000000000000000e+01
-8.464715782913407338e+01 0.000000000000000000e+00 3.000000000000000000e+01
-7.736123465210678773e+01 0.000000000000000000e+00 3.000000000000000000e+01
-5.321763175258993073e+01 0.000000000000000000e+00 3.000000000000000000e+01
-1.126766663146342609e+02 0.000000000000000000e+00 3.000000000000000000e+01
