9.310145975842734883e-04
1.000000000000000000e+00
6.535674078330636246e-03
6.600000000000000000e+01
1.381860231627451974e-03
3.000000000000000000e+02
6.695302235496945059e-03
1.830000000000000000e+02
6.128671135387817742e-03
1.870000000000000000e+02
2.041338271581901592e-02
1.790000000000000000e+02
8.400017823275390642e-04
3.200000000000000000e+01
8.342516111009206725e-04
3.200000000000000000e+01
8.837876298664654358e-04
3.400000000000000000e+01
8.176600071246302058e-04
3.600000000000000000e+01
8.835113679976137370e-04
3.400000000000000000e+01
