9.370000000000000000e+02 2.898000000000000000e+03 8.090000000000000000e+02 1.356000000000000000e+03
1.499000000000000000e+03 1.860000000000000000e+03 0.000000000000000000e+00 2.641000000000000000e+03
1.041000000000000000e+03 1.920000000000000000e+03 4.300000000000000000e+01 2.996000000000000000e+03
5.180000000000000000e+02 2.402000000000000000e+03 3.078000000000000000e+03 2.000000000000000000e+00
4.840000000000000000e+02 2.411000000000000000e+03 3.104000000000000000e+03 1.000000000000000000e+00
2.108000000000000000e+03 1.243000000000000000e+03 0.000000000000000000e+00 2.649000000000000000e+03
1.229000000000000000e+03 1.541000000000000000e+03 1.894000000000000000e+03 1.336000000000000000e+03
1.230000000000000000e+03 1.540000000000000000e+03 1.895000000000000000e+03 1.335000000000000000e+03
1.309000000000000000e+03 1.436000000000000000e+03 1.919000000000000000e+03 1.336000000000000000e+03
1.292000000000000000e+03 1.426000000000000000e+03 1.909000000000000000e+03 1.373000000000000000e+03
1.299000000000000000e+03 1.426000000000000000e+03 1.909000000000000000e+03 1.366000000000000000e+03
