-7.905299999999999727e+01
8.745219099999999857e-02
-3.638990000000000009e+02
4.841587989999999730e-01
-1.242450000000000045e+02
2.112089750000000488e-01
-1.863979999999999961e+02
2.724215960000000436e-01
-1.945879999999999939e+02
2.773162559999999832e-01
-4.781179999999999950e+02
8.624120760000000274e-01
-2.212500000000000000e+01
3.475537499999999808e-02
-2.157700000000000173e+01
3.223207100000000797e-02
-2.394099999999999895e+01
3.488351900000000172e-02
-2.272599999999999909e+01
3.379292400000000196e-02
-2.342899999999999849e+01
3.835495900000000097e-02
