1.317303383426440691e-03
1.890000000000000000e+02
1.335708976970189765e-03
9.500000000000000000e+01
6.370391057893106529e-03
1.160000000000000000e+02
2.532882057142686952e-02
1.200000000000000000e+01
3.575127794676754081e-03
1.690000000000000000e+02
8.951427107433691799e-03
7.000000000000000000e+01
1.274279896014139961e-03
9.200000000000000000e+01
1.207728834384428230e-03
7.000000000000000000e+01
1.536596462840815252e-03
8.400000000000000000e+01
1.721936860319549928e-02
1.570000000000000000e+02
