-2.983960000000000150e+02
3.406291840000000293e-01
-1.367740000000000009e+02
1.855169239999999997e-01
-2.505850000000000080e+02
4.110667749999999954e-01
-2.669850000000000136e+02
4.225447749999999836e-01
-3.750969999999999800e+02
4.568795910000000293e-01
-3.699390000000000214e+02
4.259732789999999825e-01
-3.286699999999999733e+01
5.782731099999999236e-02
-2.735099999999999909e+01
4.929179899999999726e-02
-2.777899999999999991e+01
5.097015900000000099e-02
-2.448600000000000065e+01
4.403580400000000478e-02
-2.318499999999999872e+01
3.936277500000000262e-02
