1.500000000000000000e+03 1.500000000000000000e+03 1.500000000000000000e+03 1.500000000000000000e+03
1.675000000000000000e+03 9.310000000000000000e+02 7.360000000000000000e+02 2.658000000000000000e+03
1.559000000000000000e+03 6.190000000000000000e+02 1.011000000000000000e+03 2.811000000000000000e+03
5.650000000000000000e+02 3.707000000000000000e+03 1.062000000000000000e+03 6.660000000000000000e+02
1.633000000000000000e+03 9.590000000000000000e+02 5.800000000000000000e+02 2.828000000000000000e+03
3.110000000000000000e+03 3.690000000000000000e+02 8.080000000000000000e+02 1.713000000000000000e+03
2.100000000000000000e+01 4.160000000000000000e+02 3.930000000000000000e+02 5.170000000000000000e+03
0.000000000000000000e+00 1.762000000000000000e+03 1.948000000000000000e+03 2.290000000000000000e+03
2.751000000000000000e+03 1.880000000000000000e+03 1.368000000000000000e+03 1.000000000000000000e+00
6.080000000000000000e+02 1.629000000000000000e+03 3.761000000000000000e+03 2.000000000000000000e+00
1.515000000000000000e+03 2.616000000000000000e+03 0.000000000000000000e+00 1.869000000000000000e+03
1.418000000000000000e+03 5.870000000000000000e+02 2.343000000000000000e+03 1.652000000000000000e+03
1.244000000000000000e+03 1.459000000000000000e+03 2.099000000000000000e+03 1.198000000000000000e+03
1.306000000000000000e+03 1.087000000000000000e+03 1.768000000000000000e+03 1.839000000000000000e+03
0.000000000000000000e+00 1.728000000000000000e+03 6.910000000000000000e+02 3.581000000000000000e+03
