1.215709526921162882e-03
9.800000000000000000e+01
1.899478978410022072e-03
2.000000000000000000e+01
1.086720175516299632e-02
4.400000000000000000e+01
4.352456247361603109e-02
3.000000000000000000e+01
1.060048660460798271e-02
5.700000000000000000e+01
1.085005302272478095e-03
1.770000000000000000e+02
1.276848660201079701e-03
2.790000000000000000e+02
9.949647502538311577e-04
1.510000000000000000e+02
1.171954090892721526e-03
1.920000000000000000e+02
4.053012363130649616e-03
2.200000000000000000e+01
