1.454347306422472830e-03
1.080000000000000000e+02
5.126642415773425068e-03
9.500000000000000000e+01
3.426500158224863191e-03
2.210000000000000000e+02
1.238173125875831424e-03
1.550000000000000000e+02
1.338042819825367756e-03
1.150000000000000000e+02
8.224570699638173625e-04
2.700000000000000000e+01
6.067096523913360732e-03
4.200000000000000000e+01
9.733957741889800140e-04
2.900000000000000000e+01
1.062611672071055256e-03
8.000000000000000000e+01
7.683965503528335413e-03
3.600000000000000000e+01
9.031242882300020893e-04
3.800000000000000000e+01
