-3.336309999999999718e+02
5.235968389999999806e-01
-2.186310000000000002e+02
3.088128390000000056e-01
-3.287819999999999823e+02
4.004344760000000392e-01
-4.412400000000000233e+01
5.225262399999999752e-02
-5.108179999999999836e+02
5.890548759999999495e-01
-4.590299999999999869e+01
5.788359100000000507e-02
-5.166720000000000255e+02
7.982504160000001292e-01
-1.539700000000000024e+01
2.628139099999999770e-02
-1.742399999999999949e+01
2.845022400000000312e-02
-4.988620000000000232e+02
6.132049560000000232e-01
-1.598900000000000077e+01
2.590487900000000218e-02
