7.390000000000000000e+02 7.500000000000000000e+02 5.200000000000000000e+02 3.991000000000000000e+03
0.000000000000000000e+00 1.083000000000000000e+03 1.916000000000000000e+03 3.001000000000000000e+03
3.503000000000000000e+03 5.330000000000000000e+02 1.962000000000000000e+03 2.000000000000000000e+00
6.950000000000000000e+02 2.109000000000000000e+03 1.745000000000000000e+03 1.451000000000000000e+03
2.490000000000000000e+02 2.290000000000000000e+02 4.550000000000000000e+02 5.067000000000000000e+03
6.010000000000000000e+02 2.129000000000000000e+03 1.781000000000000000e+03 1.489000000000000000e+03
0.000000000000000000e+00 1.168000000000000000e+03 4.890000000000000000e+02 4.343000000000000000e+03
1.086000000000000000e+03 1.210000000000000000e+03 1.597000000000000000e+03 2.107000000000000000e+03
1.228000000000000000e+03 1.022000000000000000e+03 1.794000000000000000e+03 1.956000000000000000e+03
3.750000000000000000e+02 2.940000000000000000e+02 5.330000000000000000e+03 1.000000000000000000e+00
1.063000000000000000e+03 1.612000000000000000e+03 1.458000000000000000e+03 1.867000000000000000e+03
