1.500000000000000000e+03 1.500000000000000000e+03 1.500000000000000000e+03 1.500000000000000000e+03 3.070000000000000000e+02 3.590000000000000000e+02 3.570000000000000000e+02 3.750000000000000000e+02
1.027000000000000000e+03 9.800000000000000000e+02 3.459000000000000000e+03 5.340000000000000000e+02 3.640000000000000000e+02 3.720000000000000000e+02 3.230000000000000000e+02 3.800000000000000000e+02
5.040000000000000000e+02 3.251000000000000000e+03 5.760000000000000000e+02 1.669000000000000000e+03 3.620000000000000000e+02 3.330000000000000000e+02 3.470000000000000000e+02 3.580000000000000000e+02
7.240000000000000000e+02 2.975000000000000000e+03 6.170000000000000000e+02 1.684000000000000000e+03 3.290000000000000000e+02 3.390000000000000000e+02 3.430000000000000000e+02 3.580000000000000000e+02
1.420000000000000000e+03 2.755000000000000000e+03 5.360000000000000000e+02 1.289000000000000000e+03 3.280000000000000000e+02 3.590000000000000000e+02 3.420000000000000000e+02 3.580000000000000000e+02
2.635000000000000000e+03 7.530000000000000000e+02 3.340000000000000000e+02 2.278000000000000000e+03 3.450000000000000000e+02 3.560000000000000000e+02 3.400000000000000000e+02 3.630000000000000000e+02
7.930000000000000000e+02 1.151000000000000000e+03 1.872000000000000000e+03 2.184000000000000000e+03 3.330000000000000000e+02 3.520000000000000000e+02 3.420000000000000000e+02 3.660000000000000000e+02
2.956000000000000000e+03 1.005000000000000000e+03 1.694000000000000000e+03 3.450000000000000000e+02 3.430000000000000000e+02 3.560000000000000000e+02 3.400000000000000000e+02 3.630000000000000000e+02
8.750000000000000000e+02 8.800000000000000000e+02 1.942000000000000000e+03 2.303000000000000000e+03 3.340000000000000000e+02 3.520000000000000000e+02 3.420000000000000000e+02 3.670000000000000000e+02
4.655000000000000000e+03 7.360000000000000000e+02 2.630000000000000000e+02 3.460000000000000000e+02 3.450000000000000000e+02 3.560000000000000000e+02 3.400000000000000000e+02 3.630000000000000000e+02
1.050000000000000000e+02 6.400000000000000000e+01 2.930000000000000000e+03 2.901000000000000000e+03 3.440000000000000000e+02 3.560000000000000000e+02 3.400000000000000000e+02 3.630000000000000000e+02
4.490000000000000000e+02 2.602000000000000000e+03 1.986000000000000000e+03 9.630000000000000000e+02 3.420000000000000000e+02 3.560000000000000000e+02 3.410000000000000000e+02 3.640000000000000000e+02
1.890000000000000000e+02 8.390000000000000000e+02 1.112000000000000000e+03 3.860000000000000000e+03 3.450000000000000000e+02 3.560000000000000000e+02 3.400000000000000000e+02 3.630000000000000000e+02
1.983000000000000000e+03 5.400000000000000000e+01 1.831000000000000000e+03 2.132000000000000000e+03 3.440000000000000000e+02 3.560000000000000000e+02 3.400000000000000000e+02 3.630000000000000000e+02
8.120000000000000000e+02 1.476000000000000000e+03 1.498000000000000000e+03 2.214000000000000000e+03 3.360000000000000000e+02 3.530000000000000000e+02 3.410000000000000000e+02 3.650000000000000000e+02
