1.102000000000000000e+03 1.358000000000000000e+03 1.899000000000000000e+03 1.641000000000000000e+03
8.170000000000000000e+02 2.028000000000000000e+03 1.625000000000000000e+03 1.530000000000000000e+03
8.220000000000000000e+02 2.015000000000000000e+03 1.629000000000000000e+03 1.534000000000000000e+03
1.369000000000000000e+03 9.180000000000000000e+02 1.720000000000000000e+03 1.993000000000000000e+03
1.369000000000000000e+03 9.180000000000000000e+02 1.720000000000000000e+03 1.993000000000000000e+03
1.378000000000000000e+03 8.680000000000000000e+02 1.727000000000000000e+03 2.027000000000000000e+03
1.392000000000000000e+03 8.760000000000000000e+02 1.722000000000000000e+03 2.010000000000000000e+03
1.392000000000000000e+03 9.120000000000000000e+02 1.703000000000000000e+03 1.993000000000000000e+03
1.393000000000000000e+03 9.100000000000000000e+02 1.701000000000000000e+03 1.996000000000000000e+03
1.383000000000000000e+03 9.340000000000000000e+02 1.699000000000000000e+03 1.984000000000000000e+03
1.093000000000000000e+03 1.512000000000000000e+03 1.638000000000000000e+03 1.757000000000000000e+03
