9.306745287063623688e-04
3.300000000000000000e+01
1.061047501646289470e-03
1.150000000000000000e+02
1.068579746101114324e-03
1.640000000000000000e+02
1.019803164192079970e-03
7.800000000000000000e+01
1.022787706676747113e-03
7.800000000000000000e+01
7.263639736016239612e-04
3.200000000000000000e+01
1.028352971026493326e-03
8.900000000000000000e+01
1.035667586299349879e-03
7.400000000000000000e+01
1.025889831308735489e-03
7.800000000000000000e+01
1.023681859835851200e-03
7.700000000000000000e+01
1.863603479100017389e-03
3.200000000000000000e+01
