1.500000000000000000e+03 1.500000000000000000e+03 1.500000000000000000e+03 1.500000000000000000e+03
8.990000000000000000e+02 1.061000000000000000e+03 1.152000000000000000e+03 2.888000000000000000e+03
1.854000000000000000e+03 1.685000000000000000e+03 1.348000000000000000e+03 1.113000000000000000e+03
2.112000000000000000e+03 1.279000000000000000e+03 6.270000000000000000e+02 1.982000000000000000e+03
9.730000000000000000e+02 1.166000000000000000e+03 1.519000000000000000e+03 2.342000000000000000e+03
1.155000000000000000e+03 1.148000000000000000e+03 2.113000000000000000e+03 1.584000000000000000e+03
1.189000000000000000e+03 9.300000000000000000e+02 3.473000000000000000e+03 4.080000000000000000e+02
5.140000000000000000e+02 2.605000000000000000e+03 1.595000000000000000e+03 1.286000000000000000e+03
1.215000000000000000e+03 4.141000000000000000e+03 3.320000000000000000e+02 3.120000000000000000e+02
3.534000000000000000e+03 1.222000000000000000e+03 1.243000000000000000e+03 1.000000000000000000e+00
6.680000000000000000e+02 2.022000000000000000e+03 0.000000000000000000e+00 3.310000000000000000e+03
0.000000000000000000e+00 7.030000000000000000e+02 2.140000000000000000e+03 3.157000000000000000e+03
3.443000000000000000e+03 2.850000000000000000e+02 0.000000000000000000e+00 2.272000000000000000e+03
8.870000000000000000e+02 3.814000000000000000e+03 1.298000000000000000e+03 1.000000000000000000e+00
1.835000000000000000e+03 0.000000000000000000e+00 1.795000000000000000e+03 2.370000000000000000e+03
