1.200088925196743849e-03
2.580000000000000000e+02
1.318925825672403367e-03
3.170000000000000000e+02
5.083616613233602789e-03
2.580000000000000000e+02
1.437601781968224704e-02
3.200000000000000000e+01
3.568934171479109727e-03
1.790000000000000000e+02
3.457185350482359486e-03
8.400000000000000000e+01
3.438304926374127681e-03
2.520000000000000000e+02
3.265735904785556018e-03
2.410000000000000000e+02
8.966866566618658880e-04
3.400000000000000000e+01
8.930457326719301505e-04
3.400000000000000000e+01
9.257735231042810977e-04
3.300000000000000000e+01
