1.165730036136740323e-03
2.590000000000000000e+02
1.405912887519169749e-03
2.210000000000000000e+02
1.454776080020808845e-03
3.030000000000000000e+02
1.442337147250635949e-02
5.000000000000000000e+01
1.664284630431639433e-02
3.900000000000000000e+01
1.016155169907470915e-02
6.100000000000000000e+01
1.037219393922231801e-02
5.000000000000000000e+01
1.297796954416112133e-02
6.800000000000000000e+01
2.680739222086304246e-02
1.570000000000000000e+02
5.157467998836902379e-02
1.200000000000000000e+01
