9.680574115097435222e-04
4.700000000000000000e+01
9.695502244859618415e-04
1.430000000000000000e+02
1.077193302299831379e-03
6.400000000000000000e+01
1.093788523400579006e-02
7.800000000000000000e+01
2.233523408102680227e-02
2.100000000000000000e+01
1.022033358199386614e-02
8.900000000000000000e+01
8.006704799829462548e-04
3.400000000000000000e+01
8.358620605325534038e-04
3.400000000000000000e+01
7.456038508013685491e-04
4.400000000000000000e+01
7.725361195947590002e-04
3.400000000000000000e+01
8.180867570125008488e-04
3.400000000000000000e+01
