1.213000000000000000e+03 1.182000000000000000e+03 1.298000000000000000e+03 2.307000000000000000e+03
4.102000000000000000e+03 8.530000000000000000e+02 6.270000000000000000e+02 4.180000000000000000e+02
1.309000000000000000e+03 1.707000000000000000e+03 1.411000000000000000e+03 1.573000000000000000e+03
1.490000000000000000e+03 2.319000000000000000e+03 0.000000000000000000e+00 2.191000000000000000e+03
2.110000000000000000e+03 6.330000000000000000e+02 0.000000000000000000e+00 3.257000000000000000e+03
1.479000000000000000e+03 2.312000000000000000e+03 0.000000000000000000e+00 2.209000000000000000e+03
1.290000000000000000e+03 1.287000000000000000e+03 1.864000000000000000e+03 1.559000000000000000e+03
1.286000000000000000e+03 1.278000000000000000e+03 1.860000000000000000e+03 1.576000000000000000e+03
1.282000000000000000e+03 1.229000000000000000e+03 1.853000000000000000e+03 1.636000000000000000e+03
1.306000000000000000e+03 1.345000000000000000e+03 1.803000000000000000e+03 1.546000000000000000e+03
1.314000000000000000e+03 1.310000000000000000e+03 1.790000000000000000e+03 1.586000000000000000e+03
