1.247134754200099078e-03
8.700000000000000000e+01
1.136376251929932133e-03
4.970000000000000000e+02
9.623179979640055642e-03
2.100000000000000000e+01
2.783760737053676826e-02
3.000000000000000000e+01
2.995721849622148825e-02
4.000000000000000000e+01
1.000234518799760115e-02
7.100000000000000000e+01
1.732851625968101494e-02
1.700000000000000000e+01
1.186437518724074887e-02
3.300000000000000000e+01
9.789461000060863810e-04
1.030000000000000000e+02
9.339845394737056241e-04
1.040000000000000000e+02
