1.500000000000000000e+03 1.500000000000000000e+03 1.500000000000000000e+03 1.500000000000000000e+03
1.991000000000000000e+03 6.250000000000000000e+02 2.583000000000000000e+03 8.010000000000000000e+02
6.910000000000000000e+02 2.618000000000000000e+03 1.463000000000000000e+03 1.228000000000000000e+03
2.148000000000000000e+03 1.779000000000000000e+03 1.282000000000000000e+03 7.910000000000000000e+02
2.295000000000000000e+03 5.730000000000000000e+02 2.021000000000000000e+03 1.111000000000000000e+03
1.115000000000000000e+03 9.290000000000000000e+02 1.139000000000000000e+03 2.817000000000000000e+03
5.870000000000000000e+02 8.070000000000000000e+02 3.793000000000000000e+03 8.130000000000000000e+02
3.660000000000000000e+03 1.162000000000000000e+03 1.176000000000000000e+03 2.000000000000000000e+00
1.411000000000000000e+03 2.805000000000000000e+03 1.782000000000000000e+03 2.000000000000000000e+00
3.033000000000000000e+03 0.000000000000000000e+00 6.290000000000000000e+02 2.338000000000000000e+03
1.468000000000000000e+03 2.314000000000000000e+03 0.000000000000000000e+00 2.218000000000000000e+03
0.000000000000000000e+00 2.165000000000000000e+03 4.840000000000000000e+02 3.351000000000000000e+03
4.730000000000000000e+02 0.000000000000000000e+00 5.160000000000000000e+02 5.011000000000000000e+03
1.210000000000000000e+03 9.820000000000000000e+02 2.013000000000000000e+03 1.795000000000000000e+03
1.215000000000000000e+03 1.696000000000000000e+03 2.078000000000000000e+03 1.011000000000000000e+03
