9.790751069194455670e-06
1.000000000000000000e+00
2.302948009595593825e-03
2.140000000000000000e+02
1.185502984088809744e-03
3.820000000000000000e+02
8.256283901025037245e-03
2.000000000000000000e+02
8.010283556068086008e-02
1.300000000000000000e+01
6.549300589636678979e-03
1.410000000000000000e+02
1.297764112208133922e-03
9.500000000000000000e+01
1.387763678931629857e-03
9.800000000000000000e+01
1.236712472761020490e-03
4.200000000000000000e+01
1.077383014637540428e-03
4.100000000000000000e+01
1.060076586071333898e-03
3.300000000000000000e+01
