-3.271270000000000095e+02
4.797788710000000512e-01
-1.811949999999999932e+02
2.585149749999999802e-01
-3.058330000000000268e+02
3.612991110000000616e-01
-1.800509999999999877e+02
2.402363990000000171e-01
-3.275199999999999818e+02
4.149535999999999780e-01
-1.800900000000000034e+02
2.005098999999999909e-01
-4.197500000000000142e+01
6.875437499999999258e-02
-1.865500000000000114e+01
2.921197500000000113e-02
-3.514399999999999835e+01
5.137326400000000182e-02
-3.396200000000000330e+01
5.661055599999999244e-02
-2.260900000000000176e+01
3.464811900000000500e-02
