1.500000000000000000e+03 1.500000000000000000e+03 1.500000000000000000e+03 1.500000000000000000e+03
6.440000000000000000e+02 1.862000000000000000e+03 1.131000000000000000e+03 2.363000000000000000e+03
8.280000000000000000e+02 7.070000000000000000e+02 3.864000000000000000e+03 6.010000000000000000e+02
7.170000000000000000e+02 2.681000000000000000e+03 7.600000000000000000e+02 1.842000000000000000e+03
2.793000000000000000e+03 1.664000000000000000e+03 5.930000000000000000e+02 9.500000000000000000e+02
7.860000000000000000e+02 9.000000000000000000e+02 8.760000000000000000e+02 3.438000000000000000e+03
9.780000000000000000e+02 5.100000000000000000e+01 3.006000000000000000e+03 1.965000000000000000e+03
3.026000000000000000e+03 1.640000000000000000e+02 4.020000000000000000e+02 2.408000000000000000e+03
6.830000000000000000e+02 4.238000000000000000e+03 7.670000000000000000e+02 3.120000000000000000e+02
3.557000000000000000e+03 9.790000000000000000e+02 1.463000000000000000e+03 1.000000000000000000e+00
0.000000000000000000e+00 2.968000000000000000e+03 1.956000000000000000e+03 1.076000000000000000e+03
2.727000000000000000e+03 0.000000000000000000e+00 1.772000000000000000e+03 1.501000000000000000e+03
0.000000000000000000e+00 1.389000000000000000e+03 3.020000000000000000e+03 1.591000000000000000e+03
0.000000000000000000e+00 9.310000000000000000e+02 2.335000000000000000e+03 2.734000000000000000e+03
2.161000000000000000e+03 2.016000000000000000e+03 0.000000000000000000e+00 1.823000000000000000e+03
