-3.748799999999999955e+01
4.757185599999999570e-02
-3.746900000000000119e+01
5.724903900000000156e-02
-3.709100000000000108e+01
5.796871900000000188e-02
-3.292799999999999727e+01
5.254481599999999419e-02
-2.731200000000000117e+01
3.956865600000000760e-02
-2.728800000000000026e+01
3.746505599999999658e-02
-2.259199999999999875e+01
3.109953600000000054e-02
-1.488799999999999990e+01
2.520145599999999708e-02
-1.408900000000000041e+01
2.293107899999999658e-02
-1.407099999999999973e+01
2.316995900000000386e-02
-1.377100000000000080e+01
2.265655899999999973e-02
