9.718224069736686394e-04
4.800000000000000000e+01
1.176409991797451680e-03
6.200000000000000000e+01
1.314302667559325575e-03
7.900000000000000000e+01
1.436966591562491725e-03
1.010000000000000000e+02
1.370760806354279953e-03
8.300000000000000000e+01
1.365764447717252158e-03
8.000000000000000000e+01
1.248019117626811237e-03
7.400000000000000000e+01
1.083612263861478747e-03
3.800000000000000000e+01
1.138929444618194155e-03
4.300000000000000000e+01
1.674401541274441125e-03
3.200000000000000000e+01
1.082167141437813699e-03
4.500000000000000000e+01
