1.057000000000000000e+03 2.042000000000000000e+03 1.213000000000000000e+03 1.688000000000000000e+03
7.290000000000000000e+02 1.826000000000000000e+03 2.060000000000000000e+03 1.385000000000000000e+03
7.000000000000000000e+02 1.785000000000000000e+03 2.103000000000000000e+03 1.412000000000000000e+03
7.020000000000000000e+02 1.746000000000000000e+03 2.068000000000000000e+03 1.484000000000000000e+03
7.230000000000000000e+02 1.722000000000000000e+03 1.924000000000000000e+03 1.631000000000000000e+03
7.240000000000000000e+02 1.716000000000000000e+03 1.919000000000000000e+03 1.641000000000000000e+03
7.500000000000000000e+02 1.656000000000000000e+03 1.891000000000000000e+03 1.703000000000000000e+03
1.067000000000000000e+03 1.374000000000000000e+03 1.660000000000000000e+03 1.899000000000000000e+03
1.155000000000000000e+03 1.375000000000000000e+03 1.575000000000000000e+03 1.895000000000000000e+03
1.140000000000000000e+03 1.390000000000000000e+03 1.573000000000000000e+03 1.897000000000000000e+03
1.143000000000000000e+03 1.365000000000000000e+03 1.550000000000000000e+03 1.942000000000000000e+03
