9.830269663359796767e-04
1.010000000000000000e+02
1.051311903268459030e-03
4.200000000000000000e+01
2.049924354747750116e-03
3.400000000000000000e+01
1.218080633156687744e-03
1.050000000000000000e+02
1.208167769782865497e-03
6.500000000000000000e+01
2.177521186868231970e-02
8.000000000000000000e+00
1.125059180096508321e-03
1.610000000000000000e+02
1.927088367134402111e-02
3.700000000000000000e+01
9.790930896066618247e-04
1.250000000000000000e+02
1.127353655384948777e-03
7.300000000000000000e+01
