1.160077265677449251e-03
1.280000000000000000e+02
1.136935115935874124e-03
4.010000000000000000e+02
1.551281546462157830e-02
4.700000000000000000e+01
3.022951690107741202e-02
1.400000000000000000e+01
8.282111112155843627e-03
8.100000000000000000e+01
2.869120723828652228e-02
5.500000000000000000e+01
1.017560952624546339e-03
1.620000000000000000e+02
4.872073019380847997e-02
1.800000000000000000e+01
3.631946964712130799e-02
1.200000000000000000e+01
2.978751939838963220e-02
1.700000000000000000e+01
