-1.669749999999999943e+02
2.688843749999999533e-01
-2.877710000000000150e+02
5.317985589999999485e-01
-3.001610000000000014e+02
3.611050790000000510e-01
-2.759799999999999898e+01
4.538839599999999752e-02
-2.557600000000000051e+01
4.392622399999999983e-02
-2.451300000000000168e+01
3.991183100000000178e-02
-2.545299999999999940e+01
4.509779099999999818e-02
-2.482999999999999829e+01
4.526910000000000656e-02
-2.519600000000000151e+01
4.220758399999999938e-02
-2.507300000000000040e+01
4.212767099999999848e-02
-2.610300000000000153e+01
4.344039100000000875e-02
