1.500000000000000000e+03 1.500000000000000000e+03 1.500000000000000000e+03 1.500000000000000000e+03
2.067000000000000000e+03 1.094000000000000000e+03 1.177000000000000000e+03 1.662000000000000000e+03
7.320000000000000000e+02 3.285000000000000000e+03 7.570000000000000000e+02 1.226000000000000000e+03
2.649000000000000000e+03 1.058000000000000000e+03 1.139000000000000000e+03 1.154000000000000000e+03
5.900000000000000000e+02 2.563000000000000000e+03 1.875000000000000000e+03 9.720000000000000000e+02
7.550000000000000000e+02 8.120000000000000000e+02 1.001000000000000000e+03 3.432000000000000000e+03
1.235000000000000000e+03 3.220000000000000000e+02 3.762000000000000000e+03 6.810000000000000000e+02
1.530000000000000000e+03 2.287000000000000000e+03 0.000000000000000000e+00 2.183000000000000000e+03
1.866000000000000000e+03 2.786000000000000000e+03 1.347000000000000000e+03 1.000000000000000000e+00
1.635000000000000000e+03 0.000000000000000000e+00 2.047000000000000000e+03 2.318000000000000000e+03
0.000000000000000000e+00 1.367000000000000000e+03 2.389000000000000000e+03 2.244000000000000000e+03
1.326000000000000000e+03 1.762000000000000000e+03 1.967000000000000000e+03 9.450000000000000000e+02
0.000000000000000000e+00 2.563000000000000000e+03 6.550000000000000000e+02 2.782000000000000000e+03
8.620000000000000000e+02 4.077000000000000000e+03 1.060000000000000000e+03 1.000000000000000000e+00
2.266000000000000000e+03 0.000000000000000000e+00 1.680000000000000000e+02 3.566000000000000000e+03
