1.384000000000000000e+03 2.963000000000000000e+03 6.560000000000000000e+02 9.970000000000000000e+02
1.066000000000000000e+03 0.000000000000000000e+00 2.400000000000000000e+03 2.534000000000000000e+03
0.000000000000000000e+00 1.501000000000000000e+03 1.553000000000000000e+03 2.946000000000000000e+03
1.279000000000000000e+03 1.444000000000000000e+03 1.585000000000000000e+03 1.692000000000000000e+03
8.120000000000000000e+02 4.415000000000000000e+03 7.720000000000000000e+02 1.000000000000000000e+00
1.248000000000000000e+03 1.434000000000000000e+03 1.536000000000000000e+03 1.782000000000000000e+03
5.038000000000000000e+03 3.550000000000000000e+02 6.060000000000000000e+02 1.000000000000000000e+00
4.665000000000000000e+03 0.000000000000000000e+00 9.590000000000000000e+02 3.760000000000000000e+02
1.292000000000000000e+03 1.168000000000000000e+03 1.567000000000000000e+03 1.973000000000000000e+03
1.220000000000000000e+02 2.997000000000000000e+03 2.880000000000000000e+03 1.000000000000000000e+00
1.052000000000000000e+03 1.250000000000000000e+03 1.699000000000000000e+03 1.999000000000000000e+03
