1.334117617953629788e-03
1.620000000000000000e+02
8.463794048402049908e-03
1.720000000000000000e+02
3.881798247460843676e-02
1.800000000000000000e+01
9.209986175502393735e-04
4.800000000000000000e+01
1.063222629293887264e-02
2.700000000000000000e+01
9.052678806632985433e-04
3.700000000000000000e+01
2.748524840396548378e-03
7.600000000000000000e+01
1.121289905998187550e-02
3.000000000000000000e+01
1.035617710267962895e-03
7.400000000000000000e+01
9.280495032250776419e-03
6.100000000000000000e+01
9.217458981611023139e-04
3.300000000000000000e+01
