-8.795499999999999829e+01
1.220309749999999999e-01
-1.499439999999999884e+02
1.985488640000000193e-01
-2.036220000000000141e+02
2.982651159999999968e-01
-1.690399999999999991e+01
2.551278400000000016e-02
-8.609799999999999898e+01
9.405839600000000245e-02
-1.616700000000000159e+01
2.618311100000000197e-02
-2.990889999999999986e+02
3.400730790000000003e-01
-3.823140000000000214e+02
4.563214039999999860e-01
-1.641900000000000048e+01
2.806343899999999905e-02
-1.712920000000000016e+02
2.363207360000000312e-01
-1.546899999999999942e+01
2.745503900000000053e-02
