1.044808751770442924e-03
1.210000000000000000e+02
1.130304117388856392e-03
1.650000000000000000e+02
1.035074869712942049e-03
3.200000000000000000e+02
6.259908680896101446e-03
1.950000000000000000e+02
1.016636169879163920e-03
5.030000000000000000e+02
1.328938538023678121e-03
1.770000000000000000e+02
1.168353283672303108e-02
4.500000000000000000e+01
1.194104126184467735e-02
2.660000000000000000e+02
1.986143772203734226e-02
1.940000000000000000e+02
1.300090231084141505e-02
1.350000000000000000e+02
