-7.796299999999999386e+01
1.156096309999999905e-01
-1.073820000000000050e+02
1.863500760000000034e-01
-8.758799999999999386e+01
1.625342559999999881e-01
-3.641059999999999945e+02
4.064307639999999444e-01
-3.654900000000000091e+02
4.342039000000000315e-01
-3.166779999999999973e+02
5.431423160000001804e-01
-3.892239999999999895e+02
5.341218240000000783e-01
-3.937239999999999895e+02
5.690838240000000159e-01
-2.126200000000000045e+01
3.436535599999999968e-02
-2.871399999999999864e+01
4.756220400000000376e-02
-2.820400000000000063e+01
4.199638400000000465e-02
