9.800000000000000000e+02 2.299000000000000000e+03 1.220000000000000000e+02 2.599000000000000000e+03
1.745000000000000000e+03 4.430000000000000000e+02 2.536000000000000000e+03 1.276000000000000000e+03
1.643000000000000000e+03 4.400000000000000000e+02 2.539000000000000000e+03 1.378000000000000000e+03
9.850000000000000000e+02 2.961000000000000000e+03 0.000000000000000000e+00 2.054000000000000000e+03
1.075000000000000000e+03 2.423000000000000000e+03 0.000000000000000000e+00 2.502000000000000000e+03
0.000000000000000000e+00 1.900000000000000000e+02 3.358000000000000000e+03 2.452000000000000000e+03
1.118000000000000000e+03 2.037000000000000000e+03 0.000000000000000000e+00 2.845000000000000000e+03
1.102000000000000000e+03 2.023000000000000000e+03 0.000000000000000000e+00 2.875000000000000000e+03
1.401000000000000000e+03 1.574000000000000000e+03 1.052000000000000000e+03 1.973000000000000000e+03
1.432000000000000000e+03 1.695000000000000000e+03 9.560000000000000000e+02 1.917000000000000000e+03
1.429000000000000000e+03 1.693000000000000000e+03 9.620000000000000000e+02 1.916000000000000000e+03
