6.070000000000000000e+02 -1.000000000000000000e+00 3.964000000000000000e+03 1.430000000000000000e+03
6.820000000000000000e+02 1.914000000000000000e+03 1.730000000000000000e+03 1.674000000000000000e+03
6.790000000000000000e+02 1.375000000000000000e+03 2.362000000000000000e+03 1.584000000000000000e+03
6.980000000000000000e+02 1.450000000000000000e+03 2.287000000000000000e+03 1.565000000000000000e+03
7.100000000000000000e+02 1.458000000000000000e+03 2.288000000000000000e+03 1.544000000000000000e+03
6.200000000000000000e+02 7.330000000000000000e+02 2.714000000000000000e+03 1.933000000000000000e+03
1.077000000000000000e+03 1.428000000000000000e+03 1.725000000000000000e+03 1.770000000000000000e+03
1.086000000000000000e+03 1.429000000000000000e+03 1.705000000000000000e+03 1.780000000000000000e+03
1.069000000000000000e+03 1.429000000000000000e+03 1.710000000000000000e+03 1.792000000000000000e+03
1.039000000000000000e+03 1.482000000000000000e+03 1.642000000000000000e+03 1.837000000000000000e+03
1.040000000000000000e+03 1.476000000000000000e+03 1.644000000000000000e+03 1.840000000000000000e+03
