1.134475461789567546e-03
6.000000000000000000e+01
1.133885695640854223e-03
2.000000000000000000e+02
1.127484753199340349e-03
8.100000000000000000e+01
2.062402720155336738e-02
1.080000000000000000e+02
3.788399127546125678e-02
1.200000000000000000e+01
1.137115534477874459e-03
1.420000000000000000e+02
1.233540886693790424e-03
6.800000000000000000e+01
2.034585088489998875e-02
1.500000000000000000e+01
1.185479998240599256e-03
1.630000000000000000e+02
1.074093711136072478e-03
1.720000000000000000e+02
