2.739648433778097986e-03
1.040000000000000000e+02
1.192373854024649871e-03
5.600000000000000000e+01
1.298290865638353870e-03
8.600000000000000000e+01
1.209136482907740250e-03
6.600000000000000000e+01
1.207608975247238424e-03
6.600000000000000000e+01
1.219067786818340627e-03
8.600000000000000000e+01
1.014356746726638100e-03
3.500000000000000000e+01
1.068386694721332490e-03
8.700000000000000000e+01
1.044018305819699064e-03
5.200000000000000000e+01
1.051826350719113536e-03
7.400000000000000000e+01
1.075693949201518779e-03
5.900000000000000000e+01
