8.250000000000000000e+02 3.730000000000000000e+02 9.350000000000000000e+02 3.867000000000000000e+03
3.792000000000000000e+03 3.410000000000000000e+02 1.207000000000000000e+03 6.600000000000000000e+02
3.451000000000000000e+03 1.290000000000000000e+03 0.000000000000000000e+00 1.259000000000000000e+03
0.000000000000000000e+00 1.614000000000000000e+03 2.416000000000000000e+03 1.970000000000000000e+03
1.144000000000000000e+03 4.112000000000000000e+03 7.420000000000000000e+02 2.000000000000000000e+00
1.911000000000000000e+03 3.333000000000000000e+03 7.550000000000000000e+02 1.000000000000000000e+00
1.336000000000000000e+03 1.734000000000000000e+03 1.613000000000000000e+03 1.317000000000000000e+03
1.379000000000000000e+03 1.682000000000000000e+03 1.609000000000000000e+03 1.330000000000000000e+03
1.393000000000000000e+03 1.644000000000000000e+03 1.601000000000000000e+03 1.362000000000000000e+03
3.720000000000000000e+02 3.612000000000000000e+03 0.000000000000000000e+00 2.016000000000000000e+03
1.409000000000000000e+03 1.616000000000000000e+03 1.604000000000000000e+03 1.371000000000000000e+03
