1.500000000000000000e+03 1.500000000000000000e+03 1.500000000000000000e+03 1.500000000000000000e+03
7.980000000000000000e+02 2.619000000000000000e+03 1.030000000000000000e+03 1.553000000000000000e+03
1.310000000000000000e+03 1.962000000000000000e+03 1.853000000000000000e+03 8.750000000000000000e+02
8.070000000000000000e+02 2.280000000000000000e+03 1.435000000000000000e+03 1.478000000000000000e+03
1.000000000000000000e+03 2.595000000000000000e+03 6.320000000000000000e+02 1.773000000000000000e+03
8.140000000000000000e+02 4.480000000000000000e+02 9.280000000000000000e+02 3.810000000000000000e+03
2.175000000000000000e+03 0.000000000000000000e+00 3.011000000000000000e+03 8.140000000000000000e+02
3.327000000000000000e+03 1.342000000000000000e+03 0.000000000000000000e+00 1.331000000000000000e+03
0.000000000000000000e+00 1.908000000000000000e+03 3.357000000000000000e+03 7.350000000000000000e+02
0.000000000000000000e+00 1.842000000000000000e+03 1.569000000000000000e+03 2.589000000000000000e+03
2.113000000000000000e+03 2.953000000000000000e+03 9.320000000000000000e+02 2.000000000000000000e+00
1.327000000000000000e+03 1.740000000000000000e+03 1.615000000000000000e+03 1.318000000000000000e+03
1.499000000000000000e+03 1.500000000000000000e+03 1.500000000000000000e+03 1.501000000000000000e+03
2.535000000000000000e+03 6.790000000000000000e+02 7.450000000000000000e+02 2.041000000000000000e+03
2.670000000000000000e+02 0.000000000000000000e+00 2.887000000000000000e+03 2.846000000000000000e+03
