1.165719780534265433e-03
1.090000000000000000e+02
3.877452300821909031e-03
1.530000000000000000e+02
2.886741651560712895e-03
2.790000000000000000e+02
3.625954301027339149e-03
2.610000000000000000e+02
4.641533056444544642e-02
1.000000000000000000e+01
1.076435506744922001e-03
4.800000000000000000e+01
1.082565098724795226e-03
4.800000000000000000e+01
1.066885793567311745e-03
4.500000000000000000e+01
1.109095045726670977e-03
4.000000000000000000e+01
1.095228211103134496e-03
6.100000000000000000e+01
1.176950985968834096e-03
5.600000000000000000e+01
