-9.793200000000000216e+01
1.732033759999999922e-01
-3.762230000000000132e+02
4.418952709999999784e-01
-3.890659999999999741e+02
4.588356439999999314e-01
-1.223259999999999934e+02
1.807837240000000067e-01
-2.529710000000000036e+02
4.054181590000000002e-01
-2.255999999999999872e+01
3.607839999999999658e-02
-2.224899999999999878e+01
3.512499900000000397e-02
-2.148900000000000077e+01
3.510787900000000156e-02
-2.215800000000000125e+01
3.549303600000000558e-02
-2.158200000000000074e+01
3.364727599999999680e-02
-2.012600000000000122e+01
2.917012400000000560e-02
