2.043000000000000000e+03 4.470000000000000000e+02 2.286000000000000000e+03 1.224000000000000000e+03
2.136000000000000000e+03 3.970000000000000000e+02 1.724000000000000000e+03 1.743000000000000000e+03
2.107000000000000000e+03 1.278000000000000000e+03 0.000000000000000000e+00 2.615000000000000000e+03
1.939000000000000000e+03 1.376000000000000000e+03 0.000000000000000000e+00 2.685000000000000000e+03
1.936000000000000000e+03 1.378000000000000000e+03 0.000000000000000000e+00 2.686000000000000000e+03
1.935000000000000000e+03 1.380000000000000000e+03 0.000000000000000000e+00 2.685000000000000000e+03
8.980000000000000000e+02 1.699000000000000000e+03 9.630000000000000000e+02 2.440000000000000000e+03
9.570000000000000000e+02 1.424000000000000000e+03 1.854000000000000000e+03 1.765000000000000000e+03
1.028000000000000000e+03 1.473000000000000000e+03 1.495000000000000000e+03 2.004000000000000000e+03
1.029000000000000000e+03 1.472000000000000000e+03 1.495000000000000000e+03 2.004000000000000000e+03
2.121000000000000000e+03 0.000000000000000000e+00 3.215000000000000000e+03 6.640000000000000000e+02
