-1.588379999999999939e+02
3.125997560000000619e-01
-1.726819999999999879e+02
2.903308760000000710e-01
-4.717679999999999723e+02
7.545021759999999134e-01
-4.376320000000000050e+02
6.966565759999999718e-01
-4.373799999999999955e+02
7.221815999999999791e-01
-4.345790000000000077e+02
6.804577590000001619e-01
-3.344100000000000250e+01
5.350251899999999838e-02
-1.793499999999999872e+01
2.736477500000000090e-02
-1.508799999999999919e+01
2.311625599999999822e-02
-1.543699999999999939e+01
2.367403099999999816e-02
-4.143419999999999845e+02
6.546890359999999465e-01
