1.059047359907047551e-03
1.220000000000000000e+02
1.127710962921227213e-03
1.430000000000000000e+02
4.678971613832031730e-03
1.850000000000000000e+02
4.852127715983149854e-03
5.800000000000000000e+01
4.848707333133603012e-03
9.500000000000000000e+01
4.885715941694631671e-03
9.500000000000000000e+01
9.373218172646078424e-04
1.000000000000000000e+02
9.550587105424423236e-04
7.900000000000000000e+01
8.381371411427781040e-04
4.700000000000000000e+01
8.549347981504657606e-04
3.100000000000000000e+01
2.640916636019975672e-02
2.800000000000000000e+01
