9.868967026389712221e-04
9.800000000000000000e+01
1.061631391074512780e-03
1.450000000000000000e+02
1.677332263855876946e-03
2.520000000000000000e+02
3.052928944181807283e-03
6.900000000000000000e+01
1.406903652423330134e-03
1.230000000000000000e+02
5.457724680734705319e-03
1.940000000000000000e+02
1.031260686994023290e-03
1.720000000000000000e+02
1.067571342666553567e-03
4.670000000000000000e+02
2.357733724631279337e-03
2.640000000000000000e+02
1.099274815114586155e-02
8.400000000000000000e+01
