1.500000000000000000e+03 1.500000000000000000e+03 1.500000000000000000e+03 1.500000000000000000e+03
7.750000000000000000e+02 1.273000000000000000e+03 1.142000000000000000e+03 2.810000000000000000e+03
8.590000000000000000e+02 1.291000000000000000e+03 1.103000000000000000e+03 2.747000000000000000e+03
8.610000000000000000e+02 2.926000000000000000e+03 5.150000000000000000e+02 1.698000000000000000e+03
2.559000000000000000e+03 2.175000000000000000e+03 7.560000000000000000e+02 5.100000000000000000e+02
7.990000000000000000e+02 3.916000000000000000e+03 1.106000000000000000e+03 1.790000000000000000e+02
1.746000000000000000e+03 2.960000000000000000e+02 1.929000000000000000e+03 2.029000000000000000e+03
3.040000000000000000e+03 9.510000000000000000e+02 2.008000000000000000e+03 1.000000000000000000e+00
3.776000000000000000e+03 0.000000000000000000e+00 4.570000000000000000e+02 1.767000000000000000e+03
1.048000000000000000e+03 1.680000000000000000e+02 1.210000000000000000e+02 4.663000000000000000e+03
2.299000000000000000e+03 1.113000000000000000e+03 0.000000000000000000e+00 2.588000000000000000e+03
8.040000000000000000e+02 1.839000000000000000e+03 7.030000000000000000e+02 2.654000000000000000e+03
3.230000000000000000e+02 1.354000000000000000e+03 3.940000000000000000e+03 3.830000000000000000e+02
0.000000000000000000e+00 2.523000000000000000e+03 2.922000000000000000e+03 5.550000000000000000e+02
0.000000000000000000e+00 4.050000000000000000e+02 2.550000000000000000e+03 3.045000000000000000e+03
