1.744719144369423144e-03
1.140000000000000000e+02
1.279446750126541450e-03
3.320000000000000000e+02
1.878015995691326157e-02
2.700000000000000000e+01
1.131772187606553196e-02
5.400000000000000000e+01
2.821872991816647830e-02
1.400000000000000000e+01
2.250131247670112203e-02
4.400000000000000000e+01
3.147829079841386879e-02
1.100000000000000000e+01
2.017762074551134391e-02
1.860000000000000000e+02
2.529149802800083335e-02
9.400000000000000000e+01
5.941695238586748584e-02
1.400000000000000000e+01
