9.300000000000000000e+01 6.550000000000000000e+02 5.440000000000000000e+02 4.708000000000000000e+03
1.322000000000000000e+03 3.780000000000000000e+02 3.207000000000000000e+03 1.093000000000000000e+03
1.497000000000000000e+03 3.025000000000000000e+03 0.000000000000000000e+00 1.478000000000000000e+03
1.338000000000000000e+03 1.534000000000000000e+03 1.463000000000000000e+03 1.665000000000000000e+03
1.441000000000000000e+03 1.246000000000000000e+03 1.807000000000000000e+03 1.506000000000000000e+03
1.444000000000000000e+03 1.240000000000000000e+03 1.807000000000000000e+03 1.509000000000000000e+03
1.390000000000000000e+03 1.255000000000000000e+03 1.751000000000000000e+03 1.604000000000000000e+03
1.356000000000000000e+03 1.306000000000000000e+03 1.766000000000000000e+03 1.572000000000000000e+03
1.416000000000000000e+03 1.391000000000000000e+03 1.741000000000000000e+03 1.452000000000000000e+03
1.461000000000000000e+03 1.321000000000000000e+03 1.659000000000000000e+03 1.559000000000000000e+03
1.472000000000000000e+03 1.344000000000000000e+03 1.668000000000000000e+03 1.516000000000000000e+03
