1.500000000000000000e+03 1.500000000000000000e+03 1.500000000000000000e+03 1.500000000000000000e+03
1.608000000000000000e+03 8.560000000000000000e+02 9.300000000000000000e+02 2.606000000000000000e+03
6.990000000000000000e+02 2.452000000000000000e+03 1.723000000000000000e+03 1.126000000000000000e+03
2.831000000000000000e+03 7.930000000000000000e+02 8.010000000000000000e+02 1.575000000000000000e+03
2.652000000000000000e+03 1.401000000000000000e+03 1.280000000000000000e+03 6.670000000000000000e+02
0.000000000000000000e+00 1.406000000000000000e+03 6.630000000000000000e+02 3.931000000000000000e+03
1.077000000000000000e+03 1.300000000000000000e+02 3.285000000000000000e+03 1.508000000000000000e+03
1.651000000000000000e+03 2.840000000000000000e+03 1.507000000000000000e+03 2.000000000000000000e+00
1.342000000000000000e+03 2.537000000000000000e+03 0.000000000000000000e+00 2.121000000000000000e+03
-1.000000000000000000e+00 1.736000000000000000e+03 2.449000000000000000e+03 1.816000000000000000e+03
2.302000000000000000e+03 5.040000000000000000e+02 3.192000000000000000e+03 2.000000000000000000e+00
3.930000000000000000e+02 3.566000000000000000e+03 2.040000000000000000e+03 1.000000000000000000e+00
9.700000000000000000e+02 0.000000000000000000e+00 1.786000000000000000e+03 3.244000000000000000e+03
1.019000000000000000e+03 1.977000000000000000e+03 3.002000000000000000e+03 2.000000000000000000e+00
2.446000000000000000e+03 2.945000000000000000e+03 6.070000000000000000e+02 2.000000000000000000e+00
