9.945029957963782714e-04
8.400000000000000000e+01
9.752547780157300172e-04
7.700000000000000000e+01
1.225261367111803472e-03
1.950000000000000000e+02
1.360490514301557511e-03
1.100000000000000000e+02
1.151419139526644242e-03
2.260000000000000000e+02
9.499118189613754357e-03
4.300000000000000000e+01
1.584080280095275179e-03
6.500000000000000000e+01
1.252040218393916287e-03
1.740000000000000000e+02
1.235135445908885389e-03
2.080000000000000000e+02
8.920247820384129191e-04
4.000000000000000000e+01
9.249949969366725927e-04
3.300000000000000000e+01
