9.691161793371693648e-04
8.500000000000000000e+01
9.698584803092820221e-04
6.900000000000000000e+01
2.675609497632113268e-03
1.790000000000000000e+02
1.366710168511032098e-03
1.670000000000000000e+02
1.080280505063125306e-03
2.420000000000000000e+02
9.025865539630379547e-03
4.700000000000000000e+01
1.727194242552949986e-03
1.420000000000000000e+02
7.146396569504236476e-03
1.030000000000000000e+02
1.110177038878173853e-03
1.580000000000000000e+02
1.135356071600352595e-02
8.500000000000000000e+01
