1.500000000000000000e+03 1.500000000000000000e+03 1.500000000000000000e+03 1.500000000000000000e+03
1.324000000000000000e+03 3.298000000000000000e+03 8.220000000000000000e+02 5.560000000000000000e+02
8.590000000000000000e+02 9.330000000000000000e+02 2.847000000000000000e+03 1.361000000000000000e+03
1.114000000000000000e+03 1.593000000000000000e+03 2.469000000000000000e+03 8.240000000000000000e+02
2.175000000000000000e+03 9.300000000000000000e+02 1.632000000000000000e+03 1.263000000000000000e+03
9.010000000000000000e+02 5.600000000000000000e+01 2.629000000000000000e+03 2.414000000000000000e+03
1.079000000000000000e+03 2.370000000000000000e+03 1.291000000000000000e+03 1.260000000000000000e+03
2.824000000000000000e+03 1.993000000000000000e+03 1.182000000000000000e+03 1.000000000000000000e+00
4.930000000000000000e+02 1.649000000000000000e+03 5.090000000000000000e+02 3.349000000000000000e+03
2.959000000000000000e+03 8.000000000000000000e+00 2.433000000000000000e+03 6.000000000000000000e+02
2.386000000000000000e+03 1.511000000000000000e+03 0.000000000000000000e+00 2.103000000000000000e+03
0.000000000000000000e+00 2.913000000000000000e+03 2.610000000000000000e+02 2.826000000000000000e+03
1.376000000000000000e+03 4.730000000000000000e+02 4.149000000000000000e+03 2.000000000000000000e+00
1.343000000000000000e+03 5.110000000000000000e+02 1.860000000000000000e+02 3.960000000000000000e+03
9.830000000000000000e+02 2.810000000000000000e+03 2.205000000000000000e+03 2.000000000000000000e+00
