1.079356313984696598e-03
6.100000000000000000e+01
1.806811174389099696e-03
1.330000000000000000e+02
9.893057425258687011e-04
1.400000000000000000e+02
1.391026023806881231e-03
3.700000000000000000e+02
2.266312722379862712e-02
1.200000000000000000e+01
2.076681812454544973e-03
1.290000000000000000e+02
1.296809430552386434e-02
3.800000000000000000e+01
4.649648314202706537e-03
2.290000000000000000e+02
3.775092469001180284e-02
2.200000000000000000e+01
1.047379960193825250e-03
2.550000000000000000e+02
