1.037000000000000000e+03 1.783000000000000000e+03 1.970000000000000000e+03 1.210000000000000000e+03
2.050000000000000000e+02 5.580000000000000000e+02 3.200000000000000000e+02 4.917000000000000000e+03
4.960000000000000000e+02 0.000000000000000000e+00 2.488000000000000000e+03 3.016000000000000000e+03
3.350000000000000000e+02 0.000000000000000000e+00 2.645000000000000000e+03 3.020000000000000000e+03
1.408000000000000000e+03 4.700000000000000000e+02 4.121000000000000000e+03 1.000000000000000000e+00
2.903000000000000000e+03 6.710000000000000000e+02 0.000000000000000000e+00 2.426000000000000000e+03
1.221000000000000000e+03 1.368000000000000000e+03 1.586000000000000000e+03 1.825000000000000000e+03
1.219000000000000000e+03 1.383000000000000000e+03 1.577000000000000000e+03 1.821000000000000000e+03
0.000000000000000000e+00 6.550000000000000000e+02 3.410000000000000000e+02 5.004000000000000000e+03
1.219000000000000000e+03 1.424000000000000000e+03 1.553000000000000000e+03 1.804000000000000000e+03
1.225000000000000000e+03 1.415000000000000000e+03 1.564000000000000000e+03 1.796000000000000000e+03
