-3.237299999999999756e+01
4.594787100000000124e-02
-5.000339999999999918e+02
5.728648439999999287e-01
-2.366839999999999975e+02
3.126481440000000167e-01
-2.562869999999999777e+02
3.778046310000000019e-01
-4.426879999999999882e+02
6.936026559999999286e-01
-5.792870000000000346e+02
7.572386310000001064e-01
-1.427500000000000036e+01
2.481337500000000210e-02
-1.434800000000000075e+01
2.397889599999999954e-02
-6.050890000000000555e+02
7.254190789999999112e-01
-1.536500000000000021e+01
2.476177499999999976e-02
-1.537599999999999945e+01
2.482662399999999853e-02
