1.500000000000000000e+03 1.500000000000000000e+03 1.500000000000000000e+03 1.500000000000000000e+03
1.535000000000000000e+03 2.093000000000000000e+03 9.440000000000000000e+02 1.428000000000000000e+03
2.336000000000000000e+03 2.362000000000000000e+03 6.100000000000000000e+02 6.920000000000000000e+02
6.650000000000000000e+02 2.323000000000000000e+03 5.950000000000000000e+02 2.417000000000000000e+03
1.733000000000000000e+03 8.840000000000000000e+02 1.828000000000000000e+03 1.555000000000000000e+03
9.120000000000000000e+02 2.247000000000000000e+03 2.105000000000000000e+03 7.360000000000000000e+02
1.633000000000000000e+03 5.530000000000000000e+02 0.000000000000000000e+00 3.814000000000000000e+03
3.803000000000000000e+03 5.060000000000000000e+02 1.441000000000000000e+03 2.500000000000000000e+02
3.210000000000000000e+02 0.000000000000000000e+00 2.504000000000000000e+03 3.175000000000000000e+03
1.792000000000000000e+03 1.243000000000000000e+03 2.963000000000000000e+03 2.000000000000000000e+00
3.219000000000000000e+03 3.800000000000000000e+01 0.000000000000000000e+00 2.743000000000000000e+03
1.152000000000000000e+03 4.032000000000000000e+03 8.150000000000000000e+02 1.000000000000000000e+00
7.640000000000000000e+02 0.000000000000000000e+00 4.122000000000000000e+03 1.114000000000000000e+03
4.338000000000000000e+03 3.890000000000000000e+02 0.000000000000000000e+00 1.273000000000000000e+03
1.153000000000000000e+03 8.960000000000000000e+02 1.724000000000000000e+03 2.227000000000000000e+03
