1.434000000000000000e+03 8.660000000000000000e+02 2.107000000000000000e+03 1.593000000000000000e+03
2.102000000000000000e+03 0.000000000000000000e+00 5.800000000000000000e+02 3.318000000000000000e+03
6.200000000000000000e+01 2.700000000000000000e+02 1.322000000000000000e+03 4.346000000000000000e+03
0.000000000000000000e+00 7.780000000000000000e+02 1.813000000000000000e+03 3.409000000000000000e+03
0.000000000000000000e+00 2.636000000000000000e+03 1.590000000000000000e+02 3.205000000000000000e+03
0.000000000000000000e+00 9.920000000000000000e+02 1.446000000000000000e+03 3.562000000000000000e+03
1.193000000000000000e+03 1.136000000000000000e+03 1.501000000000000000e+03 2.170000000000000000e+03
1.283000000000000000e+03 1.190000000000000000e+03 1.420000000000000000e+03 2.107000000000000000e+03
1.199000000000000000e+03 1.311000000000000000e+03 1.549000000000000000e+03 1.941000000000000000e+03
1.060000000000000000e+03 1.387000000000000000e+03 1.569000000000000000e+03 1.984000000000000000e+03
1.057000000000000000e+03 1.373000000000000000e+03 1.565000000000000000e+03 2.005000000000000000e+03
