9.917218779801712999e-04
1.520000000000000000e+02
1.165095400442653752e-03
2.020000000000000000e+02
9.735453958345224174e-04
2.370000000000000000e+02
1.794851865297472865e-03
1.470000000000000000e+02
1.969698552123536062e-02
2.300000000000000000e+01
6.774197171272967194e-03
6.600000000000000000e+01
3.400672291992977523e-03
6.200000000000000000e+01
1.870636742862676061e-03
1.550000000000000000e+02
2.279858794158932597e-02
1.500000000000000000e+01
1.431862266565923567e-02
2.690000000000000000e+02
