1.057831940026523814e-03
7.500000000000000000e+01
5.287528503627653143e-03
6.200000000000000000e+01
1.398987420675094125e-03
1.510000000000000000e+02
7.994796692363238116e-03
7.300000000000000000e+01
3.539734403205623946e-03
7.200000000000000000e+01
9.648038610111580454e-03
5.300000000000000000e+01
9.979849344912612198e-04
4.000000000000000000e+01
1.180814676148694408e-03
6.600000000000000000e+01
8.874367078503427042e-04
4.000000000000000000e+01
8.976605973999515504e-04
4.100000000000000000e+01
2.027199847830778601e-03
3.000000000000000000e+01
