-3.378499999999999659e+01
5.816077499999999095e-02
-4.080450000000000159e+02
6.563749749999999716e-01
-4.208650000000000091e+02
5.759427749999999069e-01
-3.069030000000000200e+02
4.348555909999999303e-01
-3.088629999999999995e+02
4.348922310000000180e-01
-3.445570000000000164e+02
4.895707509999999152e-01
-1.624500000000000099e+01
2.973497500000000029e-02
-1.591000000000000014e+01
2.884390000000000218e-02
-1.423799999999999955e+01
2.321335600000000096e-02
-1.415399999999999991e+01
2.206628399999999851e-02
-1.459299999999999997e+01
2.388735100000000111e-02
