1.076610314300148388e-03
9.000000000000000000e+01
1.172175635756283682e-03
8.600000000000000000e+01
9.860354967841612403e-04
4.100000000000000000e+01
9.257936507368914056e-04
3.800000000000000000e+01
1.009676627010161606e-03
4.500000000000000000e+01
1.016760548432949461e-03
4.600000000000000000e+01
1.043963260676532409e-03
3.900000000000000000e+01
1.025948357507198809e-03
5.300000000000000000e+01
1.005314620928080211e-03
7.000000000000000000e+01
1.126764557616090172e-03
3.300000000000000000e+01
1.041335390595885717e-03
3.200000000000000000e+01
