-4.007999999999999829e+01
8.513760000000000772e-02
-3.639699999999999847e+01
6.370339099999999810e-02
-3.429999999999999716e+01
6.908799999999999664e-02
-1.893799999999999883e+01
2.675015600000000410e-02
-2.537399999999999878e+01
3.560212399999999888e-02
-2.555799999999999983e+01
3.657863600000000465e-02
-1.668100000000000094e+01
2.630123900000000403e-02
-1.685600000000000165e+01
2.393326400000000270e-02
-1.694999999999999929e+01
2.731950000000000003e-02
-2.102299999999999969e+01
2.799447099999999647e-02
-2.316199999999999903e+01
3.458375599999999328e-02
