1.220701360087516046e-03
1.800000000000000000e+02
2.582720797505054164e-02
3.900000000000000000e+01
1.419742971888919569e-02
2.300000000000000000e+01
1.154625627281647034e-03
1.930000000000000000e+02
2.314877706001558857e-02
1.800000000000000000e+01
6.083765421612159774e-03
1.660000000000000000e+02
6.111147531987647097e-02
7.000000000000000000e+00
2.802033597141944526e-02
2.240000000000000000e+02
2.118298805160803711e-02
1.800000000000000000e+01
6.042687788212747213e-02
1.900000000000000000e+01
