1.500000000000000000e+03 1.500000000000000000e+03 1.500000000000000000e+03 1.500000000000000000e+03
2.784000000000000000e+03 1.083000000000000000e+03 9.870000000000000000e+02 1.146000000000000000e+03
1.419000000000000000e+03 2.628000000000000000e+03 8.590000000000000000e+02 1.094000000000000000e+03
1.014000000000000000e+03 1.925000000000000000e+03 7.920000000000000000e+02 2.269000000000000000e+03
7.660000000000000000e+02 1.537000000000000000e+03 1.338000000000000000e+03 2.359000000000000000e+03
1.279000000000000000e+03 3.500000000000000000e+01 2.890000000000000000e+02 4.397000000000000000e+03
1.948000000000000000e+03 1.359000000000000000e+03 0.000000000000000000e+00 2.693000000000000000e+03
0.000000000000000000e+00 2.038000000000000000e+03 4.290000000000000000e+02 3.533000000000000000e+03
1.196000000000000000e+03 4.240000000000000000e+02 2.999000000000000000e+03 1.381000000000000000e+03
0.000000000000000000e+00 9.660000000000000000e+02 3.824000000000000000e+03 1.210000000000000000e+03
0.000000000000000000e+00 3.270000000000000000e+03 1.968000000000000000e+03 7.620000000000000000e+02
2.975000000000000000e+03 6.350000000000000000e+02 2.389000000000000000e+03 1.000000000000000000e+00
1.396000000000000000e+03 2.167000000000000000e+03 2.436000000000000000e+03 1.000000000000000000e+00
1.648000000000000000e+03 0.000000000000000000e+00 1.939000000000000000e+03 2.413000000000000000e+03
2.202000000000000000e+03 2.348000000000000000e+03 1.449000000000000000e+03 1.000000000000000000e+00
