-4.168670000000000186e+02
6.215653109999998982e-01
-5.641109999999999900e+02
9.532066790000000012e-01
-3.962110000000000127e+02
5.266164789999998597e-01
-3.109549999999999841e+02
3.794169749999999897e-01
-5.192590000000000146e+02
6.901539190000000046e-01
-1.667599999999999838e+01
2.636502400000000079e-02
-4.641639999999999873e+02
7.982251040000001296e-01
-1.587700000000000067e+01
2.266787099999999916e-02
-2.936549999999999727e+02
3.259139749999999669e-01
-1.587800000000000011e+01
2.840111600000000056e-02
-1.543999999999999950e+01
2.358640000000000042e-02
