5.140000000000000000e+02 2.580000000000000000e+02 4.099000000000000000e+03 1.129000000000000000e+03
1.670000000000000000e+03 7.560000000000000000e+02 0.000000000000000000e+00 3.574000000000000000e+03
1.718000000000000000e+03 2.541000000000000000e+03 0.000000000000000000e+00 1.741000000000000000e+03
4.110000000000000000e+03 4.840000000000000000e+02 1.404000000000000000e+03 2.000000000000000000e+00
0.000000000000000000e+00 1.346000000000000000e+03 2.750000000000000000e+02 4.379000000000000000e+03
1.212000000000000000e+03 1.516000000000000000e+03 1.611000000000000000e+03 1.661000000000000000e+03
0.000000000000000000e+00 7.220000000000000000e+02 1.166000000000000000e+03 4.112000000000000000e+03
1.044000000000000000e+03 1.430000000000000000e+03 1.643000000000000000e+03 1.883000000000000000e+03
4.598000000000000000e+03 1.267000000000000000e+03 1.340000000000000000e+02 1.000000000000000000e+00
9.820000000000000000e+02 1.438000000000000000e+03 1.619000000000000000e+03 1.961000000000000000e+03
9.930000000000000000e+02 1.428000000000000000e+03 1.600000000000000000e+03 1.979000000000000000e+03
