1.514489402576775891e-03
1.510000000000000000e+02
2.757405552551450874e-03
1.900000000000000000e+02
7.123555559375015223e-03
1.570000000000000000e+02
5.018299563605728431e-02
1.400000000000000000e+01
1.859149444733632778e-02
2.800000000000000000e+01
8.972313870661694423e-04
3.500000000000000000e+01
2.964964542759925686e-02
2.700000000000000000e+01
9.441970861883756906e-04
3.100000000000000000e+01
2.320277557171274759e-03
8.200000000000000000e+01
7.496097511273422213e-04
4.400000000000000000e+01
8.889895314329858021e-04
3.500000000000000000e+01
