1.213179911941353372e-03
2.990000000000000000e+02
1.339461266375509014e-03
2.340000000000000000e+02
4.880179402606218443e-03
7.200000000000000000e+01
3.241338466569800708e-02
9.000000000000000000e+00
1.049963632008094755e-02
1.060000000000000000e+02
2.912877052097369995e-02
1.000000000000000000e+01
1.752148695852796811e-02
1.900000000000000000e+02
3.984032772676859152e-02
7.000000000000000000e+00
1.855789782530903667e-02
5.600000000000000000e+01
2.845621719607580036e-02
4.000000000000000000e+01
