1.500000000000000000e+03 1.500000000000000000e+03 1.500000000000000000e+03 1.500000000000000000e+03
6.620000000000000000e+02 1.274000000000000000e+03 1.449000000000000000e+03 2.615000000000000000e+03
1.702000000000000000e+03 1.485000000000000000e+03 2.289000000000000000e+03 5.240000000000000000e+02
2.803000000000000000e+03 9.970000000000000000e+02 1.366000000000000000e+03 8.340000000000000000e+02
8.810000000000000000e+02 2.324000000000000000e+03 1.602000000000000000e+03 1.193000000000000000e+03
3.650000000000000000e+02 2.170000000000000000e+02 3.805000000000000000e+03 1.613000000000000000e+03
1.677000000000000000e+03 2.520000000000000000e+02 1.820000000000000000e+02 3.889000000000000000e+03
1.775000000000000000e+03 2.731000000000000000e+03 0.000000000000000000e+00 1.494000000000000000e+03
0.000000000000000000e+00 2.618000000000000000e+03 1.658000000000000000e+03 1.724000000000000000e+03
1.604000000000000000e+03 0.000000000000000000e+00 2.312000000000000000e+03 2.084000000000000000e+03
9.490000000000000000e+02 3.754000000000000000e+03 1.296000000000000000e+03 1.000000000000000000e+00
2.880000000000000000e+02 1.679000000000000000e+03 0.000000000000000000e+00 4.033000000000000000e+03
1.130000000000000000e+03 2.450000000000000000e+03 2.419000000000000000e+03 1.000000000000000000e+00
0.000000000000000000e+00 8.000000000000000000e+01 1.977000000000000000e+03 3.943000000000000000e+03
4.130000000000000000e+02 2.025000000000000000e+03 3.561000000000000000e+03 1.000000000000000000e+00
