-2.682780000000000200e+02
4.477087160000000621e-01
-2.950840000000000032e+02
3.267529439999999341e-01
-2.698310000000000173e+02
4.270464389999999999e-01
-1.647150000000000034e+02
2.240057749999999903e-01
-2.122050000000000125e+02
3.191749749999999719e-01
-3.403530000000000086e+02
4.881443910000000108e-01
-1.608489999999999895e+02
2.236681990000000120e-01
-3.031270000000000095e+02
3.401908709999999503e-01
-1.840700000000000003e+01
3.000535099999999608e-02
-1.810300000000000153e+01
3.015439099999999567e-02
-3.872010000000000218e+02
4.854005990000000437e-01
