2.388000000000000000e+03 1.534000000000000000e+03 2.077000000000000000e+03 1.000000000000000000e+00
4.287000000000000000e+03 1.116000000000000000e+03 3.340000000000000000e+02 2.630000000000000000e+02
2.396000000000000000e+03 1.580000000000000000e+03 2.022000000000000000e+03 2.000000000000000000e+00
0.000000000000000000e+00 1.724000000000000000e+03 1.595000000000000000e+03 2.681000000000000000e+03
0.000000000000000000e+00 1.043000000000000000e+03 1.985000000000000000e+03 2.972000000000000000e+03
0.000000000000000000e+00 7.000000000000000000e+00 2.634000000000000000e+03 3.359000000000000000e+03
0.000000000000000000e+00 2.027000000000000000e+03 1.453000000000000000e+03 2.520000000000000000e+03
4.329000000000000000e+03 4.010000000000000000e+02 1.006000000000000000e+03 2.640000000000000000e+02
1.292000000000000000e+03 1.476000000000000000e+03 1.611000000000000000e+03 1.621000000000000000e+03
1.241000000000000000e+03 1.575000000000000000e+03 1.604000000000000000e+03 1.580000000000000000e+03
3.318000000000000000e+03 0.000000000000000000e+00 1.247000000000000000e+03 1.435000000000000000e+03
