3.248863105738580923e-03
4.700000000000000000e+01
1.257267610974542073e-03
1.070000000000000000e+02
3.915252345962681388e-03
7.400000000000000000e+01
6.409174159926284142e-03
1.230000000000000000e+02
5.660814529151301892e-03
5.200000000000000000e+01
1.226458445078113619e-03
2.640000000000000000e+02
7.003957090732467437e-03
1.190000000000000000e+02
1.149624345307879124e-02
1.620000000000000000e+02
1.450345746283562658e-02
1.460000000000000000e+02
8.860769501969310846e-03
3.700000000000000000e+01
