2.635817788844410300e-03
1.160000000000000000e+02
1.016503438584623244e-03
1.970000000000000000e+02
2.803234310018821746e-03
1.210000000000000000e+02
1.072527030022733807e-02
1.630000000000000000e+02
1.019206811764665661e-02
4.200000000000000000e+01
1.364488029230402893e-03
1.860000000000000000e+02
9.731738372649763671e-03
3.120000000000000000e+02
9.973169466600080232e-04
2.460000000000000000e+02
1.077515557168076893e-03
6.400000000000000000e+01
1.056552333884174747e-03
1.160000000000000000e+02
1.259727720772632446e-02
3.400000000000000000e+01
