-8.339700000000000557e+01
9.766539099999999030e-02
-1.178179999999999978e+02
1.884108760000000049e-01
-8.691500000000000625e+01
9.471977500000000605e-02
-8.415099999999999625e+01
8.164419899999998675e-02
-5.460560000000000400e+02
6.931068640000001002e-01
-4.962139999999999986e+02
8.513902040000000948e-01
-2.622700000000000031e+01
3.991747100000000298e-02
-1.368559999999999945e+02
2.034932639999999793e-01
-3.167040000000000077e+02
5.019303839999998962e-01
-2.926190000000000282e+02
3.917518389999999906e-01
-1.968499999999999872e+01
3.077777500000000027e-02
