1.063000000000000000e+03 2.956000000000000000e+03 1.576000000000000000e+03 4.050000000000000000e+02
1.797000000000000000e+03 2.083000000000000000e+03 2.119000000000000000e+03 1.000000000000000000e+00
7.860000000000000000e+02 4.241000000000000000e+03 9.250000000000000000e+02 4.800000000000000000e+01
6.680000000000000000e+02 4.260000000000000000e+03 4.990000000000000000e+02 5.730000000000000000e+02
5.340000000000000000e+02 0.000000000000000000e+00 9.170000000000000000e+02 4.549000000000000000e+03
2.253000000000000000e+03 1.712000000000000000e+03 0.000000000000000000e+00 2.035000000000000000e+03
1.017000000000000000e+03 1.659000000000000000e+03 1.998000000000000000e+03 1.326000000000000000e+03
3.100000000000000000e+01 2.511000000000000000e+03 5.760000000000000000e+02 2.882000000000000000e+03
1.176000000000000000e+03 0.000000000000000000e+00 3.466000000000000000e+03 1.358000000000000000e+03
1.460000000000000000e+02 0.000000000000000000e+00 2.702000000000000000e+03 3.152000000000000000e+03
1.258000000000000000e+03 1.555000000000000000e+03 1.740000000000000000e+03 1.447000000000000000e+03
