1.500000000000000000e+03 1.500000000000000000e+03 1.500000000000000000e+03 1.500000000000000000e+03
3.027000000000000000e+03 7.200000000000000000e+02 1.273000000000000000e+03 9.800000000000000000e+02
1.845000000000000000e+03 5.020000000000000000e+02 9.110000000000000000e+02 2.742000000000000000e+03
7.230000000000000000e+02 1.969000000000000000e+03 1.240000000000000000e+03 2.068000000000000000e+03
2.583000000000000000e+03 7.930000000000000000e+02 2.018000000000000000e+03 6.060000000000000000e+02
1.562000000000000000e+03 2.937000000000000000e+03 7.360000000000000000e+02 7.650000000000000000e+02
1.930000000000000000e+03 2.088000000000000000e+03 1.981000000000000000e+03 1.000000000000000000e+00
2.000000000000000000e+01 1.359000000000000000e+03 3.960000000000000000e+02 4.225000000000000000e+03
0.000000000000000000e+00 1.080000000000000000e+03 2.787000000000000000e+03 2.133000000000000000e+03
6.850000000000000000e+02 0.000000000000000000e+00 3.890000000000000000e+02 4.926000000000000000e+03
2.075000000000000000e+03 1.665000000000000000e+03 0.000000000000000000e+00 2.260000000000000000e+03
0.000000000000000000e+00 2.101000000000000000e+03 2.476000000000000000e+03 1.423000000000000000e+03
4.761000000000000000e+03 0.000000000000000000e+00 7.210000000000000000e+02 5.180000000000000000e+02
1.190000000000000000e+03 1.406000000000000000e+03 3.403000000000000000e+03 1.000000000000000000e+00
5.600000000000000000e+01 2.656000000000000000e+03 2.330000000000000000e+02 3.055000000000000000e+03
