-3.689999999999999947e+00
5.733900000000000108e-02
-2.315600000000000023e+02
2.927463999999999178e+00
-1.036700000000000017e+02
1.271810999999999803e+00
-2.950000000000000178e+00
6.227499999999999702e-02
-2.336899999999999977e+02
2.884139000000000230e+00
-5.164400000000000546e+02
3.392663999999999014e+00
-2.729999999999999982e+00
6.337100000000001065e-02
-2.351500000000000057e+02
2.503874999999999851e+00
-2.939800000000000182e+02
2.608395999999999493e+00
-3.215699999999999932e+02
3.162450999999999901e+00
-1.055300000000000011e+02
1.234490999999999783e+00
-2.459999999999999964e+00
6.988400000000000167e-02
-2.312500000000000000e+02
2.118875000000000064e+00
-2.189999999999999947e+00
5.213900000000000479e-02
-3.100000000000000089e+00
7.409999999999999920e-02
-3.140000000000000124e+00
7.600400000000000211e-02
-3.740000000000000213e+00
7.532400000000000206e-02
-2.049999999999999822e+00
5.927500000000002212e-02
-1.870000000000000107e+00
4.453099999999999420e-02
-4.940000000000000391e+00
8.216400000000000092e-02
-3.399999999999999911e+00
8.819999999999998674e-02
-3.322699999999999818e+02
4.602370999999999768e+00
-3.313799999999999955e+02
4.043756000000001016e+00
-2.298600000000000136e+02
2.635604000000000280e+00
-2.341500000000000057e+02
2.746875000000000178e+00
-3.020000000000000018e+00
8.219600000000001905e-02
-4.089999999999999858e+00
8.461899999999999977e-02
-2.338499999999999943e+02
2.961875000000000036e+00
-5.240900000000000318e+02
3.795619000000000742e+00
-3.310000000000000053e+00
6.073900000000000132e-02
-1.560000000000000053e+00
3.366399999999999948e-02
