-9.085999999999999943e+01
-1.029099999999999966e+02
-1.570000000000000062e+00
-2.977599999999999909e+02
-2.892599999999999909e+02
-1.949999999999999956e+00
-3.079100000000000250e+02
-2.315099999999999909e+02
-2.926600000000000250e+02
-5.040000000000000036e+00
-3.325299999999999727e+02
-3.700000000000000178e+00
-2.313199999999999932e+02
-1.014300000000000068e+02
-5.448600000000000136e+02
-2.790000000000000036e+00
-2.870000000000000107e+00
-3.020000000000000018e+00
-4.099999999999999645e+00
-2.309000000000000057e+02
-2.370000000000000107e+00
-4.469999999999999751e+00
-4.169999999999999929e+00
-1.290000000000000036e+00
-2.216999999999999886e+02
-2.365600000000000023e+02
-1.729999999999999982e+00
-1.055600000000000023e+02
-2.275000000000000000e+02
-3.970000000000000195e+00
-2.200000000000000178e+00
-2.293600000000000136e+02
-2.275399999999999920e+02
-1.037500000000000000e+02
-7.860000000000000320e+00
-1.509600000000000080e+02
-2.370000000000000107e+00
-2.770000000000000018e+00
-2.292100000000000080e+02
-2.100000000000000089e+00
-3.029999999999999805e+00
-5.629999999999999893e+00
-4.240000000000000213e+00
-4.299999999999999822e+00
-2.000000000000000000e+00
-3.459999999999999964e+00
-2.080000000000000071e+00
-8.748999999999999488e+01
-2.367500000000000000e+02
-4.509999999999999787e+00
-3.212500000000000000e+02
-3.169999999999999929e+00
-2.878799999999999955e+02
-3.479999999999999982e+00
-4.360000000000000320e+00
-2.295900000000000034e+02
-3.265000000000000000e+02
-2.950000000000000178e+00
-3.669999999999999929e+00
-2.304499999999999886e+02
-2.350000000000000089e+00
-3.200000000000000178e+00
-1.590000000000000080e+00
-2.279999999999999805e+00
-3.930000000000000160e+00
-3.299999999999999822e+00
-3.001100000000000136e+02
-2.189999999999999947e+00
-1.058100000000000023e+02
-2.303600000000000136e+02
-9.262000000000000455e+01
-2.300399999999999920e+02
-2.338899999999999864e+02
-1.929999999999999938e+00
-1.141999999999999993e+01
-3.990000000000000213e+00
-9.437999999999999545e+01
-2.334300000000000068e+02
-4.080000000000000071e+00
-1.066899999999999977e+02
