1.840000000000000000e+03 7.880000000000000000e+02 2.480000000000000000e+03 8.920000000000000000e+02
2.055000000000000000e+03 5.360000000000000000e+02 2.453000000000000000e+03 9.560000000000000000e+02
2.065000000000000000e+03 4.030000000000000000e+02 2.636000000000000000e+03 8.960000000000000000e+02
4.249000000000000000e+03 0.000000000000000000e+00 3.000000000000000000e+02 1.451000000000000000e+03
1.110000000000000000e+02 0.000000000000000000e+00 3.289000000000000000e+03 2.600000000000000000e+03
0.000000000000000000e+00 1.289000000000000000e+03 3.513000000000000000e+03 1.198000000000000000e+03
1.418000000000000000e+03 1.978000000000000000e+03 1.573000000000000000e+03 1.031000000000000000e+03
3.840000000000000000e+02 5.168000000000000000e+03 0.000000000000000000e+00 4.480000000000000000e+02
1.288000000000000000e+03 1.714000000000000000e+03 1.595000000000000000e+03 1.403000000000000000e+03
1.287000000000000000e+03 1.713000000000000000e+03 1.596000000000000000e+03 1.404000000000000000e+03
9.890000000000000000e+02 1.191000000000000000e+03 1.820000000000000000e+03 2.000000000000000000e+03
