1.262931611527613393e-03
1.500000000000000000e+02
1.125634903892965824e-03
1.700000000000000000e+02
1.174427718763681626e-03
3.960000000000000000e+02
8.526531509446979781e-03
5.100000000000000000e+01
8.922924792368891467e-03
5.800000000000000000e+01
2.707151399693643809e-02
2.600000000000000000e+01
8.931439503857237835e-04
3.300000000000000000e+01
2.595837954097098780e-03
1.830000000000000000e+02
9.431349184011027665e-04
3.700000000000000000e+01
9.902859064333565785e-04
3.600000000000000000e+01
8.009501933336551091e-04
3.900000000000000000e+01
