1.500000000000000000e+03 1.500000000000000000e+03 1.500000000000000000e+03 1.500000000000000000e+03
7.080000000000000000e+02 8.470000000000000000e+02 2.289000000000000000e+03 2.156000000000000000e+03
1.502000000000000000e+03 1.765000000000000000e+03 1.307000000000000000e+03 1.426000000000000000e+03
5.230000000000000000e+02 9.750000000000000000e+02 6.650000000000000000e+02 3.837000000000000000e+03
1.936000000000000000e+03 7.200000000000000000e+02 7.580000000000000000e+02 2.586000000000000000e+03
7.650000000000000000e+02 2.942000000000000000e+03 2.292000000000000000e+03 1.000000000000000000e+00
3.170000000000000000e+03 2.686000000000000000e+03 1.430000000000000000e+02 1.000000000000000000e+00
2.412000000000000000e+03 2.330000000000000000e+02 2.817000000000000000e+03 5.380000000000000000e+02
0.000000000000000000e+00 2.497000000000000000e+03 1.664000000000000000e+03 1.839000000000000000e+03
4.127000000000000000e+03 0.000000000000000000e+00 4.520000000000000000e+02 1.421000000000000000e+03
2.214000000000000000e+03 1.903000000000000000e+03 0.000000000000000000e+00 1.883000000000000000e+03
1.338000000000000000e+03 0.000000000000000000e+00 1.908000000000000000e+03 2.754000000000000000e+03
1.558000000000000000e+03 2.066000000000000000e+03 1.687000000000000000e+03 6.890000000000000000e+02
4.310000000000000000e+02 5.121000000000000000e+03 0.000000000000000000e+00 4.480000000000000000e+02
0.000000000000000000e+00 1.101000000000000000e+03 3.404000000000000000e+03 1.495000000000000000e+03
