9.200000000000000000e+02 1.294000000000000000e+03 1.523000000000000000e+03 2.263000000000000000e+03
9.170000000000000000e+02 1.215000000000000000e+03 1.667000000000000000e+03 2.201000000000000000e+03
9.490000000000000000e+02 1.096000000000000000e+03 1.734000000000000000e+03 2.221000000000000000e+03
5.660000000000000000e+02 8.080000000000000000e+02 4.142000000000000000e+03 4.840000000000000000e+02
1.365000000000000000e+03 1.433000000000000000e+03 1.442000000000000000e+03 1.760000000000000000e+03
1.350000000000000000e+03 1.506000000000000000e+03 1.492000000000000000e+03 1.652000000000000000e+03
5.480000000000000000e+02 3.731000000000000000e+03 1.720000000000000000e+03 1.000000000000000000e+00
3.900000000000000000e+02 3.932000000000000000e+03 1.677000000000000000e+03 1.000000000000000000e+00
1.327000000000000000e+03 1.675000000000000000e+03 1.422000000000000000e+03 1.576000000000000000e+03
1.329000000000000000e+03 1.673000000000000000e+03 1.420000000000000000e+03 1.578000000000000000e+03
1.335000000000000000e+03 1.663000000000000000e+03 1.418000000000000000e+03 1.584000000000000000e+03
