-1.923900000000000077e+01
3.380587899999999701e-02
-1.733999999999999986e+01
2.841039999999999885e-02
-1.952899999999999991e+01
3.408715899999999882e-02
-4.262409999999999854e+02
5.552489189999999519e-01
-1.957600000000000051e+01
3.364622400000000235e-02
-1.991900000000000048e+01
3.372443899999999495e-02
-9.114300000000000068e+01
1.047965510000000017e-01
-9.078300000000000125e+01
1.042659109999999889e-01
-2.092800000000000082e+01
3.480681600000000431e-02
-2.085000000000000142e+01
3.401350000000000207e-02
-2.134600000000000009e+01
3.415828400000000403e-02
