1.113779147611494496e-03
9.100000000000000000e+01
1.134952440946467543e-03
1.260000000000000000e+02
1.049816041227395703e-03
1.090000000000000000e+02
1.032187662601150545e-03
5.350000000000000000e+02
5.068739438916686907e-03
1.900000000000000000e+01
2.419051917039492707e-03
2.500000000000000000e+01
2.326003459033330889e-02
2.700000000000000000e+01
1.422389147353603917e-02
4.100000000000000000e+01
1.173423432540702518e-03
6.100000000000000000e+01
9.984769266107023245e-04
3.300000000000000000e+01
9.571033321665841156e-04
3.500000000000000000e+01
