1.500000000000000000e+03 1.500000000000000000e+03 1.500000000000000000e+03 1.500000000000000000e+03 3.360000000000000000e+02 3.400000000000000000e+02 3.440000000000000000e+02 3.590000000000000000e+02
2.682000000000000000e+03 5.670000000000000000e+02 6.330000000000000000e+02 2.118000000000000000e+03 3.180000000000000000e+02 3.610000000000000000e+02 3.420000000000000000e+02 3.590000000000000000e+02
2.730000000000000000e+03 6.860000000000000000e+02 1.720000000000000000e+03 8.640000000000000000e+02 3.510000000000000000e+02 3.380000000000000000e+02 3.560000000000000000e+02 3.370000000000000000e+02
1.607000000000000000e+03 2.155000000000000000e+03 1.588000000000000000e+03 6.500000000000000000e+02 3.180000000000000000e+02 3.730000000000000000e+02 3.540000000000000000e+02 3.930000000000000000e+02
3.499000000000000000e+03 9.920000000000000000e+02 5.230000000000000000e+02 9.860000000000000000e+02 3.110000000000000000e+02 3.770000000000000000e+02 3.470000000000000000e+02 3.730000000000000000e+02
1.501000000000000000e+03 1.542000000000000000e+03 1.408000000000000000e+03 1.549000000000000000e+03 3.360000000000000000e+02 3.400000000000000000e+02 3.440000000000000000e+02 3.590000000000000000e+02
7.780000000000000000e+02 3.037000000000000000e+03 1.300000000000000000e+02 2.055000000000000000e+03 3.450000000000000000e+02 3.560000000000000000e+02 3.400000000000000000e+02 3.630000000000000000e+02
5.510000000000000000e+02 9.250000000000000000e+02 1.473000000000000000e+03 3.051000000000000000e+03 3.440000000000000000e+02 3.580000000000000000e+02 3.440000000000000000e+02 3.630000000000000000e+02
4.080000000000000000e+02 1.764000000000000000e+03 2.699000000000000000e+03 1.129000000000000000e+03 3.450000000000000000e+02 3.560000000000000000e+02 3.400000000000000000e+02 3.630000000000000000e+02
1.393000000000000000e+03 1.314000000000000000e+03 8.300000000000000000e+01 3.210000000000000000e+03 3.450000000000000000e+02 3.560000000000000000e+02 3.400000000000000000e+02 3.630000000000000000e+02
2.323000000000000000e+03 3.260000000000000000e+03 7.000000000000000000e+01 3.470000000000000000e+02 3.440000000000000000e+02 3.560000000000000000e+02 3.400000000000000000e+02 3.630000000000000000e+02
9.690000000000000000e+02 3.200000000000000000e+01 3.293000000000000000e+03 1.706000000000000000e+03 3.450000000000000000e+02 3.560000000000000000e+02 3.400000000000000000e+02 3.630000000000000000e+02
7.000000000000000000e+00 3.727000000000000000e+03 1.698000000000000000e+03 5.680000000000000000e+02 3.450000000000000000e+02 3.560000000000000000e+02 3.400000000000000000e+02 3.630000000000000000e+02
1.554000000000000000e+03 1.473000000000000000e+03 1.328000000000000000e+03 1.645000000000000000e+03 3.350000000000000000e+02 3.390000000000000000e+02 3.440000000000000000e+02 3.590000000000000000e+02
4.317000000000000000e+03 6.930000000000000000e+02 6.480000000000000000e+02 3.420000000000000000e+02 3.400000000000000000e+02 3.520000000000000000e+02 3.420000000000000000e+02 3.640000000000000000e+02
