1.500000000000000000e+03 1.500000000000000000e+03 1.500000000000000000e+03 1.500000000000000000e+03
1.027000000000000000e+03 9.800000000000000000e+02 3.459000000000000000e+03 5.340000000000000000e+02
5.040000000000000000e+02 3.251000000000000000e+03 5.760000000000000000e+02 1.669000000000000000e+03
7.240000000000000000e+02 2.975000000000000000e+03 6.170000000000000000e+02 1.684000000000000000e+03
1.420000000000000000e+03 2.755000000000000000e+03 5.360000000000000000e+02 1.289000000000000000e+03
2.428000000000000000e+03 3.310000000000000000e+02 6.400000000000000000e+01 3.177000000000000000e+03
0.000000000000000000e+00 1.169000000000000000e+03 1.355000000000000000e+03 3.476000000000000000e+03
3.571000000000000000e+03 9.200000000000000000e+02 1.508000000000000000e+03 1.000000000000000000e+00
1.339000000000000000e+03 2.526000000000000000e+03 2.134000000000000000e+03 1.000000000000000000e+00
1.468000000000000000e+03 0.000000000000000000e+00 2.334000000000000000e+03 2.198000000000000000e+03
3.310000000000000000e+03 1.769000000000000000e+03 0.000000000000000000e+00 9.210000000000000000e+02
0.000000000000000000e+00 2.592000000000000000e+03 1.994000000000000000e+03 1.414000000000000000e+03
2.536000000000000000e+03 0.000000000000000000e+00 1.410000000000000000e+03 2.054000000000000000e+03
1.791000000000000000e+03 2.972000000000000000e+03 1.235000000000000000e+03 2.000000000000000000e+00
4.540000000000000000e+02 4.243000000000000000e+03 1.302000000000000000e+03 1.000000000000000000e+00
