2.542102024701220313e-03
9.100000000000000000e+01
1.394227912247277554e-03
2.060000000000000000e+02
5.294747197482864084e-03
1.130000000000000000e+02
9.492729339049408438e-03
9.000000000000000000e+01
6.141150932502859386e-03
8.500000000000000000e+01
7.335729158418502309e-03
1.480000000000000000e+02
7.014063880880113712e-03
1.840000000000000000e+02
1.172411701170095188e-02
1.280000000000000000e+02
1.060603600759276116e-03
5.300000000000000000e+01
1.741574934581745183e-03
2.400000000000000000e+01
3.706821537943680300e-02
1.200000000000000000e+01
