1.341000000000000000e+03 1.273000000000000000e+03 3.384000000000000000e+03 2.000000000000000000e+00
1.160000000000000000e+02 0.000000000000000000e+00 3.599000000000000000e+03 2.285000000000000000e+03
0.000000000000000000e+00 2.196000000000000000e+03 6.590000000000000000e+02 3.145000000000000000e+03
0.000000000000000000e+00 2.037000000000000000e+03 1.589000000000000000e+03 2.374000000000000000e+03
8.320000000000000000e+02 2.088000000000000000e+03 0.000000000000000000e+00 3.080000000000000000e+03
0.000000000000000000e+00 1.981000000000000000e+03 2.338000000000000000e+03 1.681000000000000000e+03
0.000000000000000000e+00 2.029000000000000000e+03 2.336000000000000000e+03 1.635000000000000000e+03
2.098000000000000000e+03 1.750000000000000000e+03 0.000000000000000000e+00 2.152000000000000000e+03
1.240000000000000000e+03 1.351000000000000000e+03 1.934000000000000000e+03 1.475000000000000000e+03
1.513000000000000000e+03 1.442000000000000000e+03 1.785000000000000000e+03 1.260000000000000000e+03
9.740000000000000000e+02 2.923000000000000000e+03 2.101000000000000000e+03 2.000000000000000000e+00
