1.117438033267156286e-03
2.080000000000000000e+02
2.476433244569485864e-03
7.000000000000000000e+01
1.014951154538291933e-03
1.350000000000000000e+02
6.188669687797030208e-03
5.900000000000000000e+01
1.429757113020916877e-03
2.660000000000000000e+02
1.054321796001035302e-02
3.400000000000000000e+01
5.242485207855665692e-03
1.630000000000000000e+02
8.678201129826094290e-03
1.310000000000000000e+02
5.970345113258916300e-03
4.710000000000000000e+02
5.840560917880124187e-02
1.000000000000000000e+01
