0.000000000000000000e+00 7.770000000000000000e+02 2.005000000000000000e+03 3.218000000000000000e+03
0.000000000000000000e+00 2.123000000000000000e+03 2.290000000000000000e+02 3.648000000000000000e+03
6.700000000000000000e+01 3.512000000000000000e+03 1.414000000000000000e+03 1.007000000000000000e+03
0.000000000000000000e+00 3.245000000000000000e+03 1.039000000000000000e+03 1.716000000000000000e+03
1.800000000000000000e+03 0.000000000000000000e+00 2.054000000000000000e+03 2.146000000000000000e+03
4.577000000000000000e+03 3.100000000000000000e+02 0.000000000000000000e+00 1.113000000000000000e+03
1.116000000000000000e+03 1.193000000000000000e+03 1.535000000000000000e+03 2.156000000000000000e+03
1.118000000000000000e+03 1.195000000000000000e+03 1.520000000000000000e+03 2.167000000000000000e+03
1.133000000000000000e+03 1.225000000000000000e+03 1.505000000000000000e+03 2.137000000000000000e+03
0.000000000000000000e+00 4.089000000000000000e+03 5.200000000000000000e+01 1.859000000000000000e+03
1.146000000000000000e+03 1.101000000000000000e+03 1.589000000000000000e+03 2.164000000000000000e+03
