1.661501353359955352e-03
1.040000000000000000e+02
1.716570707088687026e-03
1.150000000000000000e+02
1.157160214896668128e-03
2.870000000000000000e+02
4.849579914086354047e-03
4.400000000000000000e+01
9.522988453248643070e-03
6.100000000000000000e+01
1.826681361684573705e-03
1.070000000000000000e+02
9.355483687929871646e-04
7.100000000000000000e+01
9.373801671194038464e-04
7.700000000000000000e+01
9.419427075137518784e-04
5.700000000000000000e+01
1.039593301171171102e-02
5.600000000000000000e+01
8.642076456455609693e-04
5.000000000000000000e+01
