9.900437160797466267e-04
1.660000000000000000e+02
1.813220214270224546e-03
8.300000000000000000e+01
1.158694469611711323e-03
2.520000000000000000e+02
1.312840644325901241e-03
1.440000000000000000e+02
1.502525042036406515e-02
3.100000000000000000e+01
1.187473410221481221e-03
3.830000000000000000e+02
1.638914984128396826e-02
4.300000000000000000e+01
2.927008890872900490e-02
1.900000000000000000e+01
9.724383909134079289e-04
3.500000000000000000e+01
9.042712659855931673e-03
1.350000000000000000e+02
