1.500000000000000000e+03 1.500000000000000000e+03 1.500000000000000000e+03 1.500000000000000000e+03
1.701000000000000000e+03 5.660000000000000000e+02 8.330000000000000000e+02 2.900000000000000000e+03
1.675000000000000000e+03 6.320000000000000000e+02 1.352000000000000000e+03 2.341000000000000000e+03
1.550000000000000000e+03 1.105000000000000000e+03 2.738000000000000000e+03 6.070000000000000000e+02
1.045000000000000000e+03 7.640000000000000000e+02 3.479000000000000000e+03 7.120000000000000000e+02
3.002000000000000000e+03 1.423000000000000000e+03 1.285000000000000000e+03 2.900000000000000000e+02
0.000000000000000000e+00 1.590000000000000000e+02 2.493000000000000000e+03 3.348000000000000000e+03
1.382000000000000000e+03 3.862000000000000000e+03 2.450000000000000000e+02 5.110000000000000000e+02
3.400000000000000000e+01 1.547000000000000000e+03 1.280000000000000000e+02 4.291000000000000000e+03
2.085000000000000000e+03 0.000000000000000000e+00 2.145000000000000000e+03 1.770000000000000000e+03
0.000000000000000000e+00 3.356000000000000000e+03 1.927000000000000000e+03 7.170000000000000000e+02
3.064000000000000000e+03 0.000000000000000000e+00 2.910000000000000000e+02 2.645000000000000000e+03
1.373000000000000000e+03 2.687000000000000000e+03 1.939000000000000000e+03 1.000000000000000000e+00
8.510000000000000000e+02 1.402000000000000000e+03 1.415000000000000000e+03 2.332000000000000000e+03
8.550000000000000000e+02 2.899000000000000000e+03 0.000000000000000000e+00 2.246000000000000000e+03
