1.458545175231020993e-03
1.400000000000000000e+02
3.381640813133367056e-03
2.560000000000000000e+02
1.050239641543889314e-03
9.500000000000000000e+01
2.262521025721756993e-02
3.800000000000000000e+01
1.362697622779719328e-02
2.200000000000000000e+01
2.421690878242786435e-03
1.480000000000000000e+02
1.726921580432622810e-02
9.400000000000000000e+01
1.827476067540228372e-02
1.050000000000000000e+02
3.596577085696055220e-02
2.800000000000000000e+01
8.805398361840044777e-04
3.700000000000000000e+01
1.066979207863966292e-03
5.800000000000000000e+01
