1.137551433493229260e-03
2.530000000000000000e+02
1.227459454993981482e-03
3.630000000000000000e+02
1.225039471977177859e-03
3.830000000000000000e+02
3.578923500105413158e-02
1.100000000000000000e+01
1.109026211365750879e-02
7.600000000000000000e+01
1.576864205120493204e-02
7.400000000000000000e+01
1.513513150081406342e-02
1.500000000000000000e+01
1.331701130495385223e-02
1.230000000000000000e+02
1.320840511142933743e-02
1.320000000000000000e+02
3.664124262505227825e-02
2.300000000000000000e+01
