-4.846300000000000097e+01
9.593663100000000832e-02
-3.451299999999999955e+02
4.924590999999999830e-01
-1.943599999999999994e+01
2.990590400000000051e-02
-4.993969999999999914e+02
7.889653910000000714e-01
-3.372309999999999945e+02
4.161836390000000496e-01
-8.771099999999999852e+01
9.298347899999999389e-02
-3.686080000000000041e+02
4.323163360000000233e-01
-3.695049999999999955e+02
4.451479750000000291e-01
-4.838629999999999995e+02
8.103462309999999169e-01
-2.349500000000000099e+01
3.947997499999999355e-02
-2.362300000000000111e+01
3.379687099999999916e-02
