5.950000000000000000e+02 1.212000000000000000e+03 2.492000000000000000e+03 1.701000000000000000e+03
2.402000000000000000e+03 0.000000000000000000e+00 1.281000000000000000e+03 2.317000000000000000e+03
1.227000000000000000e+03 1.082000000000000000e+03 1.972000000000000000e+03 1.719000000000000000e+03
3.900000000000000000e+01 0.000000000000000000e+00 4.078000000000000000e+03 1.883000000000000000e+03
3.113000000000000000e+03 2.103000000000000000e+03 7.820000000000000000e+02 2.000000000000000000e+00
3.400000000000000000e+02 4.359000000000000000e+03 1.300000000000000000e+03 1.000000000000000000e+00
1.676000000000000000e+03 2.065000000000000000e+03 0.000000000000000000e+00 2.259000000000000000e+03
1.681000000000000000e+03 2.092000000000000000e+03 0.000000000000000000e+00 2.227000000000000000e+03
2.186000000000000000e+03 1.965000000000000000e+03 0.000000000000000000e+00 1.849000000000000000e+03
1.326000000000000000e+03 1.286000000000000000e+03 1.972000000000000000e+03 1.416000000000000000e+03
1.303000000000000000e+03 1.286000000000000000e+03 1.990000000000000000e+03 1.421000000000000000e+03
