1.500000000000000000e+03 1.500000000000000000e+03 1.500000000000000000e+03 1.500000000000000000e+03
1.632000000000000000e+03 5.060000000000000000e+02 3.074000000000000000e+03 7.880000000000000000e+02
1.601000000000000000e+03 2.035000000000000000e+03 1.450000000000000000e+03 9.140000000000000000e+02
1.340000000000000000e+03 9.800000000000000000e+02 2.581000000000000000e+03 1.099000000000000000e+03
7.660000000000000000e+02 6.340000000000000000e+02 5.980000000000000000e+02 4.002000000000000000e+03
2.100000000000000000e+02 1.296000000000000000e+03 2.627000000000000000e+03 1.867000000000000000e+03
2.747000000000000000e+03 1.600000000000000000e+01 8.970000000000000000e+02 2.340000000000000000e+03
2.540000000000000000e+02 3.194000000000000000e+03 1.310000000000000000e+02 2.421000000000000000e+03
9.440000000000000000e+02 1.817000000000000000e+03 3.237000000000000000e+03 2.000000000000000000e+00
1.072000000000000000e+03 0.000000000000000000e+00 2.435000000000000000e+03 2.493000000000000000e+03
0.000000000000000000e+00 2.855000000000000000e+03 2.053000000000000000e+03 1.092000000000000000e+03
2.957000000000000000e+03 1.947000000000000000e+03 1.095000000000000000e+03 1.000000000000000000e+00
4.064000000000000000e+03 0.000000000000000000e+00 1.294000000000000000e+03 6.420000000000000000e+02
1.582000000000000000e+03 1.985000000000000000e+03 0.000000000000000000e+00 2.433000000000000000e+03
0.000000000000000000e+00 1.486000000000000000e+03 1.605000000000000000e+03 2.909000000000000000e+03
