-3.497099999999999795e+02
6.308399000000000090e-01
-1.614219999999999970e+02
2.861499159999999486e-01
-1.754290000000000020e+02
2.959949590000000574e-01
-3.655679999999999836e+02
6.705693759999999948e-01
-5.471549999999999727e+02
9.209029749999999570e-01
-1.390999999999999943e+02
1.876220000000000110e-01
-3.282399999999999807e+01
5.782502399999999571e-02
-2.926300000000000168e+01
5.128583100000000394e-02
-6.198880000000000337e+02
8.764794559999999901e-01
-2.193299999999999983e+01
3.249651099999999876e-02
-3.151300000000000168e+01
6.247383099999999356e-02
