1.297445348638538113e-03
2.780000000000000000e+02
5.075598631798172548e-03
5.100000000000000000e+01
2.072206777586049070e-02
2.600000000000000000e+01
1.110334724572392684e-03
5.210000000000000000e+02
3.573203844323886991e-02
1.000000000000000000e+01
8.444379942727347696e-03
1.640000000000000000e+02
1.170837395799986108e-02
4.530000000000000000e+02
8.925186560044588930e-04
6.500000000000000000e+01
1.693048504411314228e-02
8.900000000000000000e+01
1.033365924133523026e-03
1.510000000000000000e+02
