2.183055540282699807e-03
2.030000000000000000e+02
1.524485113380878026e-02
3.500000000000000000e+01
6.993821332255316034e-03
7.400000000000000000e+01
1.118568968593815520e-03
5.970000000000000000e+02
1.923724485256570610e-02
1.800000000000000000e+01
8.241621304111197352e-03
3.860000000000000000e+02
9.993852701097869547e-04
5.900000000000000000e+01
8.593625646470876749e-04
6.800000000000000000e+01
2.557773505312630619e-02
2.100000000000000000e+01
1.018516527123811523e-03
4.500000000000000000e+01
9.290976194652908427e-04
5.500000000000000000e+01
