3.340000000000000000e+02 1.848000000000000000e+03 3.816000000000000000e+03 2.000000000000000000e+00
2.016000000000000000e+03 1.696000000000000000e+03 2.286000000000000000e+03 2.000000000000000000e+00
1.646000000000000000e+03 1.275000000000000000e+03 3.078000000000000000e+03 1.000000000000000000e+00
5.130000000000000000e+02 3.120000000000000000e+02 3.917000000000000000e+03 1.258000000000000000e+03
3.710000000000000000e+02 2.078000000000000000e+03 0.000000000000000000e+00 3.551000000000000000e+03
0.000000000000000000e+00 1.696000000000000000e+03 2.284000000000000000e+03 2.020000000000000000e+03
1.537000000000000000e+03 1.276000000000000000e+03 1.101000000000000000e+03 2.086000000000000000e+03
8.520000000000000000e+02 9.710000000000000000e+02 1.774000000000000000e+03 2.403000000000000000e+03
3.212000000000000000e+03 2.314000000000000000e+03 0.000000000000000000e+00 4.740000000000000000e+02
1.254000000000000000e+03 1.713000000000000000e+03 1.364000000000000000e+03 1.669000000000000000e+03
7.520000000000000000e+02 1.131000000000000000e+03 1.647000000000000000e+03 2.470000000000000000e+03
