1.500000000000000000e+03 1.500000000000000000e+03 1.500000000000000000e+03 1.500000000000000000e+03
1.388000000000000000e+03 2.636000000000000000e+03 6.590000000000000000e+02 1.317000000000000000e+03
8.610000000000000000e+02 1.157000000000000000e+03 1.380000000000000000e+03 2.602000000000000000e+03
6.810000000000000000e+02 2.810000000000000000e+03 1.122000000000000000e+03 1.387000000000000000e+03
1.496000000000000000e+03 1.791000000000000000e+03 1.007000000000000000e+03 1.706000000000000000e+03
3.503000000000000000e+03 2.510000000000000000e+02 5.680000000000000000e+02 1.678000000000000000e+03
5.160000000000000000e+02 0.000000000000000000e+00 1.028000000000000000e+03 4.456000000000000000e+03
1.980000000000000000e+03 1.871000000000000000e+03 2.148000000000000000e+03 1.000000000000000000e+00
7.800000000000000000e+02 2.250000000000000000e+02 3.786000000000000000e+03 1.209000000000000000e+03
3.264000000000000000e+03 8.350000000000000000e+02 1.900000000000000000e+03 1.000000000000000000e+00
0.000000000000000000e+00 1.718000000000000000e+03 2.310000000000000000e+03 1.972000000000000000e+03
1.611000000000000000e+03 1.441000000000000000e+03 0.000000000000000000e+00 2.948000000000000000e+03
8.660000000000000000e+02 9.300000000000000000e+02 1.809000000000000000e+03 2.395000000000000000e+03
3.183000000000000000e+03 2.378000000000000000e+03 0.000000000000000000e+00 4.390000000000000000e+02
1.193000000000000000e+03 1.802000000000000000e+03 1.349000000000000000e+03 1.656000000000000000e+03
