-3.477300000000000324e+01
5.404147099999999371e-02
-1.864209999999999923e+02
3.057317589999999918e-01
-1.653959999999999866e+02
2.596071839999999353e-01
-2.955430000000000064e+02
3.650441509999999279e-01
-6.810330000000000155e+02
1.226733910999999955e+00
-1.432460000000000093e+02
1.931634839999999964e-01
-3.587379999999999995e+02
4.555053560000000279e-01
-5.034080000000000155e+02
7.397435359999998683e-01
-4.272869999999999777e+02
6.123446310000000281e-01
-1.433009999999999877e+02
2.103783989999999660e-01
-2.076490000000000009e+02
3.608617990000000386e-01
