1.020000000000000000e+03 1.803000000000000000e+03 2.058000000000000000e+03 1.119000000000000000e+03
1.254000000000000000e+03 7.770000000000000000e+02 6.200000000000000000e+02 3.349000000000000000e+03
1.566000000000000000e+03 7.200000000000000000e+02 5.630000000000000000e+02 3.151000000000000000e+03
2.689000000000000000e+03 2.600000000000000000e+01 1.120000000000000000e+03 2.165000000000000000e+03
3.740000000000000000e+02 1.337000000000000000e+03 0.000000000000000000e+00 4.289000000000000000e+03
0.000000000000000000e+00 1.681000000000000000e+03 2.375000000000000000e+03 1.944000000000000000e+03
2.876000000000000000e+03 2.418000000000000000e+03 7.050000000000000000e+02 1.000000000000000000e+00
5.970000000000000000e+02 1.997000000000000000e+03 0.000000000000000000e+00 3.406000000000000000e+03
0.000000000000000000e+00 2.047000000000000000e+03 1.060000000000000000e+02 3.847000000000000000e+03
0.000000000000000000e+00 1.686000000000000000e+03 2.367000000000000000e+03 1.947000000000000000e+03
2.198000000000000000e+03 1.647000000000000000e+03 2.153000000000000000e+03 2.000000000000000000e+00
