1.084647485925035668e-03
4.300000000000000000e+01
9.455547875534083728e-04
5.800000000000000000e+01
2.760281024043288798e-04
1.000000000000000000e+00
1.158522985521287128e-03
2.800000000000000000e+02
1.756727423859720787e-03
1.910000000000000000e+02
1.034908008584499830e-03
3.920000000000000000e+02
1.026761166998081979e-03
3.740000000000000000e+02
3.653984998972247249e-03
8.400000000000000000e+01
9.509548905074534245e-04
7.000000000000000000e+01
4.147674298482331365e-03
9.100000000000000000e+01
