1.394929136584874968e-03
7.400000000000000000e+01
1.022353134252434147e-02
3.200000000000000000e+01
5.086678061865110116e-03
6.200000000000000000e+01
3.274961732378924018e-02
1.700000000000000000e+01
1.614959254886752515e-02
8.700000000000000000e+01
2.683772502546377323e-02
9.500000000000000000e+01
2.112409706628736589e-02
3.500000000000000000e+01
4.621758118207367622e-02
3.200000000000000000e+01
1.310895304936733619e-02
2.600000000000000000e+01
2.361558279741271874e-02
3.400000000000000000e+01
