1.106327914102227987e-03
5.200000000000000000e+01
6.613748237892364684e-03
8.800000000000000000e+01
6.148565373362612461e-03
1.650000000000000000e+02
1.019161725587692559e-03
2.800000000000000000e+01
1.009060218409685511e-03
2.900000000000000000e+01
1.207626647074060838e-02
2.700000000000000000e+01
2.597413536530492409e-02
2.300000000000000000e+01
2.586247471806627299e-02
1.300000000000000000e+01
2.236985876500605097e-03
3.100000000000000000e+01
2.088760269322565387e-03
3.000000000000000000e+01
3.377326447404998405e-02
2.100000000000000000e+01
