1.500000000000000000e+03 1.500000000000000000e+03 1.500000000000000000e+03 1.500000000000000000e+03
2.006000000000000000e+03 8.490000000000000000e+02 2.089000000000000000e+03 1.056000000000000000e+03
1.422000000000000000e+03 6.870000000000000000e+02 3.384000000000000000e+03 5.070000000000000000e+02
9.490000000000000000e+02 1.379000000000000000e+03 2.830000000000000000e+03 8.420000000000000000e+02
1.608000000000000000e+03 2.784000000000000000e+03 5.990000000000000000e+02 1.009000000000000000e+03
8.710000000000000000e+02 1.007000000000000000e+03 8.870000000000000000e+02 3.235000000000000000e+03
0.000000000000000000e+00 2.125000000000000000e+03 2.062000000000000000e+03 1.813000000000000000e+03
2.994000000000000000e+03 1.215000000000000000e+03 0.000000000000000000e+00 1.791000000000000000e+03
1.836000000000000000e+03 2.169000000000000000e+03 1.994000000000000000e+03 1.000000000000000000e+00
6.010000000000000000e+02 0.000000000000000000e+00 2.692000000000000000e+03 2.707000000000000000e+03
0.000000000000000000e+00 1.080000000000000000e+03 3.074000000000000000e+03 1.846000000000000000e+03
5.230000000000000000e+02 2.531000000000000000e+03 0.000000000000000000e+00 2.946000000000000000e+03
1.967000000000000000e+03 0.000000000000000000e+00 1.441000000000000000e+03 2.592000000000000000e+03
6.600000000000000000e+02 4.074000000000000000e+03 1.265000000000000000e+03 1.000000000000000000e+00
0.000000000000000000e+00 3.950000000000000000e+03 5.230000000000000000e+02 1.527000000000000000e+03
