3.995203454518811981e+00
1.010000000000000000e+02
1.322924170346046449e+05
6.400000000000000000e+01
3.656611043357797826e+02
3.500000000000000000e+01
1.018597712482481512e+02
1.800000000000000000e+01
2.289395675453364674e+03
2.100000000000000000e+01
1.151788423066872383e+03
2.700000000000000000e+01
5.396006901286487079e+01
3.800000000000000000e+01
2.878289436004521122e+04
6.000000000000000000e+00
4.082428661105420815e+02
1.400000000000000000e+01
6.773723330025371979e+03
5.600000000000000000e+01
2.688087529346624506e+05
1.100000000000000000e+01
6.252379705939147669e+01
1.600000000000000000e+01
5.462311332370306083e+00
2.200000000000000000e+01
3.389520177861060635e+00
2.000000000000000000e+01
8.981783871526248575e+00
1.700000000000000000e+01
5.772185436735380648e+00
5.600000000000000000e+01
2.706793463065760363e+01
3.300000000000000000e+01
5.641544344238634949e+04
1.200000000000000000e+01
8.211199807458939404e+00
4.000000000000000000e+01
4.734674699134514085e+05
6.100000000000000000e+01
1.048421561461595275e+03
2.300000000000000000e+01
4.518873677519626142e+01
3.100000000000000000e+01
1.745233483848703884e+02
1.300000000000000000e+01
2.602932139250092902e+01
3.100000000000000000e+01
1.102555459522580072e+01
4.400000000000000000e+01
1.205930317824951601e+02
2.600000000000000000e+01
1.128649989755570626e+00
5.000000000000000000e+01
6.230820612012348825e+00
2.700000000000000000e+01
9.069604687418608080e+01
1.900000000000000000e+01
9.397413724065962015e+03
2.300000000000000000e+01
8.412340440230312311e+01
1.600000000000000000e+01
3.249801613057693572e+01
1.800000000000000000e+01
9.156727712298177721e+03
5.600000000000000000e+01
8.925535054942107749e+00
2.000000000000000000e+01
4.440817983043061190e+00
1.800000000000000000e+01
1.597478519926788977e+03
1.010000000000000000e+02
5.546156391476503700e+01
1.010000000000000000e+02
1.610334272609839275e+02
1.600000000000000000e+01
1.440695750366717984e+05
2.200000000000000000e+01
4.380566560801968379e+00
3.400000000000000000e+01
3.965711416109348519e+00
3.900000000000000000e+01
9.520010995549971540e+02
2.700000000000000000e+01
8.401148051828251084e+00
5.500000000000000000e+01
4.797730824092455215e+00
3.800000000000000000e+01
3.220094693249142104e+00
5.200000000000000000e+01
2.306959580375595564e+01
2.400000000000000000e+01
7.826387701493947802e+00
1.010000000000000000e+02
8.716030557642456600e+00
1.900000000000000000e+01
1.579496371904676550e+02
2.700000000000000000e+01
4.667344562408298714e+01
2.500000000000000000e+01
2.653103893606810004e+01
2.500000000000000000e+01
4.565516846566099929e+01
3.500000000000000000e+01
1.700046670546129901e+00
3.800000000000000000e+01
5.788991101695195596e+01
3.200000000000000000e+01
2.377976460816197957e+01
2.400000000000000000e+01
3.521486749167047492e+02
1.800000000000000000e+01
2.388775032342588815e+02
1.010000000000000000e+02
2.163309589344472261e+00
1.010000000000000000e+02
2.481790795054705789e+00
4.200000000000000000e+01
3.016181618973021172e-01
1.000000000000000000e+00
6.999218676531419880e-02
3.000000000000000000e+00
2.597622044070458003e+01
1.900000000000000000e+01
6.093956388903289962e+02
1.200000000000000000e+01
5.474196628556901487e+03
2.500000000000000000e+01
4.332515854944085198e+00
4.400000000000000000e+01
6.785363281548522529e+00
1.100000000000000000e+01
7.748257031717879773e-02
1.000000000000000000e+00
5.889194804520527526e+01
3.700000000000000000e+01
2.886089260533526990e-01
1.000000000000000000e+00
7.275725506224096743e-03
1.000000000000000000e+00
7.926722640082919380e-01
4.100000000000000000e+01
9.630764183732233585e-02
1.000000000000000000e+00
1.280479960004865247e-01
1.000000000000000000e+00
1.011795468983263391e-02
1.000000000000000000e+00
1.667935707254793870e-02
1.000000000000000000e+00
5.546293219608369185e+00
3.600000000000000000e+01
4.297889289907741439e-02
1.000000000000000000e+00
5.865937574971370694e+00
1.000000000000000000e+00
1.365875447451033538e-04
1.000000000000000000e+00
6.141006434970981900e+02
1.010000000000000000e+02
1.473397806771290126e-02
1.000000000000000000e+00
2.943544876628137463e-03
1.000000000000000000e+00
