5.669485746461647580e+01
1.100000000000000000e+01
4.335832055515722061e+01
5.000000000000000000e+00
4.354814111955607814e+01
8.000000000000000000e+00
4.269479661129674497e+01
7.000000000000000000e+00
4.228814371757803059e+01
1.200000000000000000e+01
4.243973865742962914e+01
1.100000000000000000e+01
9.377747102843748905e+01
8.000000000000000000e+00
9.985263629072527181e+01
1.000000000000000000e+01
1.005723223600535334e+02
8.000000000000000000e+00
9.568723902575372620e+01
1.000000000000000000e+01
9.562623658994104403e+01
7.000000000000000000e+00
3.942885824425422925e+01
1.300000000000000000e+01
4.531895386402393910e+01
1.000000000000000000e+01
4.307786130811014402e+01
1.600000000000000000e+01
4.309325711770436129e+01
1.100000000000000000e+01
4.056145389280749924e+01
1.000000000000000000e+01
4.516509957868635894e+01
1.300000000000000000e+01
1.390653043763619756e+01
1.200000000000000000e+01
1.386600548089203322e+01
1.100000000000000000e+01
3.811745762017152828e+01
1.000000000000000000e+01
3.833475144388387434e+01
1.600000000000000000e+01
3.920276171962667888e+01
1.000000000000000000e+01
3.903866363483009394e+01
1.500000000000000000e+01
2.211035299249306263e+01
1.300000000000000000e+01
4.217908581130323142e+01
1.600000000000000000e+01
4.058232421307052817e+01
2.200000000000000000e+01
4.437500971150108597e+01
1.500000000000000000e+01
4.351290155827847173e+01
1.000000000000000000e+01
4.013916589688589909e+01
1.200000000000000000e+01
2.908109422599363469e+01
1.600000000000000000e+01
2.887123598526004997e+01
1.800000000000000000e+01
2.541740264003427541e+01
1.000000000000000000e+01
3.155594202603002785e+01
1.600000000000000000e+01
3.172195862371711073e+01
1.900000000000000000e+01
3.993230583158905489e+01
2.100000000000000000e+01
6.805453434385154310e+01
1.900000000000000000e+01
6.764832051538120083e+01
2.500000000000000000e+01
6.523425621119336881e+01
3.000000000000000000e+01
6.493209785413507973e+01
2.100000000000000000e+01
6.494534337176973793e+01
2.100000000000000000e+01
4.558581982538794364e+01
1.800000000000000000e+01
3.631485278074802636e+01
2.200000000000000000e+01
3.413565809536771667e+01
2.300000000000000000e+01
7.251902044313075635e+01
1.800000000000000000e+01
7.312107254272820001e+01
1.800000000000000000e+01
9.199876969993323428e+01
2.200000000000000000e+01
5.980420921603106876e+01
2.500000000000000000e+01
1.112620048830364539e+02
1.400000000000000000e+01
1.104397003528790719e+02
2.400000000000000000e+01
1.104415455424905872e+02
1.600000000000000000e+01
1.071682013671824905e+02
1.500000000000000000e+01
1.092321528488531186e+02
2.400000000000000000e+01
1.090465817260538444e+02
1.500000000000000000e+01
1.012832253684067609e+02
1.700000000000000000e+01
1.014063664461372696e+02
2.100000000000000000e+01
1.016569681553085189e+02
1.500000000000000000e+01
1.014159264777630511e+02
1.200000000000000000e+01
1.015485408949433577e+02
1.300000000000000000e+01
1.012519552865262540e+02
1.700000000000000000e+01
1.036551951641158098e+02
1.900000000000000000e+01
1.039081871375898345e+02
1.600000000000000000e+01
1.118506027326215815e+02
2.100000000000000000e+01
1.113509162852302268e+02
1.300000000000000000e+01
1.118196554920258308e+02
1.700000000000000000e+01
1.122376204381576486e+02
1.600000000000000000e+01
1.151423935346775949e+02
2.300000000000000000e+01
1.159267931034203087e+02
1.400000000000000000e+01
5.994216695831553920e+01
2.000000000000000000e+01
1.157901608803963569e+02
1.200000000000000000e+01
1.161108247670292570e+02
2.000000000000000000e+01
4.700552295982453188e+01
1.500000000000000000e+01
7.080584396275048675e+01
2.000000000000000000e+01
7.198859932600262823e+01
1.200000000000000000e+01
6.262859271018282215e+01
2.700000000000000000e+01
6.163544023247260384e+01
1.800000000000000000e+01
6.493311132002123998e+01
1.500000000000000000e+01
6.493789506720423788e+01
1.600000000000000000e+01
7.217968176549186410e+01
1.500000000000000000e+01
7.247151130125855900e+01
2.500000000000000000e+01
7.615987052632988252e+01
2.800000000000000000e+01
7.602876849780126634e+01
7.000000000000000000e+00
7.772750926190887810e+01
1.200000000000000000e+01
