1.010000000162396105e+00 1.000000002540303995e-01 1.000000000000000000e+00 1.000000000000000000e+00
1.009999999982055696e+00 1.000000000022638058e-01 1.000000000000000000e+00 1.000000000000000000e+00
1.009999998758035478e+00 1.000000004160807449e-01 1.000000000000000000e+00 1.000000000000000000e+00
1.009999997593868937e+00 1.000000011060765415e-01 1.000000000000000000e+00 1.000000000000000000e+00
1.009999999545002414e+00 1.000000000633233521e-01 1.000000000000000000e+00 1.000000000000000000e+00
1.009999999870877074e+00 9.999999983788057656e-02 1.000000000000000000e+00 1.000000000000000000e+00
9.999998242098639273e-03 2.100000006233193606e+00 2.100000000000000000e+01 1.000000000000000000e+00
9.999999885361689211e-03 2.100000000193023908e+00 2.100000000000000000e+01 1.000000000000000000e+00
9.999999397490461420e-03 2.100000002107504038e+00 2.100000000000000000e+01 1.000000000000000000e+00
1.000000001307956542e-02 2.099999999976025933e+00 2.100000000000000000e+01 1.000000000000000000e+00
9.999996137663738627e-03 2.100000005916176971e+00 2.100000000000000000e+01 1.000000000000000000e+00
9.999999997333360729e-03 9.999999999786902960e-02 1.000000000000000000e+00 2.010000000000000000e+02
9.999999812296964802e-03 9.999999989608510109e-02 1.000000000000000000e+00 2.010000000000000000e+02
1.010000009757272110e+00 9.999980253280738030e-02 2.100000000000000000e+01 1.580000000000000000e+02
1.009999999983886898e+00 1.000000000008737233e-01 2.100000000000000000e+01 1.580000000000000000e+02
1.009999999989967812e+00 4.076881885762198010e-01 2.100000000000000000e+01 2.010000000000000000e+02
1.000000000639788243e-02 1.000000000069112688e-01 1.000000000000000000e+00 2.010000000000000000e+02
1.009999999999639186e+00 4.151097884579865727e-01 1.000000000000000000e+00 2.010000000000000000e+02
1.009999999998969056e+00 4.144404886678766387e-01 1.000000000000000000e+00 2.010000000000000000e+02
1.000000002392027396e-02 1.000000000015092566e-01 2.100000000000000000e+01 1.130000000000000000e+02
1.009999999992850839e+00 3.420961887661868595e-01 2.100000000000000000e+01 2.010000000000000000e+02
9.999999995386723434e-03 1.000000000007022910e-01 2.100000000000000000e+01 1.130000000000000000e+02
9.999987609486265389e-03 9.999999737147748091e-02 2.100000000000000000e+01 1.130000000000000000e+02
9.999999934880833205e-03 9.999999997908262661e-02 2.100000000000000000e+01 6.900000000000000000e+01
1.000000000183618593e-02 1.000000000063519245e-01 2.100000000000000000e+01 7.800000000000000000e+01
9.999999998501003101e-03 9.999999999274279683e-02 2.100000000000000000e+01 7.600000000000000000e+01
9.999999998527964173e-03 9.999999999372465032e-02 2.100000000000000000e+01 7.900000000000000000e+01
9.999999508992971770e-03 9.999999672232594283e-02 2.100000000000000000e+01 6.800000000000000000e+01
1.000000000003317679e-02 1.000000000000282607e-01 2.100000000000000000e+01 6.900000000000000000e+01
9.999998410604319168e-03 9.999999925988742322e-02 2.100000000000000000e+01 5.700000000000000000e+01
9.999999974389005980e-03 9.999999998833507264e-02 2.100000000000000000e+01 5.600000000000000000e+01
9.999999989661886163e-03 9.999999999380525251e-02 2.100000000000000000e+01 1.000000000000000000e+00
9.999998089313545668e-03 9.999999968175615761e-02 2.100000000000000000e+01 1.000000000000000000e+00
9.999999991882169148e-03 9.999999999406086748e-02 2.100000000000000000e+01 1.000000000000000000e+00
3.150910491183336326e-01 1.000000000006492501e-01 1.200000000000000000e+01 1.320000000000000000e+02
4.404796081118741991e-01 9.999999981837683072e-02 2.100000000000000000e+01 1.000000000000000000e+00
4.403070169218423202e-01 9.999999991558894408e-02 2.100000000000000000e+01 1.000000000000000000e+00
4.416891569641685500e-01 1.000000000000001582e-01 2.100000000000000000e+01 1.000000000000000000e+00
4.421477170106696275e-01 1.000000000071236267e-01 2.100000000000000000e+01 1.000000000000000000e+00
4.421829003022853533e-01 9.999999986328725332e-02 2.100000000000000000e+01 1.000000000000000000e+00
5.565233923832935137e-01 9.999999999993829103e-02 1.800000000000000000e+01 3.600000000000000000e+01
5.645807613289967053e-01 9.999999999998304689e-02 1.800000000000000000e+01 4.000000000000000000e+01
5.681653499992673773e-01 1.000000000000098588e-01 1.700000000000000000e+01 4.200000000000000000e+01
4.460065576854028713e-01 9.999999294243271108e-02 1.300000000000000000e+01 1.170000000000000000e+02
4.453552584692594962e-01 9.999994300638168077e-02 1.300000000000000000e+01 1.160000000000000000e+02
3.608565715180849232e-01 9.999999806613402153e-02 1.000000000000000000e+00 2.010000000000000000e+02
4.675840315050776574e-01 9.999935159099755666e-02 1.500000000000000000e+01 7.300000000000000000e+01
2.949718591611333318e-01 9.999999953761022631e-02 1.000000000000000000e+00 2.010000000000000000e+02
4.418614188377747443e-01 9.999968768110720219e-02 1.000000000000000000e+00 1.980000000000000000e+02
4.418683717751159534e-01 9.999999910017186300e-02 1.000000000000000000e+00 1.980000000000000000e+02
4.412704376782222715e-01 9.999999338447268515e-02 1.000000000000000000e+00 1.990000000000000000e+02
4.395300095212067437e-01 1.000000000351085466e-01 1.000000000000000000e+00 2.000000000000000000e+02
4.394702970694630006e-01 9.999999951123957065e-02 1.000000000000000000e+00 2.000000000000000000e+02
4.411032536710624008e-01 1.000000002840350094e-01 1.000000000000000000e+00 1.990000000000000000e+02
4.409661484235385398e-01 9.999999976788169487e-02 1.000000000000000000e+00 1.990000000000000000e+02
4.409700989487523870e-01 9.999999720529513525e-02 1.000000000000000000e+00 1.990000000000000000e+02
4.402918428143783314e-01 9.999999999577821597e-02 1.000000000000000000e+00 2.000000000000000000e+02
4.401181280828649900e-01 9.999998962273085046e-02 1.000000000000000000e+00 2.000000000000000000e+02
4.405271010023795730e-01 9.999999999296134423e-02 1.000000000000000000e+00 2.000000000000000000e+02
4.437919931021050979e-01 9.999999999350768498e-02 1.000000000000000000e+00 2.010000000000000000e+02
4.439720968696888592e-01 9.999999962585530422e-02 1.000000000000000000e+00 2.010000000000000000e+02
4.379525250915123347e-01 1.000000000361251362e-01 1.000000000000000000e+00 1.980000000000000000e+02
4.349046168201424756e-01 9.999999663428618679e-02 1.000000000000000000e+00 1.980000000000000000e+02
4.348489735148233781e-01 9.999970776875076461e-02 1.000000000000000000e+00 1.970000000000000000e+02
4.346228334022924633e-01 9.999999976643805799e-02 1.000000000000000000e+00 1.980000000000000000e+02
4.327727152381750098e-01 1.000000000738492933e-01 1.000000000000000000e+00 2.010000000000000000e+02
4.323187831440043483e-01 9.999999938495550411e-02 1.000000000000000000e+00 2.010000000000000000e+02
2.201284756886316973e-01 1.000000000026404073e-01 2.100000000000000000e+01 1.340000000000000000e+02
4.324417942760225841e-01 9.999999727142472317e-02 1.000000000000000000e+00 2.010000000000000000e+02
4.321703040913552063e-01 9.999999993574218426e-02 1.000000000000000000e+00 2.010000000000000000e+02
5.445847919113564473e-01 9.999999997786170047e-02 1.500000000000000000e+01 2.700000000000000000e+01
4.692916729002644671e-01 9.999998377270145899e-02 1.000000000000000000e+00 2.010000000000000000e+02
4.697392266878310796e-01 9.999999998980958760e-02 1.000000000000000000e+00 2.010000000000000000e+02
4.692886397699072565e-01 9.999999999201406031e-02 1.000000000000000000e+00 2.010000000000000000e+02
4.689938672563758182e-01 9.999999989954160007e-02 1.000000000000000000e+00 2.010000000000000000e+02
4.654876282637874230e-01 9.999999830686791269e-02 1.000000000000000000e+00 2.010000000000000000e+02
4.654735339329513777e-01 1.000000001594755494e-01 1.000000000000000000e+00 2.010000000000000000e+02
4.583921179820205638e-01 9.999999999724053235e-02 1.000000000000000000e+00 2.010000000000000000e+02
4.653402731339343346e-01 9.999999991474382843e-02 1.900000000000000000e+01 1.000000000000000000e+00
4.600997487886857584e-01 1.000000000005159678e-01 1.000000000000000000e+00 2.010000000000000000e+02
4.600444057911007856e-01 9.999999976218472419e-02 1.000000000000000000e+00 2.010000000000000000e+02
4.608130937112576708e-01 9.999999539179707519e-02 1.000000000000000000e+00 2.010000000000000000e+02
