3.850571288732851372e-01 1.380609239845288494e+00 1.800000000000000000e+01 6.100000000000000000e+01 0.000000000000000000e+00
9.600165794051670476e-01 2.513544094041230137e-01 1.700000000000000000e+01 1.980000000000000000e+02 0.000000000000000000e+00
7.869296587181204838e-01 1.765491525123718652e+00 1.400000000000000000e+01 1.330000000000000000e+02 0.000000000000000000e+00
6.480574028240825013e-02 1.735354764350536483e+00 8.000000000000000000e+00 1.070000000000000000e+02 0.000000000000000000e+00
8.953514580727667260e-01 1.544693021614491180e+00 3.000000000000000000e+00 9.100000000000000000e+01 0.000000000000000000e+00
1.255603172334439875e-02 2.062398555441502968e+00 8.000000000000000000e+00 1.320000000000000000e+02 0.000000000000000000e+00
3.534198507671616474e-01 2.895197763524085532e-01 1.300000000000000000e+01 6.900000000000000000e+01 0.000000000000000000e+00
4.046425886948352701e-01 1.098898496234414213e-01 1.900000000000000000e+01 1.800000000000000000e+01 0.000000000000000000e+00
7.467068302672689173e-01 2.011613738971121279e+00 1.000000000000000000e+00 3.700000000000000000e+01 0.000000000000000000e+00
8.306093713145774604e-01 7.899659921724376810e-01 1.200000000000000000e+01 6.600000000000000000e+01 0.000000000000000000e+00
3.885444578053129927e-01 1.669527229939763435e+00 9.000000000000000000e+00 1.000000000000000000e+00 1.000000000000000000e+00
9.623151303742592810e-02 1.192147875601676343e+00 1.000000000000000000e+01 5.100000000000000000e+01 1.000000000000000000e+00
1.722260202888307168e-01 6.801394513842894396e-01 7.000000000000000000e+00 4.200000000000000000e+01 1.000000000000000000e+00
5.500817232778065086e-02 7.643755146598792960e-01 8.000000000000000000e+00 1.700000000000000000e+01 1.000000000000000000e+00
7.465332162405480254e-01 1.778422970421546623e+00 7.000000000000000000e+00 1.700000000000000000e+02 1.000000000000000000e+00
7.193616146129875322e-01 4.768022332216202974e-01 8.000000000000000000e+00 1.590000000000000000e+02 1.000000000000000000e+00
9.956685599127275133e-01 8.760066160908891453e-01 4.000000000000000000e+00 1.590000000000000000e+02 1.000000000000000000e+00
5.131544819238609279e-01 1.627060650604043923e+00 1.600000000000000000e+01 1.460000000000000000e+02 1.000000000000000000e+00
6.937324495003746039e-01 1.543914762804814433e+00 3.000000000000000000e+00 1.020000000000000000e+02 1.000000000000000000e+00
2.241520907638895332e-01 1.626185157947723559e+00 1.700000000000000000e+01 6.900000000000000000e+01 1.000000000000000000e+00
8.521615538142256197e-02 1.321781403411275591e+00 1.000000000000000000e+01 2.800000000000000000e+01 2.000000000000000000e+00
4.356304246561962801e-01 5.687021740077219389e-01 4.000000000000000000e+00 1.170000000000000000e+02 2.000000000000000000e+00
5.590287175813841714e-01 1.253799504960366296e+00 1.300000000000000000e+01 1.980000000000000000e+02 2.000000000000000000e+00
5.580162583751195893e-01 4.098229991471328271e-01 1.500000000000000000e+01 8.600000000000000000e+01 2.000000000000000000e+00
6.425614810535051902e-01 3.182868348632087452e-01 1.800000000000000000e+01 2.000000000000000000e+01 2.000000000000000000e+00
1.247000146109927682e-01 1.092342678546114998e+00 7.000000000000000000e+00 7.500000000000000000e+01 2.000000000000000000e+00
3.872384935554682439e-01 2.058120028432075976e+00 1.300000000000000000e+01 7.400000000000000000e+01 2.000000000000000000e+00
7.232789938640210581e-01 2.227814510232996315e-01 1.200000000000000000e+01 1.470000000000000000e+02 2.000000000000000000e+00
9.102809227391200908e-01 1.994750384930474185e+00 2.000000000000000000e+01 7.900000000000000000e+01 2.000000000000000000e+00
8.392485566987860635e-01 4.081400881055851082e-01 6.000000000000000000e+00 1.080000000000000000e+02 2.000000000000000000e+00
6.631915651992281724e-01 1.713010390298776331e+00 4.000000000000000000e+00 1.590000000000000000e+02 3.000000000000000000e+00
1.111195432613930473e-01 3.022372280148820645e-01 1.300000000000000000e+01 8.800000000000000000e+01 3.000000000000000000e+00
2.428748276911549819e-01 1.083931965421724986e+00 1.400000000000000000e+01 5.800000000000000000e+01 3.000000000000000000e+00
3.723372804294766691e-01 1.649281301540583000e-01 2.000000000000000000e+00 1.350000000000000000e+02 3.000000000000000000e+00
2.106472573171593865e-01 4.831633999389873813e-01 1.100000000000000000e+01 1.360000000000000000e+02 3.000000000000000000e+00
4.065589158269259373e-01 5.251250388237310718e-01 8.000000000000000000e+00 1.800000000000000000e+02 3.000000000000000000e+00
2.127616185594272125e-01 1.940342648946739468e+00 4.000000000000000000e+00 8.100000000000000000e+01 3.000000000000000000e+00
4.955767574802638631e-01 5.408904681190825903e-01 1.200000000000000000e+01 4.400000000000000000e+01 3.000000000000000000e+00
1.210985583875586608e-01 1.407215591372824870e-01 1.300000000000000000e+01 1.700000000000000000e+01 3.000000000000000000e+00
2.380461893283272179e-01 1.306716647188269909e-01 6.000000000000000000e+00 1.960000000000000000e+02 3.000000000000000000e+00
6.143806170640423447e-01 3.326853607640029020e-01 1.600000000000000000e+01 2.200000000000000000e+01 2.000000000000000000e+00
4.736058473807564645e-02 2.085333229519314990e+00 1.700000000000000000e+01 1.930000000000000000e+02 2.000000000000000000e+00
9.999947445403417623e-03 5.104910074563799860e-01 2.100000000000000000e+01 2.010000000000000000e+02 -0.000000000000000000e+00
7.152033191342785923e-01 1.111116993207690862e-01 5.000000000000000000e+00 1.820000000000000000e+02 3.000000000000000000e+00
9.840680170035565055e-01 1.650770887747485816e+00 2.000000000000000000e+01 1.930000000000000000e+02 2.000000000000000000e+00
7.698077033950769810e-01 3.948941094764240600e-01 7.000000000000000000e+00 5.000000000000000000e+00 2.000000000000000000e+00
6.569198477232843780e-01 1.514014655456184855e+00 6.000000000000000000e+00 1.100000000000000000e+01 1.000000000000000000e+00
1.009999999954106276e+00 1.000000000414322798e-01 7.000000000000000000e+00 6.300000000000000000e+01 0.000000000000000000e+00
1.010000000016234800e+00 2.099999999960279862e+00 1.000000000000000000e+00 2.010000000000000000e+02 0.000000000000000000e+00
1.159165047153236650e-01 1.231887038713875282e-01 1.700000000000000000e+01 1.730000000000000000e+02 3.000000000000000000e+00
1.000000002365363135e-02 2.099999999966735142e+00 2.100000000000000000e+01 1.000000000000000000e+00 0.000000000000000000e+00
1.000005634527336741e-02 1.334873260203645051e+00 1.000000000000000000e+00 2.010000000000000000e+02 -0.000000000000000000e+00
9.708249130138836280e-01 1.461240932372142864e-01 8.000000000000000000e+00 1.980000000000000000e+02 0.000000000000000000e+00
9.069466449870133840e-02 1.000513390498273258e-01 4.000000000000000000e+00 1.760000000000000000e+02 1.000000000000000000e+00
1.000637202872297404e+00 1.000000246390860270e-01 2.100000000000000000e+01 1.370000000000000000e+02 0.000000000000000000e+00
2.397465742674073988e-02 1.000000009795156825e-01 1.000000000000000000e+00 1.100000000000000000e+02 1.000000000000000000e+00
8.954857783464530430e-01 7.739620414291695782e-01 1.900000000000000000e+01 1.700000000000000000e+02 0.000000000000000000e+00
4.923917813745440353e-01 1.975312601753612896e+00 1.900000000000000000e+01 7.000000000000000000e+00 1.000000000000000000e+00
7.463440618236799606e-02 1.175041607441023456e-01 1.300000000000000000e+01 1.130000000000000000e+02 1.000000000000000000e+00
9.860582549284124809e-01 2.099742399163855300e+00 1.000000000000000000e+00 8.000000000000000000e+00 0.000000000000000000e+00
7.049404316379455082e-01 1.266242491718204688e+00 2.000000000000000000e+01 1.300000000000000000e+01 2.000000000000000000e+00
4.878585695716267656e-01 1.615582120480368034e-01 1.100000000000000000e+01 4.400000000000000000e+01 3.000000000000000000e+00
9.075805288023801598e-01 9.999999998874277429e-02 2.000000000000000000e+01 1.000000000000000000e+00 -0.000000000000000000e+00
1.399721332483674086e-01 5.292415323857074805e-01 1.500000000000000000e+01 6.900000000000000000e+01 1.000000000000000000e+00
9.942884578610799995e-01 5.598442262731109231e-01 1.900000000000000000e+01 1.860000000000000000e+02 2.000000000000000000e+00
8.200922249976110301e-01 1.019395169116396715e+00 2.000000000000000000e+00 2.900000000000000000e+01 1.000000000000000000e+00
8.533981080276743791e-02 1.214020832749282686e-01 2.000000000000000000e+00 1.000000000000000000e+00 2.000000000000000000e+00
4.211622212440101487e-01 1.378956012515084872e-01 1.800000000000000000e+01 3.500000000000000000e+01 0.000000000000000000e+00
1.000000103136843878e-02 5.448726535057800691e-01 1.000000000000000000e+00 2.010000000000000000e+02 -0.000000000000000000e+00
8.792174615458837605e-01 2.036444180730974107e+00 2.000000000000000000e+00 1.650000000000000000e+02 2.000000000000000000e+00
1.009999999465631237e+00 1.000000001642500636e-01 1.000000000000000000e+00 1.110000000000000000e+02 0.000000000000000000e+00
1.424748128651712707e-02 1.615604190796025297e-01 2.100000000000000000e+01 1.270000000000000000e+02 0.000000000000000000e+00
9.999999998629573866e-03 2.099999999999194955e+00 1.000000000000000000e+00 1.000000000000000000e+00 -0.000000000000000000e+00
1.000000000000174881e-02 1.000000000000003247e-01 2.100000000000000000e+01 4.300000000000000000e+01 0.000000000000000000e+00
4.188859790293313901e-01 5.062206962022908208e-01 2.100000000000000000e+01 1.000000000000000000e+00 0.000000000000000000e+00
9.988737221867464641e-03 1.293664151988913602e+00 2.100000000000000000e+01 2.010000000000000000e+02 0.000000000000000000e+00
6.451050491437912981e-01 5.382772717877312152e-01 1.000000000000000000e+01 1.530000000000000000e+02 1.000000000000000000e+00
2.305089927536053129e-01 9.999998640277159290e-02 2.100000000000000000e+01 2.010000000000000000e+02 0.000000000000000000e+00
1.009999993482024738e+00 2.099999995858348179e+00 2.000000000000000000e+01 2.010000000000000000e+02 0.000000000000000000e+00
9.707224157068532477e-01 1.775629731914752651e-01 2.100000000000000000e+01 6.200000000000000000e+01 2.000000000000000000e+00
8.846368706795300074e-01 4.305900303189363343e-01 7.000000000000000000e+00 2.400000000000000000e+01 2.000000000000000000e+00
1.009999844653336032e+00 1.350367686431540148e+00 1.000000000000000000e+00 2.010000000000000000e+02 -0.000000000000000000e+00
1.003862492644762641e-02 1.526688545664170449e-01 7.000000000000000000e+00 1.470000000000000000e+02 2.000000000000000000e+00
9.606626709748808945e-01 1.010824571740588651e-01 1.400000000000000000e+01 1.870000000000000000e+02 2.000000000000000000e+00
1.010000000292967437e+00 5.317087427491498097e-01 4.000000000000000000e+00 1.920000000000000000e+02 1.000000000000000000e+00
2.149115378620937156e-01 1.000000000015245916e-01 1.200000000000000000e+01 1.310000000000000000e+02 -0.000000000000000000e+00
9.983254404097523516e-01 3.777851016810910845e-01 1.300000000000000000e+01 1.790000000000000000e+02 1.000000000000000000e+00
9.999999993249410538e-03 9.999999999642193715e-02 3.000000000000000000e+00 1.930000000000000000e+02 -0.000000000000000000e+00
1.010000006424072616e+00 8.162529826868666349e-01 2.100000000000000000e+01 1.000000000000000000e+00 -0.000000000000000000e+00
1.009999998245924013e+00 4.970422793582527365e-01 1.000000000000000000e+00 4.700000000000000000e+01 0.000000000000000000e+00
1.000000000006421447e-02 9.532911155407287618e-01 2.100000000000000000e+01 1.290000000000000000e+02 -0.000000000000000000e+00
9.503454085986122735e-01 1.606791437242956366e+00 1.000000000000000000e+00 6.200000000000000000e+01 3.000000000000000000e+00
2.507302627275381432e-02 7.028267220472304011e-01 1.800000000000000000e+01 1.600000000000000000e+02 3.000000000000000000e+00
2.409506446804596247e-01 1.951642691800730356e+00 4.000000000000000000e+00 1.420000000000000000e+02 1.000000000000000000e+00
1.009999999973213214e+00 1.264523571878640729e+00 2.100000000000000000e+01 1.140000000000000000e+02 0.000000000000000000e+00
9.999999600486147652e-03 1.282456265442719623e+00 1.000000000000000000e+00 1.000000000000000000e+00 0.000000000000000000e+00
7.036476743093389441e-02 1.273153330728260757e+00 2.000000000000000000e+01 2.100000000000000000e+01 3.000000000000000000e+00
7.452063791393679359e-01 7.733247216828024184e-01 1.700000000000000000e+01 4.700000000000000000e+01 3.000000000000000000e+00
6.580495627901743472e-01 1.911665071213065059e-01 4.000000000000000000e+00 1.560000000000000000e+02 3.000000000000000000e+00
5.277325770896131862e-01 1.333007421929240932e+00 8.000000000000000000e+00 5.100000000000000000e+01 1.000000000000000000e+00
5.706304775473995949e-01 2.027714827532088315e-01 1.400000000000000000e+01 1.910000000000000000e+02 1.000000000000000000e+00
1.010000383957045944e+00 9.999958574733108785e-02 1.000000000000000000e+00 4.700000000000000000e+01 0.000000000000000000e+00
1.342022691519012267e-01 2.019733635629191948e+00 3.000000000000000000e+00 5.200000000000000000e+01 3.000000000000000000e+00
1.009999993170434873e+00 1.714512259995620846e+00 2.100000000000000000e+01 1.000000000000000000e+00 0.000000000000000000e+00
3.620799160401489969e-01 1.830710223239745971e-01 1.400000000000000000e+01 5.500000000000000000e+01 2.000000000000000000e+00
2.056103889090830639e-01 1.866592105665228818e+00 1.100000000000000000e+01 1.360000000000000000e+02 1.000000000000000000e+00
2.188666869874917875e-01 1.408702262493366941e+00 3.000000000000000000e+00 1.610000000000000000e+02 3.000000000000000000e+00
4.889389275387321931e-01 1.943834580214436114e+00 5.000000000000000000e+00 1.790000000000000000e+02 2.000000000000000000e+00
9.508551310783024402e-01 1.248105119604591140e+00 8.000000000000000000e+00 3.100000000000000000e+01 2.000000000000000000e+00
8.662945252803117002e-01 2.636018779559051173e-01 1.600000000000000000e+01 1.610000000000000000e+02 2.000000000000000000e+00
4.471366286071741802e-01 1.091340952618214261e-01 1.600000000000000000e+01 1.740000000000000000e+02 2.000000000000000000e+00
2.254167539893460193e-01 1.865405763703172459e+00 5.000000000000000000e+00 1.900000000000000000e+02 0.000000000000000000e+00
3.753840684599045185e-01 9.668104240770365454e-01 5.000000000000000000e+00 1.950000000000000000e+02 3.000000000000000000e+00
6.978797853061935452e-01 3.911967247826181326e-01 5.000000000000000000e+00 7.500000000000000000e+01 2.000000000000000000e+00
9.109572839370965180e-01 7.273223117051085262e-01 1.100000000000000000e+01 2.000000000000000000e+02 2.000000000000000000e+00
1.168350363436335138e-01 1.858628758408403803e+00 4.000000000000000000e+00 1.890000000000000000e+02 1.000000000000000000e+00
7.325964004576095423e-01 1.951003976245915261e-01 1.700000000000000000e+01 1.970000000000000000e+02 0.000000000000000000e+00
1.962993030010173889e-01 1.936875852179342550e+00 1.800000000000000000e+01 3.400000000000000000e+01 3.000000000000000000e+00
2.251389675253127054e-01 9.898829756714732087e-01 2.000000000000000000e+00 1.570000000000000000e+02 1.000000000000000000e+00
8.786808441036425554e-01 2.016721317364645216e+00 8.000000000000000000e+00 1.300000000000000000e+01 3.000000000000000000e+00
9.804790228070474623e-01 2.401812942632864656e-01 1.100000000000000000e+01 2.100000000000000000e+01 3.000000000000000000e+00
8.622289655015784593e-01 1.183415380633653591e+00 2.000000000000000000e+01 1.800000000000000000e+02 2.000000000000000000e+00
