-1.330701499595764119e+02
-9.125351886715159822e+01
-1.330965804164395365e+02
-1.330959354677185615e+02
-1.330951997802407902e+02
-1.330926702807447271e+02
-9.068926902141268442e+01
-9.041394350999878782e+01
-1.330968294227704405e+02
-1.146306999077037148e+02
-1.277000155629413030e+02
-1.277154340421884626e+02
-1.109614526831401236e+02
-1.269833539719081443e+02
-1.278401393140351558e+02
-9.639734653402875608e+01
-1.155868017253915525e+02
-1.278365531597788447e+02
-1.278352990332120527e+02
-1.278395340699391767e+02
-1.235009753800124059e+02
-9.811423854159512814e+01
-1.216326412265560748e+02
-9.136093939519749085e+01
-8.866936082570705935e+01
-1.227823865423249572e+02
-1.235613832472344029e+02
-8.725860094892877328e+01
-1.235614759667774649e+02
-9.149173684277064922e+01
-1.239420862009918238e+02
-8.768426224043692230e+01
-1.208577281439087869e+02
-8.800515589357583224e+01
-9.388781022598499248e+01
-9.574098946273241495e+01
-1.239422920157585111e+02
-9.724486690906957165e+01
-9.955433283490881990e+01
-8.788264617535074308e+01
-8.943514520832357562e+01
-1.235613614024223352e+02
-1.182696319035882340e+02
-8.744787382479553628e+01
-1.235168175300994449e+02
-1.043639442383396272e+02
-1.278381232372636447e+02
-9.492320394767601499e+01
-1.330968186207212227e+02
-8.955614082960306632e+01
-1.329834941240043520e+02
-1.330846132437450535e+02
-9.331529003578904735e+01
-8.673173924951812808e+01
-1.040049501135249983e+02
-1.052664659679891912e+02
-1.137486241124598223e+02
-1.278376466587222211e+02
-8.893290863798675616e+01
-1.330967632538016403e+02
-1.234728363428868789e+02
-8.672993100213552964e+01
-1.242253709497258711e+02
-1.008286361496938781e+02
-9.824545573639632323e+01
-1.214785985102969192e+02
-1.235010125032242740e+02
-9.116271237824950902e+01
-1.306393393369031628e+02
-1.235615161824143371e+02
-1.028010813046674912e+02
-1.079473002426026369e+02
-1.331041233916665192e+02
-1.274363241304068879e+02
-1.311417746056787621e+02
-1.329150883225966027e+02
-9.928268782269152837e+01
-1.007805494747034061e+02
-1.330968204866749716e+02
-8.823664759172883976e+01
-9.297727961325233537e+01
-1.322961423653129600e+02
-1.075149553000557461e+02
-9.548799487247072193e+01
-9.932214715672819239e+01
-9.738186327303654366e+01
-9.257379916460092772e+01
-1.112076774620637991e+02
-1.315805895660109286e+02
-1.078976369461850169e+02
-1.319281979044311015e+02
-1.239422571894710501e+02
-1.113164719910923850e+02
-1.278400266145849997e+02
-1.316300414664621883e+02
-1.331021057686538143e+02
-1.236918845214812990e+02
-1.083291130812512222e+02
-8.558040904630544787e+01
-1.277631058980925616e+02
-8.875334558240626848e+01
-1.026640596018321077e+02
-1.239422919904072984e+02
-1.330034858170580208e+02
-8.587119538236642313e+01
-1.278400709371846347e+02
-1.239083599207559701e+02
-1.235614792604318382e+02
-1.228584189897549095e+02
-8.735355657488916847e+01
-9.530185283303616472e+01
-1.330966317764500673e+02
-1.151685040338058315e+02
-9.079630630794399337e+01
-1.054422403554424790e+02
-1.278399504218277798e+02
-9.229171375678487266e+01
-1.239424056460306787e+02
-1.193684885198786247e+02
-1.239424220850822422e+02
-8.596382364073659232e+01
-1.205890219672150181e+02
