9.609279506527494295e-04
1.450000000000000000e+02
2.396397803886042132e-03
1.660000000000000000e+02
1.809727617632697280e-02
1.040000000000000000e+02
7.979300691471546622e-03
1.250000000000000000e+02
2.188818531910760243e-02
9.900000000000000000e+01
2.442767175331506460e-02
3.520000000000000000e+02
1.190064440921420955e-02
5.300000000000000000e+01
1.539858568262075962e-02
2.210000000000000000e+02
2.690282991942450144e-02
1.000000000000000000e+01
4.469742159564938505e-02
1.500000000000000000e+01
