-5.029699999999999704e+01
9.061279099999999809e-02
-2.449499999999999886e+02
3.511954999999999938e-01
-2.419139999999999873e+02
3.850566040000000245e-01
-1.290029999999999859e+02
2.168109910000000362e-01
-2.259499999999999886e+01
3.654097499999999638e-02
-3.326229999999999905e+02
6.123288709999999968e-01
-1.745400000000000063e+01
2.814188399999999896e-02
-1.710699999999999932e+01
2.783755100000000551e-02
-2.167170000000000130e+02
3.774549110000000041e-01
-1.571100000000000030e+01
2.435747899999999785e-02
-1.553100000000000058e+01
2.791103900000000207e-02
