1.030000000000000000e+03 1.663000000000000000e+03 2.471000000000000000e+03 8.360000000000000000e+02
1.282000000000000000e+03 0.000000000000000000e+00 3.165000000000000000e+03 1.553000000000000000e+03
1.276000000000000000e+03 0.000000000000000000e+00 3.144000000000000000e+03 1.580000000000000000e+03
1.261000000000000000e+03 -1.000000000000000000e+00 3.019000000000000000e+03 1.721000000000000000e+03
1.339000000000000000e+03 1.631000000000000000e+03 1.654000000000000000e+03 1.376000000000000000e+03
1.498000000000000000e+03 7.740000000000000000e+02 3.727000000000000000e+03 1.000000000000000000e+00
1.260000000000000000e+03 1.513000000000000000e+03 1.513000000000000000e+03 1.714000000000000000e+03
1.257000000000000000e+03 1.514000000000000000e+03 1.503000000000000000e+03 1.726000000000000000e+03
1.657000000000000000e+03 1.084000000000000000e+03 3.258000000000000000e+03 1.000000000000000000e+00
1.263000000000000000e+03 1.448000000000000000e+03 1.467000000000000000e+03 1.822000000000000000e+03
1.267000000000000000e+03 1.427000000000000000e+03 1.429000000000000000e+03 1.877000000000000000e+03
