1.500000000000000000e+03 1.500000000000000000e+03 1.500000000000000000e+03 1.500000000000000000e+03
2.993000000000000000e+03 1.642000000000000000e+03 5.320000000000000000e+02 8.330000000000000000e+02
1.619000000000000000e+03 2.004000000000000000e+03 7.170000000000000000e+02 1.660000000000000000e+03
2.701000000000000000e+03 7.780000000000000000e+02 1.601000000000000000e+03 9.200000000000000000e+02
6.300000000000000000e+02 9.530000000000000000e+02 1.703000000000000000e+03 2.714000000000000000e+03
7.930000000000000000e+02 2.305000000000000000e+03 2.523000000000000000e+03 3.790000000000000000e+02
1.698000000000000000e+03 0.000000000000000000e+00 2.190000000000000000e+02 4.083000000000000000e+03
0.000000000000000000e+00 2.375000000000000000e+03 1.598000000000000000e+03 2.027000000000000000e+03
1.398000000000000000e+03 0.000000000000000000e+00 2.653000000000000000e+03 1.949000000000000000e+03
3.610000000000000000e+02 1.889000000000000000e+03 0.000000000000000000e+00 3.750000000000000000e+03
0.000000000000000000e+00 8.520000000000000000e+02 3.167000000000000000e+03 1.981000000000000000e+03
1.317000000000000000e+03 3.847000000000000000e+03 8.350000000000000000e+02 1.000000000000000000e+00
5.710000000000000000e+02 3.885000000000000000e+03 0.000000000000000000e+00 1.544000000000000000e+03
1.647000000000000000e+03 7.160000000000000000e+02 3.636000000000000000e+03 1.000000000000000000e+00
2.010000000000000000e+03 2.879000000000000000e+03 1.109000000000000000e+03 2.000000000000000000e+00
