-2.857330000000000041e+02
4.749517109999999986e-01
-3.298600000000000136e+02
3.793004000000000375e-01
-3.673890000000000100e+02
4.101976789999999817e-01
-1.442220000000000084e+02
2.148387160000000129e-01
-3.519080000000000155e+02
4.484495359999999820e-01
-3.488580000000000041e+02
4.212078360000000021e-01
-5.698569999999999709e+02
7.453045509999998153e-01
-3.532679999999999723e+02
4.303621759999999852e-01
-1.035759999999999934e+02
1.844302239999999760e-01
-3.594500000000000028e+01
5.770797499999999469e-02
-1.916000000000000014e+01
3.125239999999999962e-02
