1.206503099684217740e-03
1.310000000000000000e+02
9.733892666425993448e-03
2.200000000000000000e+01
1.056777740099867956e-03
4.380000000000000000e+02
1.323036903214887261e-02
1.900000000000000000e+01
1.210459158836108690e-02
3.500000000000000000e+01
9.468988221235995900e-03
4.100000000000000000e+01
1.817229823503532793e-02
2.300000000000000000e+01
1.469824391182708231e-02
4.300000000000000000e+01
8.837263139198345274e-03
1.150000000000000000e+02
3.717447821653040337e-03
1.410000000000000000e+02
