1.326209983504400601e-03
1.920000000000000000e+02
1.405224394983573336e-02
1.800000000000000000e+01
2.349700705099609915e-03
1.110000000000000000e+02
6.907495882052700452e-03
9.300000000000000000e+01
8.272221639017782874e-03
3.880000000000000000e+02
9.179612581000973215e-03
3.300000000000000000e+01
1.786925358657242419e-02
1.700000000000000000e+01
9.089104775641104056e-03
2.830000000000000000e+02
1.454489546376455146e-02
4.200000000000000000e+01
9.266845837436668955e-04
3.500000000000000000e+01
1.962112482426726836e-03
2.900000000000000000e+01
