1.500000000000000000e+03 1.500000000000000000e+03 1.500000000000000000e+03 1.500000000000000000e+03
1.101000000000000000e+03 1.706000000000000000e+03 1.851000000000000000e+03 1.342000000000000000e+03
2.084000000000000000e+03 9.680000000000000000e+02 1.224000000000000000e+03 1.724000000000000000e+03
6.520000000000000000e+02 2.353000000000000000e+03 2.133000000000000000e+03 8.620000000000000000e+02
5.210000000000000000e+02 2.752000000000000000e+03 1.099000000000000000e+03 1.628000000000000000e+03
3.140000000000000000e+02 8.530000000000000000e+02 1.168000000000000000e+03 3.665000000000000000e+03
3.164000000000000000e+03 6.940000000000000000e+02 2.140000000000000000e+03 2.000000000000000000e+00
1.008000000000000000e+03 1.860000000000000000e+02 3.767000000000000000e+03 1.039000000000000000e+03
1.478000000000000000e+03 3.301000000000000000e+03 1.219000000000000000e+03 2.000000000000000000e+00
2.723000000000000000e+03 2.491000000000000000e+03 7.850000000000000000e+02 1.000000000000000000e+00
1.840000000000000000e+02 4.111000000000000000e+03 1.704000000000000000e+03 1.000000000000000000e+00
3.184000000000000000e+03 4.910000000000000000e+02 0.000000000000000000e+00 2.325000000000000000e+03
1.555000000000000000e+03 6.250000000000000000e+02 0.000000000000000000e+00 3.820000000000000000e+03
1.464000000000000000e+03 2.490000000000000000e+03 0.000000000000000000e+00 2.046000000000000000e+03
1.624000000000000000e+03 1.714000000000000000e+03 2.661000000000000000e+03 1.000000000000000000e+00
