1.804318547956077498e-03
2.130000000000000000e+02
1.016947232691192736e-03
8.100000000000000000e+01
1.157040384821732661e-03
4.500000000000000000e+01
1.069887248294433242e-03
4.500000000000000000e+01
8.270206394986852685e-04
3.300000000000000000e+01
2.033943439087302837e-03
4.000000000000000000e+01
2.065332406045664124e-03
3.400000000000000000e+01
8.518651540541890459e-04
3.700000000000000000e+01
7.763338585509765508e-04
3.600000000000000000e+01
9.441147897856136655e-04
3.400000000000000000e+01
9.868472886395943285e-04
3.600000000000000000e+01
