-3.927769999999999868e+02
6.167892710000000278e-01
-5.782800000000000296e+01
1.061944159999999998e-01
-2.321699999999999875e+01
3.966791099999998627e-02
-1.980999999999999872e+01
3.122790000000000288e-02
-1.980000000000000071e+01
3.298399999999999943e-02
-1.544599999999999973e+01
2.567908399999999786e-02
-1.534600000000000009e+01
2.390028400000000081e-02
-1.527999999999999936e+01
2.396960000000000063e-02
-1.618799999999999883e+01
2.468465600000000273e-02
-1.604400000000000048e+01
2.549406399999999684e-02
-1.807700000000000173e+01
3.045307099999999823e-02
