1.500000000000000000e+03 1.500000000000000000e+03 1.500000000000000000e+03 1.500000000000000000e+03 3.590000000000000000e+02 3.510000000000000000e+02 3.410000000000000000e+02 3.480000000000000000e+02
3.486000000000000000e+03 7.490000000000000000e+02 5.020000000000000000e+02 1.263000000000000000e+03 3.450000000000000000e+02 3.700000000000000000e+02 3.490000000000000000e+02 3.850000000000000000e+02
5.050000000000000000e+02 1.620000000000000000e+03 7.810000000000000000e+02 3.094000000000000000e+03 3.650000000000000000e+02 3.580000000000000000e+02 3.040000000000000000e+02 3.450000000000000000e+02
6.540000000000000000e+02 2.263000000000000000e+03 2.095000000000000000e+03 9.880000000000000000e+02 3.450000000000000000e+02 3.590000000000000000e+02 3.170000000000000000e+02 3.730000000000000000e+02
1.022000000000000000e+03 6.750000000000000000e+02 6.560000000000000000e+02 3.647000000000000000e+03 3.300000000000000000e+02 3.440000000000000000e+02 3.430000000000000000e+02 3.870000000000000000e+02
1.457000000000000000e+03 1.332000000000000000e+03 1.605000000000000000e+03 1.606000000000000000e+03 3.580000000000000000e+02 3.510000000000000000e+02 3.410000000000000000e+02 3.490000000000000000e+02
2.308000000000000000e+03 9.720000000000000000e+02 2.122000000000000000e+03 5.980000000000000000e+02 3.470000000000000000e+02 3.550000000000000000e+02 3.400000000000000000e+02 3.610000000000000000e+02
2.097000000000000000e+03 2.120000000000000000e+02 1.523000000000000000e+03 2.168000000000000000e+03 3.480000000000000000e+02 3.550000000000000000e+02 3.400000000000000000e+02 3.590000000000000000e+02
9.140000000000000000e+02 3.059000000000000000e+03 2.440000000000000000e+02 1.783000000000000000e+03 3.440000000000000000e+02 3.560000000000000000e+02 3.400000000000000000e+02 3.630000000000000000e+02
1.300000000000000000e+02 1.178000000000000000e+03 2.174000000000000000e+03 2.518000000000000000e+03 3.450000000000000000e+02 3.560000000000000000e+02 3.400000000000000000e+02 3.630000000000000000e+02
1.895000000000000000e+03 1.968000000000000000e+03 1.010000000000000000e+02 2.036000000000000000e+03 3.450000000000000000e+02 3.560000000000000000e+02 3.400000000000000000e+02 3.630000000000000000e+02
4.440000000000000000e+02 7.150000000000000000e+02 3.075000000000000000e+03 1.766000000000000000e+03 3.450000000000000000e+02 3.560000000000000000e+02 3.400000000000000000e+02 3.630000000000000000e+02
5.840000000000000000e+02 2.209000000000000000e+03 1.969000000000000000e+03 1.238000000000000000e+03 3.450000000000000000e+02 3.590000000000000000e+02 3.200000000000000000e+02 3.720000000000000000e+02
1.336000000000000000e+03 3.194000000000000000e+03 1.124000000000000000e+03 3.460000000000000000e+02 3.450000000000000000e+02 3.560000000000000000e+02 3.390000000000000000e+02 3.630000000000000000e+02
5.790000000000000000e+02 1.569000000000000000e+03 9.090000000000000000e+02 2.943000000000000000e+03 3.640000000000000000e+02 3.580000000000000000e+02 3.060000000000000000e+02 3.460000000000000000e+02
