-1.322239999999999895e+02
2.429218240000000084e-01
-7.136400000000000432e+01
1.337295040000000268e-01
-7.575300000000000011e+01
1.380179910000000065e-01
-5.874699999999999989e+01
1.159029909999999969e-01
-1.725000000000000000e+01
3.140949999999999992e-02
-1.615099999999999980e+01
2.812619900000000103e-02
-1.602799999999999869e+01
2.614721600000000090e-02
-1.669699999999999918e+01
2.755719099999999824e-02
-1.630699999999999861e+01
2.951275100000000026e-02
-1.605900000000000105e+01
2.520951899999999968e-02
-1.485299999999999976e+01
2.462939099999999701e-02
