9.820672383770881302e-04
3.590000000000000000e+02
1.015462980090506328e-03
2.810000000000000000e+02
1.259085268502592404e-03
1.590000000000000000e+02
1.190380872493694477e-03
1.400000000000000000e+02
1.021395910931090136e-03
9.700000000000000000e+01
1.012917641341357523e-03
6.400000000000000000e+01
1.019595337862758914e-03
6.400000000000000000e+01
1.039389655843904730e-03
8.400000000000000000e+01
1.053126806635583997e-03
9.100000000000000000e+01
1.061756580177851145e-03
6.100000000000000000e+01
1.011336841405853244e-03
6.500000000000000000e+01
