1.226292525156725969e-03
1.350000000000000000e+02
2.557630552681627867e-03
6.800000000000000000e+01
9.690748840584927516e-04
1.110000000000000000e+02
9.105662544064384301e-04
2.200000000000000000e+01
1.257784228984763081e-03
2.950000000000000000e+02
1.103901579846912036e-03
1.370000000000000000e+02
6.501753395598225058e-03
2.800000000000000000e+01
2.054420696664923870e-02
6.100000000000000000e+01
1.173262294723225211e-03
1.650000000000000000e+02
1.055212102140449994e-03
1.290000000000000000e+02
