1.500000000000000000e+03 1.500000000000000000e+03 1.500000000000000000e+03 1.500000000000000000e+03 3.400000000000000000e+02 3.630000000000000000e+02 3.300000000000000000e+02 3.470000000000000000e+02
1.461000000000000000e+03 1.686000000000000000e+03 1.291000000000000000e+03 1.562000000000000000e+03 3.440000000000000000e+02 3.560000000000000000e+02 3.250000000000000000e+02 3.700000000000000000e+02
2.482000000000000000e+03 1.195000000000000000e+03 1.748000000000000000e+03 5.750000000000000000e+02 3.570000000000000000e+02 3.890000000000000000e+02 3.360000000000000000e+02 3.610000000000000000e+02
9.930000000000000000e+02 1.108000000000000000e+03 1.930000000000000000e+03 1.969000000000000000e+03 3.540000000000000000e+02 3.350000000000000000e+02 3.190000000000000000e+02 3.360000000000000000e+02
9.090000000000000000e+02 3.906000000000000000e+03 5.580000000000000000e+02 6.270000000000000000e+02 3.490000000000000000e+02 3.750000000000000000e+02 3.490000000000000000e+02 3.680000000000000000e+02
1.670000000000000000e+02 2.552000000000000000e+03 2.111000000000000000e+03 1.170000000000000000e+03 3.450000000000000000e+02 3.560000000000000000e+02 3.390000000000000000e+02 3.620000000000000000e+02
1.956000000000000000e+03 2.210000000000000000e+02 7.100000000000000000e+02 3.113000000000000000e+03 3.440000000000000000e+02 3.570000000000000000e+02 3.400000000000000000e+02 3.610000000000000000e+02
5.600000000000000000e+02 1.357000000000000000e+03 9.570000000000000000e+02 3.126000000000000000e+03 3.460000000000000000e+02 3.530000000000000000e+02 3.370000000000000000e+02 3.590000000000000000e+02
1.031000000000000000e+03 7.110000000000000000e+02 3.688000000000000000e+03 5.700000000000000000e+02 3.440000000000000000e+02 3.560000000000000000e+02 3.400000000000000000e+02 3.630000000000000000e+02
1.912000000000000000e+03 3.101000000000000000e+03 3.800000000000000000e+01 9.490000000000000000e+02 3.450000000000000000e+02 3.560000000000000000e+02 3.400000000000000000e+02 3.630000000000000000e+02
3.620000000000000000e+03 1.730000000000000000e+02 6.760000000000000000e+02 1.531000000000000000e+03 3.450000000000000000e+02 3.560000000000000000e+02 3.400000000000000000e+02 3.630000000000000000e+02
1.508000000000000000e+03 1.392000000000000000e+03 1.447000000000000000e+03 1.653000000000000000e+03 3.400000000000000000e+02 3.620000000000000000e+02 3.300000000000000000e+02 3.500000000000000000e+02
7.850000000000000000e+02 1.560000000000000000e+02 0.000000000000000000e+00 5.059000000000000000e+03 3.450000000000000000e+02 3.560000000000000000e+02 3.400000000000000000e+02 3.630000000000000000e+02
1.200000000000000000e+01 4.420000000000000000e+02 3.039000000000000000e+03 2.507000000000000000e+03 3.450000000000000000e+02 3.560000000000000000e+02 3.400000000000000000e+02 3.630000000000000000e+02
1.048000000000000000e+03 3.370000000000000000e+02 2.248000000000000000e+03 2.367000000000000000e+03 3.500000000000000000e+02 3.440000000000000000e+02 3.280000000000000000e+02 3.490000000000000000e+02
