-1.801140000000000043e+02
2.964630040000000299e-01
-1.377439999999999998e+02
2.481664640000000033e-01
-1.395159999999999911e+02
2.423897440000000181e-01
-1.380509999999999877e+02
2.114563989999999893e-01
-8.813500000000000512e+01
1.038007749999999840e-01
-1.251940000000000026e+02
1.773023640000000178e-01
-1.888700000000000045e+01
2.796023099999999859e-02
-3.674189999999999827e+02
4.141794389999999826e-01
-2.857900000000000063e+01
3.940575899999999854e-02
-1.698600000000000065e+01
2.710580400000000070e-02
-1.571299999999999919e+01
2.421663099999999888e-02
