1.117999034187436899e-03
1.700000000000000000e+02
1.338627139574125480e-03
1.270000000000000000e+02
1.317400878575027004e-03
1.280000000000000000e+02
1.891204358075321626e-02
5.400000000000000000e+01
4.203454878539530752e-03
8.400000000000000000e+01
1.238193473629958102e-02
6.000000000000000000e+01
9.893781674278595128e-04
5.700000000000000000e+01
1.741361819243835221e-02
2.500000000000000000e+01
1.009147673630814927e-03
5.000000000000000000e+01
1.113420839808183229e-03
3.700000000000000000e+01
1.041142943900709005e-03
6.700000000000000000e+01
