9.328068624974916127e-04
5.400000000000000000e+01
1.147190735943501641e-03
1.180000000000000000e+02
9.591263432354515950e-04
6.300000000000000000e+01
9.657215600127512381e-04
6.100000000000000000e+01
1.138246983233493848e-03
9.400000000000000000e+01
2.546959192583893306e-02
1.500000000000000000e+01
1.002277527397263000e-03
1.740000000000000000e+02
6.938193770644206053e-03
9.000000000000000000e+01
2.395244229256064325e-02
4.100000000000000000e+01
3.142515552858132343e-03
2.960000000000000000e+02
