-1.013862312330878097e-03
0.000000000000000000e+00
-2.713683299406416155e-04
0.000000000000000000e+00
-1.237868532144638075e-03
0.000000000000000000e+00
-2.456014828112053176e-03
0.000000000000000000e+00
-2.441896985614206393e-03
0.000000000000000000e+00
-1.098428480917592242e-03
0.000000000000000000e+00
-6.845050394978649056e-04
0.000000000000000000e+00
-4.743545692960576750e-05
0.000000000000000000e+00
-4.456066414106003891e-04
0.000000000000000000e+00
-2.069096945575989285e-04
0.000000000000000000e+00
-3.750180237044834782e-05
0.000000000000000000e+00
-3.285976805085829948e-04
0.000000000000000000e+00
-8.374084123898490380e-04
0.000000000000000000e+00
-8.071852565869427508e-04
0.000000000000000000e+00
-5.790067567570108620e-04
0.000000000000000000e+00
-1.611287410401848557e-04
0.000000000000000000e+00
-2.063906592601779505e-04
0.000000000000000000e+00
