6.878193615594057064e-01
1.010000000000000000e+02
3.895129837678391604e-01
1.010000000000000000e+02
6.278514227622884469e-01
1.010000000000000000e+02
1.078937153182800979e-01
1.000000000000000000e+00
7.406824073282397558e-01
1.010000000000000000e+02
7.134964042562240705e-01
6.000000000000000000e+00
2.219139716005947172e+00
1.010000000000000000e+02
4.449719089655934656e-01
1.000000000000000000e+00
1.360272378068630161e-01
1.000000000000000000e+00
9.636776820205046612e-02
1.200000000000000000e+01
1.774731618264700161e+00
2.900000000000000000e+01
3.740159960395703087e-01
1.000000000000000000e+00
2.595756647815160800e+00
2.000000000000000000e+00
8.510064328521613763e-01
1.000000000000000000e+00
1.823189615328093538e-01
1.000000000000000000e+00
