1.414653469319002155e-03
4.000000000000000000e+00
3.336846224394340865e-05
5.000000000000000000e+00
1.485813760363358105e-03
3.000000000000000000e+00
2.007365434576746654e-05
4.000000000000000000e+00
3.261267760479302780e-05
4.000000000000000000e+00
2.568803935415475692e-05
5.000000000000000000e+00
2.185714360090386388e-05
4.000000000000000000e+00
4.547544777880330180e-05
5.000000000000000000e+00
1.606404328552413219e-05
3.000000000000000000e+00
1.692199603339772374e-05
3.000000000000000000e+00
1.572709773209002293e-03
4.000000000000000000e+00
4.856399053149162981e-05
4.000000000000000000e+00
3.252851429291769847e-05
2.000000000000000000e+00
1.483024178345115907e-03
4.000000000000000000e+00
2.586455147665367438e-04
5.000000000000000000e+00
1.603735022709662505e-03
2.000000000000000000e+00
