-6.400509785799624041e-02 4.800848436445734890e-01
-4.740737681721086672e-01 3.869905122598015779e-01
4.966247787870914365e-02 1.210468169049001119e+00
-6.467760738172312340e-02 -2.012954467526541918e-02
-7.963219791251097135e-02 1.039394769014465210e-02
-1.696651789961258761e-01 -8.328379463417230344e-01
-2.953513659621574972e-01 -1.160105773870658968e-01
1.192709663506636986e-01 -7.016276673727732671e-01
-2.003453263254768579e-01 -1.389393422019740587e+00
-2.331727248971333655e-01 4.905955596689043907e-01
1.211338327692949024e-01 -2.194363796852800974e-01
2.914209427703906563e-02 -3.083744374565056123e-01
-3.654200546550664397e-01 -4.557147726635770724e-01
1.357812126574642342e-02 -2.124527672004238088e+00
-3.155601343530847203e-01 5.497982421083852378e-01
4.551859156439718723e-01 1.257717885928707258e+00
3.750829362447167803e-01 -2.009915629656042313e+00
-3.879870147170565442e-01 -1.664721992778902981e+00
3.248911641533878125e-01 -2.442822637580848444e-01
-4.265060087086161023e-01 1.125011711422060579e+00
-4.672943253456023349e-01 -1.061962619919030626e+00
-4.705440458673929016e-01 5.433494372101344005e-01
6.411098065780439226e-02 -1.048099039709206481e+00
-3.147600174569451514e-01 1.839699110540165661e+00
4.953305292829152107e-02 4.919241049003023752e-02
-2.029143392573139748e-01 1.111449316643746688e+00
2.274741007854297614e-01 1.569902570071591841e+00
-5.026540921566496206e-02 -2.309063796372037014e-01
1.310120240838326400e-01 8.184318827861314372e-01
9.957917317559525361e-02 -1.392698984558712327e+00
-4.244995841345137744e-01 -1.913278081107110173e+00
