4.736950346057888228e-01
2.030731176182816178e-01
1.206120416364284909e+00
-2.476186197465626501e-02
6.163879693331394613e-03
-8.944623735905835593e-01
-1.930293643777706847e-01
-7.309925913461212676e-01
-1.442138069226281960e+00
4.281061946254055561e-01
-2.265617855512289114e-01
-3.094944594958595752e-01
-5.107952665625666855e-01
-2.124577488018531746e+00
4.315248172123684611e-01
1.036473200713457832e+00
-2.118436124875961113e+00
-1.852798380149223378e+00
-3.407722894419373261e-01
1.089844052593919255e+00
-1.351180655621760707e+00
3.899061472217601465e-01
-1.053560275418073511e+00
1.734263309250122065e+00
4.829573548794502402e-02
1.061258965569850332e+00
1.512469758233911499e+00
-2.343951778876174341e-01
7.998761980626977186e-01
-1.398270361085173219e+00
-2.101942538040602493e+00
