1.060028529723561208e-03
5.200000000000000000e+01
1.106201338536788679e-03
3.750000000000000000e+02
1.175796004101640037e-03
1.780000000000000000e+02
1.182084988495241953e-03
6.300000000000000000e+01
9.140224057417723315e-04
6.100000000000000000e+01
1.118995605833277007e-03
3.700000000000000000e+01
1.108910520505318595e-03
4.500000000000000000e+01
2.693347445956106520e-02
2.700000000000000000e+01
9.911098379432486428e-04
3.300000000000000000e+01
1.124938347164631050e-03
3.500000000000000000e+01
9.617801236396476437e-04
3.600000000000000000e+01
