-1.550900000000000034e+01
2.172791899999999485e-02
-2.161599999999999966e+01
3.622454399999999741e-02
-2.049599999999999866e+01
3.341598399999999580e-02
-3.014600000000000080e+01
4.254468400000000622e-02
-2.254599999999999937e+01
3.242188399999999804e-02
-2.657400000000000162e+01
3.594452400000000547e-02
-1.632300000000000040e+01
2.467067100000000165e-02
-1.619509999999999934e+02
2.366925990000000035e-01
-1.632100000000000151e+01
2.490195899999999782e-02
-1.534200000000000053e+01
2.555103600000000266e-02
-1.500000000000000000e+01
2.249400000000000011e-02
