1.500000000000000000e+03 1.500000000000000000e+03 1.500000000000000000e+03 1.500000000000000000e+03
2.663000000000000000e+03 1.299000000000000000e+03 1.035000000000000000e+03 1.003000000000000000e+03
1.794000000000000000e+03 2.049000000000000000e+03 7.010000000000000000e+02 1.456000000000000000e+03
1.865000000000000000e+03 1.734000000000000000e+03 1.815000000000000000e+03 5.860000000000000000e+02
2.320000000000000000e+03 1.624000000000000000e+03 5.100000000000000000e+02 1.546000000000000000e+03
6.130000000000000000e+02 1.670000000000000000e+03 1.328000000000000000e+03 2.389000000000000000e+03
3.010000000000000000e+02 2.339000000000000000e+03 3.034000000000000000e+03 3.260000000000000000e+02
1.252000000000000000e+03 0.000000000000000000e+00 2.544000000000000000e+03 2.204000000000000000e+03
7.140000000000000000e+02 4.042000000000000000e+03 1.980000000000000000e+02 1.046000000000000000e+03
1.094000000000000000e+03 7.840000000000000000e+02 0.000000000000000000e+00 4.122000000000000000e+03
9.530000000000000000e+02 2.161000000000000000e+03 1.475000000000000000e+03 1.411000000000000000e+03
2.078000000000000000e+03 6.970000000000000000e+02 3.224000000000000000e+03 1.000000000000000000e+00
4.695000000000000000e+03 5.870000000000000000e+02 7.160000000000000000e+02 2.000000000000000000e+00
0.000000000000000000e+00 2.296000000000000000e+03 8.480000000000000000e+02 2.856000000000000000e+03
0.000000000000000000e+00 9.700000000000000000e+02 2.432000000000000000e+03 2.598000000000000000e+03
