1.337708774717744336e-03
1.830000000000000000e+02
1.028540640527416360e-03
2.260000000000000000e+02
1.222641367693106653e-03
7.600000000000000000e+01
9.524932168182899958e-04
3.090000000000000000e+02
1.082489321586320788e-03
5.300000000000000000e+01
9.349275969221691393e-04
6.700000000000000000e+01
9.456999195518257838e-04
6.700000000000000000e+01
9.409026577503499253e-04
6.700000000000000000e+01
1.035206070637291476e-03
5.100000000000000000e+01
9.858301763867557185e-04
6.500000000000000000e+01
8.222881262022771563e-04
3.400000000000000000e+01
