9.790000000000000000e+02 2.479000000000000000e+03 2.271000000000000000e+03 2.710000000000000000e+02
8.020000000000000000e+02 2.385000000000000000e+03 2.239000000000000000e+03 5.740000000000000000e+02
7.350000000000000000e+02 2.431000000000000000e+03 2.233000000000000000e+03 6.010000000000000000e+02
1.003000000000000000e+03 1.231000000000000000e+03 2.044000000000000000e+03 1.722000000000000000e+03
9.040000000000000000e+02 1.143000000000000000e+03 2.095000000000000000e+03 1.858000000000000000e+03
1.289000000000000000e+03 8.370000000000000000e+02 2.069000000000000000e+03 1.805000000000000000e+03
1.289000000000000000e+03 8.360000000000000000e+02 2.068000000000000000e+03 1.807000000000000000e+03
1.289000000000000000e+03 8.360000000000000000e+02 2.068000000000000000e+03 1.807000000000000000e+03
1.014000000000000000e+03 1.103000000000000000e+03 1.784000000000000000e+03 2.099000000000000000e+03
1.002000000000000000e+03 1.082000000000000000e+03 1.794000000000000000e+03 2.122000000000000000e+03
1.173000000000000000e+03 1.165000000000000000e+03 1.487000000000000000e+03 2.175000000000000000e+03
