-8.285999999999999943e+01
1.040203999999999990e-01
-7.592100000000000648e+01
1.039607589999999998e-01
-7.950199999999999534e+01
1.076639959999999840e-01
-2.126899999999999835e+01
3.524663899999999628e-02
-2.309700000000000131e+01
3.650159099999999990e-02
-2.346199999999999974e+01
3.953655600000000048e-02
-2.334700000000000131e+01
3.833859099999999825e-02
-2.317699999999999960e+01
3.947567100000000384e-02
-1.608099999999999952e+01
2.689443900000000262e-02
-1.723000000000000043e+01
3.057509999999999742e-02
-1.601200000000000045e+01
3.009185599999999669e-02
