1.500000000000000000e+03 1.500000000000000000e+03 1.500000000000000000e+03 1.500000000000000000e+03
1.347000000000000000e+03 5.920000000000000000e+02 3.012000000000000000e+03 1.049000000000000000e+03
1.391000000000000000e+03 1.039000000000000000e+03 1.613000000000000000e+03 1.957000000000000000e+03
1.295000000000000000e+03 1.115000000000000000e+03 2.601000000000000000e+03 9.890000000000000000e+02
1.771000000000000000e+03 1.432000000000000000e+03 5.210000000000000000e+02 2.276000000000000000e+03
3.157000000000000000e+03 1.368000000000000000e+03 1.473000000000000000e+03 2.000000000000000000e+00
1.530000000000000000e+02 7.920000000000000000e+02 7.330000000000000000e+02 4.322000000000000000e+03
6.620000000000000000e+02 2.179000000000000000e+03 3.158000000000000000e+03 1.000000000000000000e+00
1.614000000000000000e+03 2.307000000000000000e+03 2.078000000000000000e+03 1.000000000000000000e+00
0.000000000000000000e+00 2.597000000000000000e+03 1.716000000000000000e+03 1.687000000000000000e+03
2.110000000000000000e+02 6.590000000000000000e+02 4.931000000000000000e+03 1.990000000000000000e+02
9.770000000000000000e+02 4.008000000000000000e+03 2.400000000000000000e+01 9.910000000000000000e+02
1.995000000000000000e+03 0.000000000000000000e+00 2.010000000000000000e+03 1.995000000000000000e+03
3.087000000000000000e+03 7.130000000000000000e+02 0.000000000000000000e+00 2.200000000000000000e+03
7.110000000000000000e+02 7.890000000000000000e+02 2.123000000000000000e+03 2.377000000000000000e+03
