1.547403592592336242e-03
6.200000000000000000e+01
2.102503411576835037e-03
1.350000000000000000e+02
1.130006763770861249e-03
4.750000000000000000e+02
1.884896718065679671e-03
3.670000000000000000e+02
6.874230809627765275e-03
1.490000000000000000e+02
2.543962851210165160e-03
3.790000000000000000e+02
1.187584849805318338e-03
1.760000000000000000e+02
1.137103754962347398e-03
1.090000000000000000e+02
1.244705986927777380e-03
1.050000000000000000e+02
1.117429051953103269e-02
1.750000000000000000e+02
1.046080476982832151e-03
3.400000000000000000e+01
