1.573691351045167870e-03
3.010000000000000000e+02
1.088467846451343342e-03
1.770000000000000000e+02
1.136957992682927250e-03
4.600000000000000000e+02
1.521230972049779796e-03
6.400000000000000000e+01
3.342856105932458504e-03
2.500000000000000000e+02
7.570823264524679901e-03
1.050000000000000000e+02
1.313297508950095555e-03
4.290000000000000000e+02
9.517139861230306669e-03
1.550000000000000000e+02
4.897463364394959856e-02
1.000000000000000000e+01
8.190691054372551544e-03
1.290000000000000000e+02
