1.500000000000000000e+03 1.500000000000000000e+03 1.500000000000000000e+03 1.500000000000000000e+03
6.180000000000000000e+02 1.307000000000000000e+03 3.522000000000000000e+03 5.530000000000000000e+02
1.032000000000000000e+03 6.200000000000000000e+02 1.330000000000000000e+03 3.018000000000000000e+03
9.410000000000000000e+02 1.550000000000000000e+03 5.860000000000000000e+02 2.923000000000000000e+03
6.890000000000000000e+02 7.600000000000000000e+02 1.408000000000000000e+03 3.143000000000000000e+03
2.880000000000000000e+03 0.000000000000000000e+00 7.160000000000000000e+02 2.404000000000000000e+03
3.223000000000000000e+03 1.351000000000000000e+03 1.423000000000000000e+03 3.000000000000000000e+00
1.062000000000000000e+03 3.746000000000000000e+03 4.300000000000000000e+02 7.620000000000000000e+02
2.430000000000000000e+02 7.660000000000000000e+02 1.720000000000000000e+02 4.819000000000000000e+03
6.490000000000000000e+02 3.261000000000000000e+03 0.000000000000000000e+00 2.090000000000000000e+03
3.188000000000000000e+03 1.594000000000000000e+03 0.000000000000000000e+00 1.218000000000000000e+03
5.110000000000000000e+02 5.000000000000000000e+02 2.977000000000000000e+03 2.012000000000000000e+03
0.000000000000000000e+00 2.592000000000000000e+03 2.056000000000000000e+03 1.352000000000000000e+03
2.133000000000000000e+03 3.039000000000000000e+03 8.270000000000000000e+02 1.000000000000000000e+00
2.245000000000000000e+03 0.000000000000000000e+00 2.526000000000000000e+03 1.229000000000000000e+03
