1.096832420563855718e-03
9.800000000000000000e+01
1.409774374394565793e-02
5.100000000000000000e+01
1.372286202712784398e-02
1.760000000000000000e+02
4.254828178886224666e-02
1.000000000000000000e+01
2.592418375059872201e-02
4.300000000000000000e+01
8.907221231285506911e-04
3.200000000000000000e+01
4.557190923066441191e-02
1.900000000000000000e+01
1.153102721047786616e-03
6.800000000000000000e+01
8.537202497538544030e-04
3.100000000000000000e+01
8.144211023346405046e-04
3.500000000000000000e+01
8.745383748404583768e-04
4.000000000000000000e+01
