-8.072899999999999920e+01
1.553655589999999864e-01
-1.473069999999999879e+02
1.952027509999999799e-01
-1.504670000000000130e+02
1.923289109999999913e-01
-3.663770000000000095e+02
3.685808710000000321e-01
-1.908839999999999861e+02
2.731425439999999871e-01
-1.603000000000000114e+01
2.532109999999999916e-02
-4.558059999999999832e+02
7.318723639999999975e-01
-1.578999999999999915e+01
2.500989999999999810e-02
-1.614699999999999847e+01
2.548339100000000454e-02
-1.593200000000000038e+01
2.757537599999999867e-02
-1.667000000000000171e+01
2.625109999999999597e-02
