1.500000000000000000e+03 1.500000000000000000e+03 1.500000000000000000e+03 1.500000000000000000e+03
7.080000000000000000e+02 3.412000000000000000e+03 1.076000000000000000e+03 8.040000000000000000e+02
9.960000000000000000e+02 6.060000000000000000e+02 1.873000000000000000e+03 2.525000000000000000e+03
3.158000000000000000e+03 1.161000000000000000e+03 6.590000000000000000e+02 1.022000000000000000e+03
2.188000000000000000e+03 1.070000000000000000e+03 7.580000000000000000e+02 1.984000000000000000e+03
1.752000000000000000e+03 1.816000000000000000e+03 2.430000000000000000e+03 2.000000000000000000e+00
1.900000000000000000e+01 9.860000000000000000e+02 5.860000000000000000e+02 4.409000000000000000e+03
0.000000000000000000e+00 1.763000000000000000e+03 2.627000000000000000e+03 1.610000000000000000e+03
1.099000000000000000e+03 8.800000000000000000e+02 4.020000000000000000e+03 1.000000000000000000e+00
1.989000000000000000e+03 0.000000000000000000e+00 2.395000000000000000e+03 1.616000000000000000e+03
5.320000000000000000e+02 1.993000000000000000e+03 1.231000000000000000e+03 2.244000000000000000e+03
1.427000000000000000e+03 0.000000000000000000e+00 1.169000000000000000e+03 3.404000000000000000e+03
4.600000000000000000e+01 0.000000000000000000e+00 2.411000000000000000e+03 3.543000000000000000e+03
1.314000000000000000e+03 2.659000000000000000e+03 0.000000000000000000e+00 2.027000000000000000e+03
8.420000000000000000e+02 1.447000000000000000e+03 1.781000000000000000e+03 1.930000000000000000e+03
