3.678022108623453090e-03
1.970000000000000000e+02
1.158460365630078993e-03
3.870000000000000000e+02
9.683285881855196748e-04
1.950000000000000000e+02
9.498605293575111295e-04
8.300000000000000000e+01
1.535173672325157272e-02
2.600000000000000000e+01
9.670247649363451986e-04
6.200000000000000000e+01
2.430826951194629652e-03
2.800000000000000000e+01
9.526970867913136815e-04
3.100000000000000000e+01
9.824494917772999113e-04
3.600000000000000000e+01
9.366635656274658857e-04
4.800000000000000000e+01
1.508496344679038145e-03
2.400000000000000000e+01
