-5.794310000000000400e+02
9.928772390000000225e-01
-4.540779999999999745e+02
5.552439160000000040e-01
-2.966329999999999814e+02
3.620363109999999995e-01
-2.114300000000000068e+01
4.031455100000000402e-02
-2.268650000000000091e+02
3.291167749999999725e-01
-1.750300000000000011e+01
3.377999100000000227e-02
-1.470899999999999963e+01
2.255031899999999923e-02
-1.457499999999999929e+01
2.331437499999999829e-02
-1.489000000000000057e+01
2.353389999999999996e-02
-1.458300000000000018e+01
2.412711100000000317e-02
-1.497499999999999964e+01
2.422637500000000138e-02
