1.783000000000000000e+03 6.630000000000000000e+02 0.000000000000000000e+00 3.554000000000000000e+03
2.150000000000000000e+02 1.900000000000000000e+01 4.331000000000000000e+03 1.435000000000000000e+03
5.057000000000000000e+03 2.540000000000000000e+02 3.460000000000000000e+02 3.430000000000000000e+02
1.412000000000000000e+03 1.247000000000000000e+03 1.568000000000000000e+03 1.773000000000000000e+03
0.000000000000000000e+00 2.464000000000000000e+03 7.140000000000000000e+02 2.822000000000000000e+03
1.298000000000000000e+03 1.146000000000000000e+03 1.592000000000000000e+03 1.964000000000000000e+03
1.179000000000000000e+03 1.402000000000000000e+03 1.527000000000000000e+03 1.892000000000000000e+03
1.186000000000000000e+03 1.379000000000000000e+03 1.540000000000000000e+03 1.895000000000000000e+03
1.182000000000000000e+03 1.397000000000000000e+03 1.541000000000000000e+03 1.880000000000000000e+03
1.175000000000000000e+03 1.403000000000000000e+03 1.530000000000000000e+03 1.892000000000000000e+03
1.155000000000000000e+03 1.455000000000000000e+03 1.522000000000000000e+03 1.868000000000000000e+03
