1.100588222551065250e-03
1.260000000000000000e+02
1.196061287737061173e-03
8.200000000000000000e+01
9.153385051392609563e-04
1.810000000000000000e+02
2.491598198661398866e-02
2.000000000000000000e+01
8.201344897946447401e-03
9.400000000000000000e+01
1.122367220817906261e-03
1.500000000000000000e+02
1.878327433320338066e-02
1.820000000000000000e+02
1.255914365090846779e-03
1.970000000000000000e+02
4.750960563795551816e-02
4.000000000000000000e+00
7.707555338161437702e-03
6.700000000000000000e+01
