1.500000000000000000e+03 1.500000000000000000e+03 1.500000000000000000e+03 1.500000000000000000e+03 3.570000000000000000e+02 3.850000000000000000e+02 3.100000000000000000e+02 3.590000000000000000e+02
6.620000000000000000e+02 1.274000000000000000e+03 1.449000000000000000e+03 2.615000000000000000e+03 3.480000000000000000e+02 3.320000000000000000e+02 3.030000000000000000e+02 3.890000000000000000e+02
1.702000000000000000e+03 1.485000000000000000e+03 2.289000000000000000e+03 5.240000000000000000e+02 3.190000000000000000e+02 3.370000000000000000e+02 3.430000000000000000e+02 3.830000000000000000e+02
2.803000000000000000e+03 9.970000000000000000e+02 1.366000000000000000e+03 8.340000000000000000e+02 3.300000000000000000e+02 3.550000000000000000e+02 3.550000000000000000e+02 3.740000000000000000e+02
8.810000000000000000e+02 2.324000000000000000e+03 1.602000000000000000e+03 1.193000000000000000e+03 3.600000000000000000e+02 3.370000000000000000e+02 3.420000000000000000e+02 3.690000000000000000e+02
1.719000000000000000e+03 2.615000000000000000e+03 3.490000000000000000e+02 1.317000000000000000e+03 3.470000000000000000e+02 3.620000000000000000e+02 3.340000000000000000e+02 3.620000000000000000e+02
8.930000000000000000e+02 3.350000000000000000e+02 3.243000000000000000e+03 1.529000000000000000e+03 3.450000000000000000e+02 3.560000000000000000e+02 3.400000000000000000e+02 3.630000000000000000e+02
1.427000000000000000e+03 9.800000000000000000e+02 6.400000000000000000e+01 3.529000000000000000e+03 3.450000000000000000e+02 3.560000000000000000e+02 3.400000000000000000e+02 3.630000000000000000e+02
0.000000000000000000e+00 3.670000000000000000e+02 2.863000000000000000e+03 2.770000000000000000e+03 3.450000000000000000e+02 3.560000000000000000e+02 3.400000000000000000e+02 3.620000000000000000e+02
7.800000000000000000e+02 1.113000000000000000e+03 1.537000000000000000e+03 2.570000000000000000e+03 3.480000000000000000e+02 3.330000000000000000e+02 3.060000000000000000e+02 3.870000000000000000e+02
1.821000000000000000e+03 5.300000000000000000e+01 1.826000000000000000e+03 2.300000000000000000e+03 3.450000000000000000e+02 3.560000000000000000e+02 3.390000000000000000e+02 3.630000000000000000e+02
2.678000000000000000e+03 6.380000000000000000e+02 0.000000000000000000e+00 2.684000000000000000e+03 3.450000000000000000e+02 3.560000000000000000e+02 3.400000000000000000e+02 3.630000000000000000e+02
3.400000000000000000e+01 3.459000000000000000e+03 3.990000000000000000e+02 2.108000000000000000e+03 3.450000000000000000e+02 3.560000000000000000e+02 3.400000000000000000e+02 3.630000000000000000e+02
3.188000000000000000e+03 1.888000000000000000e+03 5.700000000000000000e+02 3.540000000000000000e+02 3.520000000000000000e+02 3.520000000000000000e+02 3.410000000000000000e+02 3.600000000000000000e+02
8.200000000000000000e+01 2.749000000000000000e+03 2.824000000000000000e+03 3.450000000000000000e+02 3.450000000000000000e+02 3.560000000000000000e+02 3.400000000000000000e+02 3.630000000000000000e+02
