1.283581700168911132e-03
2.670000000000000000e+02
1.225392464228676178e-03
2.840000000000000000e+02
3.360183057391245842e-02
1.400000000000000000e+01
1.269003451460252833e-02
1.200000000000000000e+02
2.218498710227686729e-02
1.300000000000000000e+01
1.878353741205980934e-02
4.000000000000000000e+01
2.810353947403401720e-02
1.400000000000000000e+01
3.927653514863557738e-03
6.400000000000000000e+01
1.440024612555135253e-02
9.000000000000000000e+01
1.089832003378728154e-02
1.740000000000000000e+02
