-1.575070000000000050e+02
2.690759509999999799e-01
-7.729699999999999704e+01
1.466027910000000101e-01
-2.447889999999999873e+02
4.146544790000000202e-01
-3.717250000000000227e+02
7.010713749999999411e-01
-9.523799999999999955e+01
1.119873560000000101e-01
-9.349500000000000455e+01
1.125259749999999725e-01
-8.656499999999999773e+01
1.001557749999999886e-01
-9.524099999999999966e+01
1.144009189999999898e-01
-2.040299999999999869e+01
3.556859099999999663e-02
-2.318599999999999994e+01
3.760740400000000400e-02
-2.413400000000000034e+01
4.206604400000000382e-02
