1.500000000000000000e+03 1.500000000000000000e+03 1.500000000000000000e+03 1.500000000000000000e+03
1.209000000000000000e+03 9.200000000000000000e+02 8.100000000000000000e+02 3.061000000000000000e+03
6.890000000000000000e+02 2.960000000000000000e+03 5.420000000000000000e+02 1.809000000000000000e+03
5.770000000000000000e+02 6.270000000000000000e+02 1.445000000000000000e+03 3.351000000000000000e+03
1.524000000000000000e+03 1.875000000000000000e+03 1.319000000000000000e+03 1.282000000000000000e+03
3.110000000000000000e+03 1.640000000000000000e+02 9.990000000000000000e+02 1.727000000000000000e+03
4.330000000000000000e+02 1.100000000000000000e+03 3.196000000000000000e+03 1.271000000000000000e+03
1.771000000000000000e+03 1.968000000000000000e+03 2.260000000000000000e+03 1.000000000000000000e+00
2.543000000000000000e+03 0.000000000000000000e+00 3.255000000000000000e+03 2.020000000000000000e+02
3.090000000000000000e+02 8.140000000000000000e+02 0.000000000000000000e+00 4.877000000000000000e+03
1.885000000000000000e+03 1.792000000000000000e+03 0.000000000000000000e+00 2.323000000000000000e+03
2.936000000000000000e+03 2.144000000000000000e+03 9.190000000000000000e+02 1.000000000000000000e+00
7.500000000000000000e+02 4.376000000000000000e+03 8.720000000000000000e+02 2.000000000000000000e+00
0.000000000000000000e+00 3.178000000000000000e+03 1.801000000000000000e+03 1.021000000000000000e+03
1.428000000000000000e+03 0.000000000000000000e+00 2.362000000000000000e+03 2.210000000000000000e+03
