-2.089730000000000132e+02
3.740962709999999802e-01
-3.948170000000000073e+02
6.913575109999999802e-01
-9.605700000000000216e+01
1.158597509999999969e-01
-1.104629999999999939e+02
1.638966309999999871e-01
-8.056999999999999318e+01
1.352111000000000285e-01
-4.464600000000000080e+01
6.370668399999999953e-02
-2.559100000000000108e+01
3.596171899999999616e-02
-2.068799999999999883e+01
2.883265600000000511e-02
-1.489199999999999946e+01
2.267233599999999780e-02
-1.525900000000000034e+01
2.346991900000000228e-02
-1.474900000000000055e+01
2.039999899999999852e-02
