1.205638772526927390e-03
8.100000000000000000e+01
1.080776993411093276e-03
1.800000000000000000e+01
1.309141391667444998e-03
2.800000000000000000e+01
1.102841952190522197e-03
2.600000000000000000e+01
1.162191889804806144e-03
4.400000000000000000e+01
1.049674340438656222e-03
7.200000000000000000e+01
1.062896530341704386e-03
1.550000000000000000e+02
1.655266796076577951e-02
3.300000000000000000e+01
1.075082715946264287e-03
9.800000000000000000e+01
2.488300289409306129e-02
6.200000000000000000e+01
