2.170000000000000000e+02 1.490000000000000000e+03 5.330000000000000000e+02 3.760000000000000000e+03
8.900000000000000000e+02 2.092000000000000000e+03 3.016000000000000000e+03 2.000000000000000000e+00
8.740000000000000000e+02 2.361000000000000000e+03 2.764000000000000000e+03 1.000000000000000000e+00
8.870000000000000000e+02 2.319000000000000000e+03 2.793000000000000000e+03 1.000000000000000000e+00
3.960000000000000000e+02 3.780000000000000000e+02 8.920000000000000000e+02 4.334000000000000000e+03
1.292000000000000000e+03 1.491000000000000000e+03 1.620000000000000000e+03 1.597000000000000000e+03
1.360000000000000000e+03 1.504000000000000000e+03 1.594000000000000000e+03 1.542000000000000000e+03
1.377000000000000000e+03 1.498000000000000000e+03 1.680000000000000000e+03 1.445000000000000000e+03
1.343000000000000000e+03 1.507000000000000000e+03 1.640000000000000000e+03 1.510000000000000000e+03
1.349000000000000000e+03 1.499000000000000000e+03 1.647000000000000000e+03 1.505000000000000000e+03
1.366000000000000000e+03 1.476000000000000000e+03 1.673000000000000000e+03 1.485000000000000000e+03
