1.500000000000000000e+03 1.500000000000000000e+03 1.500000000000000000e+03 1.500000000000000000e+03 3.350000000000000000e+02 3.580000000000000000e+02 3.320000000000000000e+02 3.410000000000000000e+02
1.649000000000000000e+03 8.630000000000000000e+02 1.835000000000000000e+03 1.653000000000000000e+03 3.690000000000000000e+02 4.010000000000000000e+02 3.410000000000000000e+02 3.500000000000000000e+02
1.620000000000000000e+03 8.050000000000000000e+02 2.768000000000000000e+03 8.070000000000000000e+02 3.280000000000000000e+02 3.670000000000000000e+02 3.130000000000000000e+02 4.000000000000000000e+02
2.156000000000000000e+03 2.785000000000000000e+03 5.420000000000000000e+02 5.170000000000000000e+02 3.300000000000000000e+02 3.820000000000000000e+02 3.330000000000000000e+02 3.590000000000000000e+02
1.183000000000000000e+03 5.700000000000000000e+02 3.303000000000000000e+03 9.440000000000000000e+02 3.300000000000000000e+02 3.570000000000000000e+02 3.480000000000000000e+02 3.440000000000000000e+02
4.220000000000000000e+02 2.321000000000000000e+03 7.950000000000000000e+02 2.462000000000000000e+03 3.450000000000000000e+02 3.560000000000000000e+02 3.400000000000000000e+02 3.630000000000000000e+02
3.123000000000000000e+03 1.096000000000000000e+03 8.120000000000000000e+02 9.690000000000000000e+02 3.440000000000000000e+02 3.560000000000000000e+02 3.370000000000000000e+02 3.580000000000000000e+02
5.320000000000000000e+02 3.780000000000000000e+03 1.119000000000000000e+03 5.690000000000000000e+02 3.450000000000000000e+02 3.560000000000000000e+02 3.400000000000000000e+02 3.630000000000000000e+02
7.020000000000000000e+02 2.114000000000000000e+03 2.728000000000000000e+03 4.560000000000000000e+02 3.450000000000000000e+02 3.560000000000000000e+02 3.400000000000000000e+02 3.630000000000000000e+02
1.167000000000000000e+03 4.990000000000000000e+02 9.730000000000000000e+02 3.361000000000000000e+03 3.450000000000000000e+02 3.560000000000000000e+02 3.400000000000000000e+02 3.630000000000000000e+02
8.000000000000000000e+00 1.249000000000000000e+03 2.263000000000000000e+03 2.480000000000000000e+03 3.450000000000000000e+02 3.560000000000000000e+02 3.400000000000000000e+02 3.630000000000000000e+02
1.635000000000000000e+03 1.599000000000000000e+03 4.100000000000000000e+01 2.725000000000000000e+03 3.450000000000000000e+02 3.560000000000000000e+02 3.400000000000000000e+02 3.630000000000000000e+02
2.460000000000000000e+02 6.090000000000000000e+02 4.799000000000000000e+03 3.460000000000000000e+02 3.440000000000000000e+02 3.560000000000000000e+02 3.400000000000000000e+02 3.630000000000000000e+02
2.900000000000000000e+01 2.899000000000000000e+03 1.895000000000000000e+03 1.177000000000000000e+03 3.450000000000000000e+02 3.560000000000000000e+02 3.400000000000000000e+02 3.630000000000000000e+02
3.439000000000000000e+03 7.900000000000000000e+01 2.136000000000000000e+03 3.460000000000000000e+02 3.450000000000000000e+02 3.560000000000000000e+02 3.400000000000000000e+02 3.630000000000000000e+02
