-2.391300000000000026e+01
3.675543099999999119e-02
-2.287500000000000000e+01
3.595137500000000069e-02
-1.825199999999999889e+01
3.065649600000000183e-02
-1.684299999999999997e+01
2.998235100000000083e-02
-1.796900000000000119e+01
3.200803899999999508e-02
-1.596400000000000041e+01
3.084870400000000457e-02
-1.607199999999999918e+01
3.131681599999999732e-02
-1.492999999999999972e+01
2.604509999999999811e-02
-1.544999999999999929e+01
2.543349999999999778e-02
-1.487800000000000011e+01
2.732311600000000146e-02
