9.260000000000000000e+02 1.227000000000000000e+03 2.122000000000000000e+03 1.725000000000000000e+03
1.026000000000000000e+03 1.134000000000000000e+03 2.101000000000000000e+03 1.739000000000000000e+03
1.070000000000000000e+03 1.002000000000000000e+03 1.789000000000000000e+03 2.139000000000000000e+03
1.048000000000000000e+03 1.098000000000000000e+03 1.665000000000000000e+03 2.189000000000000000e+03
1.088000000000000000e+03 1.124000000000000000e+03 1.541000000000000000e+03 2.247000000000000000e+03
1.266000000000000000e+03 1.093000000000000000e+03 1.558000000000000000e+03 2.083000000000000000e+03
1.267000000000000000e+03 1.094000000000000000e+03 1.557000000000000000e+03 2.082000000000000000e+03
1.294000000000000000e+03 1.364000000000000000e+03 1.335000000000000000e+03 2.007000000000000000e+03
1.299000000000000000e+03 1.367000000000000000e+03 1.361000000000000000e+03 1.973000000000000000e+03
1.296000000000000000e+03 1.369000000000000000e+03 1.362000000000000000e+03 1.973000000000000000e+03
