1.113079393451129858e-03
1.610000000000000000e+02
1.093951777925184898e-03
7.500000000000000000e+01
1.212407433228383704e-03
8.400000000000000000e+01
1.235237176777699824e-03
9.500000000000000000e+01
1.213062204650608954e-03
1.210000000000000000e+02
1.232765518913356327e-03
8.700000000000000000e+01
1.240369356443646581e-03
8.600000000000000000e+01
1.020719032770217539e-03
3.600000000000000000e+01
1.848719467593541331e-03
2.900000000000000000e+01
1.855580601566029966e-03
2.900000000000000000e+01
