3.896011885052148762e-03
3.000000000000000000e+01
5.841101066380541273e-03
1.130000000000000000e+02
5.997087786874205455e-03
3.230000000000000000e+02
1.010000096342963168e-03
4.900000000000000000e+01
8.317936194656528476e-03
7.100000000000000000e+01
1.369845057648167927e-02
1.600000000000000000e+01
1.154764909127969485e-03
9.500000000000000000e+01
8.443756453064263151e-04
6.000000000000000000e+01
1.144621076444504986e-03
8.800000000000000000e+01
9.772759620799884809e-04
2.470000000000000000e+02
