1.246302673185552571e-03
1.780000000000000000e+02
1.684804822382738113e-03
1.790000000000000000e+02
9.182434494370611891e-03
8.100000000000000000e+01
1.825714391621710911e-02
4.000000000000000000e+01
1.793195439014185627e-02
4.000000000000000000e+01
4.225916449540097555e-03
1.880000000000000000e+02
3.312216220959690420e-03
1.280000000000000000e+02
1.017566475411171498e-03
3.000000000000000000e+01
9.161847856806305465e-03
6.500000000000000000e+01
1.038435677121997674e-03
1.060000000000000000e+02
1.020191755712083993e-03
1.040000000000000000e+02
