1.097000000000000000e+03 1.810000000000000000e+03 3.091000000000000000e+03 2.000000000000000000e+00
0.000000000000000000e+00 1.218000000000000000e+03 1.033000000000000000e+03 3.749000000000000000e+03
0.000000000000000000e+00 2.102000000000000000e+03 1.900000000000000000e+03 1.998000000000000000e+03
1.894000000000000000e+03 1.971000000000000000e+03 2.134000000000000000e+03 1.000000000000000000e+00
1.891000000000000000e+03 1.967000000000000000e+03 2.141000000000000000e+03 1.000000000000000000e+00
1.795000000000000000e+03 0.000000000000000000e+00 2.105000000000000000e+03 2.100000000000000000e+03
1.806000000000000000e+03 0.000000000000000000e+00 2.105000000000000000e+03 2.089000000000000000e+03
1.209000000000000000e+03 1.407000000000000000e+03 1.431000000000000000e+03 1.953000000000000000e+03
1.733000000000000000e+03 0.000000000000000000e+00 2.043000000000000000e+03 2.224000000000000000e+03
1.271000000000000000e+03 1.164000000000000000e+03 1.614000000000000000e+03 1.951000000000000000e+03
1.250000000000000000e+03 1.210000000000000000e+03 1.598000000000000000e+03 1.942000000000000000e+03
