1.259095705282347938e-03
1.600000000000000000e+01
1.233926798184747670e-03
1.800000000000000000e+01
1.139252755340922074e-03
1.720000000000000000e+02
1.202253955380425815e-02
6.700000000000000000e+01
9.088173743834697784e-04
1.610000000000000000e+02
2.828352022163503968e-02
1.700000000000000000e+01
7.928579080042158500e-03
2.400000000000000000e+01
9.510315015266760600e-04
2.470000000000000000e+02
2.106950448646118315e-02
1.100000000000000000e+01
1.215169235735695389e-03
7.500000000000000000e+01
