1.500000000000000000e+03 1.500000000000000000e+03 1.500000000000000000e+03 1.500000000000000000e+03 3.570000000000000000e+02 3.620000000000000000e+02 3.250000000000000000e+02 3.520000000000000000e+02
1.241000000000000000e+03 3.226000000000000000e+03 7.530000000000000000e+02 7.800000000000000000e+02 3.500000000000000000e+02 3.960000000000000000e+02 3.120000000000000000e+02 3.820000000000000000e+02
1.255000000000000000e+03 5.740000000000000000e+02 1.974000000000000000e+03 2.197000000000000000e+03 3.240000000000000000e+02 3.460000000000000000e+02 3.360000000000000000e+02 3.810000000000000000e+02
2.908000000000000000e+03 5.560000000000000000e+02 9.590000000000000000e+02 1.577000000000000000e+03 3.090000000000000000e+02 3.180000000000000000e+02 3.380000000000000000e+02 3.400000000000000000e+02
3.831000000000000000e+03 5.590000000000000000e+02 6.350000000000000000e+02 9.750000000000000000e+02 3.800000000000000000e+02 3.380000000000000000e+02 3.630000000000000000e+02 3.460000000000000000e+02
8.920000000000000000e+02 7.260000000000000000e+02 3.307000000000000000e+03 1.075000000000000000e+03 3.450000000000000000e+02 3.580000000000000000e+02 3.400000000000000000e+02 3.630000000000000000e+02
7.640000000000000000e+02 7.450000000000000000e+02 5.820000000000000000e+02 3.909000000000000000e+03 3.450000000000000000e+02 3.580000000000000000e+02 3.400000000000000000e+02 3.660000000000000000e+02
7.200000000000000000e+01 2.168000000000000000e+03 1.768000000000000000e+03 1.992000000000000000e+03 3.450000000000000000e+02 3.560000000000000000e+02 3.400000000000000000e+02 3.630000000000000000e+02
1.740000000000000000e+02 6.220000000000000000e+02 4.858000000000000000e+03 3.460000000000000000e+02 3.450000000000000000e+02 3.560000000000000000e+02 3.400000000000000000e+02 3.630000000000000000e+02
3.320000000000000000e+02 4.040000000000000000e+02 2.218000000000000000e+03 3.046000000000000000e+03 3.410000000000000000e+02 3.540000000000000000e+02 3.390000000000000000e+02 3.660000000000000000e+02
8.840000000000000000e+02 2.889000000000000000e+03 1.881000000000000000e+03 3.460000000000000000e+02 3.450000000000000000e+02 3.560000000000000000e+02 3.390000000000000000e+02 3.640000000000000000e+02
1.394000000000000000e+03 1.556000000000000000e+03 1.410000000000000000e+03 1.640000000000000000e+03 3.560000000000000000e+02 3.610000000000000000e+02 3.260000000000000000e+02 3.530000000000000000e+02
1.600000000000000000e+01 3.310000000000000000e+03 3.280000000000000000e+02 2.346000000000000000e+03 3.450000000000000000e+02 3.560000000000000000e+02 3.400000000000000000e+02 3.630000000000000000e+02
2.800000000000000000e+03 6.880000000000000000e+02 2.166000000000000000e+03 3.460000000000000000e+02 3.440000000000000000e+02 3.530000000000000000e+02 3.400000000000000000e+02 3.710000000000000000e+02
1.806000000000000000e+03 2.172000000000000000e+03 3.700000000000000000e+01 1.985000000000000000e+03 3.450000000000000000e+02 3.560000000000000000e+02 3.400000000000000000e+02 3.630000000000000000e+02
