1.318000000000000000e+03 3.710000000000000000e+02 2.232000000000000000e+03 2.079000000000000000e+03
1.295000000000000000e+03 3.740000000000000000e+02 2.209000000000000000e+03 2.122000000000000000e+03
1.294000000000000000e+03 3.750000000000000000e+02 2.209000000000000000e+03 2.122000000000000000e+03
1.305000000000000000e+03 3.830000000000000000e+02 2.270000000000000000e+03 2.042000000000000000e+03
1.738000000000000000e+03 3.055000000000000000e+03 0.000000000000000000e+00 1.207000000000000000e+03
1.040000000000000000e+03 1.333000000000000000e+03 1.868000000000000000e+03 1.759000000000000000e+03
1.314000000000000000e+03 3.589000000000000000e+03 1.095000000000000000e+03 2.000000000000000000e+00
1.392000000000000000e+03 3.192000000000000000e+03 1.415000000000000000e+03 1.000000000000000000e+00
1.020000000000000000e+03 1.355000000000000000e+03 1.829000000000000000e+03 1.796000000000000000e+03
1.038000000000000000e+03 1.407000000000000000e+03 1.864000000000000000e+03 1.691000000000000000e+03
1.035000000000000000e+03 1.392000000000000000e+03 1.870000000000000000e+03 1.703000000000000000e+03
