1.120008912829662581e-03
1.730000000000000000e+02
1.119078509743743309e-02
6.600000000000000000e+01
9.326120487196226097e-04
8.200000000000000000e+01
1.992491141741038925e-03
4.400000000000000000e+01
1.157995340088425291e-03
9.600000000000000000e+01
9.216705859430513251e-04
6.500000000000000000e+01
1.089024944931952631e-03
1.280000000000000000e+02
9.092797610686355336e-03
1.030000000000000000e+02
3.070084458782724665e-02
3.500000000000000000e+01
8.938325074638065479e-04
4.700000000000000000e+01
