-3.314200000000000301e+01
6.478583599999998555e-02
-3.078600000000000136e+01
5.275220399999999699e-02
-3.111199999999999832e+01
5.434745600000000926e-02
-3.379399999999999693e+01
6.545956399999999786e-02
-4.200910000000000082e+02
5.420387190000000022e-01
-1.712099999999999866e+01
2.580835900000000294e-02
-9.199500000000000455e+01
1.085289750000000136e-01
-9.394799999999999329e+01
1.229132960000000052e-01
-1.697100000000000009e+01
2.557015900000000203e-02
-1.804799999999999827e+01
2.786769599999999389e-02
-1.793199999999999861e+01
2.556937600000000477e-02
