1.048641094730291649e-03
1.360000000000000000e+02
1.137501805571316431e-03
8.300000000000000000e+01
1.208433032946142635e-03
1.150000000000000000e+02
1.166715826231051051e-03
1.030000000000000000e+02
1.712846711684843509e-02
7.100000000000000000e+01
1.192025603311935985e-03
5.500000000000000000e+01
6.751041240503809736e-03
5.600000000000000000e+01
1.376751881476914047e-02
5.200000000000000000e+01
1.018266973452947033e-03
3.200000000000000000e+01
8.602430402127427597e-04
4.000000000000000000e+01
1.008136128882348341e-03
3.500000000000000000e+01
