1.500000000000000000e+03 1.500000000000000000e+03 1.500000000000000000e+03 1.500000000000000000e+03 3.490000000000000000e+02 3.990000000000000000e+02 3.440000000000000000e+02 3.480000000000000000e+02
2.908000000000000000e+03 8.380000000000000000e+02 7.610000000000000000e+02 1.493000000000000000e+03 3.380000000000000000e+02 3.470000000000000000e+02 3.720000000000000000e+02 3.620000000000000000e+02
8.170000000000000000e+02 1.542000000000000000e+03 6.700000000000000000e+02 2.971000000000000000e+03 3.290000000000000000e+02 3.170000000000000000e+02 3.720000000000000000e+02 3.470000000000000000e+02
1.284000000000000000e+03 1.548000000000000000e+03 2.164000000000000000e+03 1.004000000000000000e+03 3.420000000000000000e+02 3.770000000000000000e+02 3.540000000000000000e+02 3.480000000000000000e+02
1.396000000000000000e+03 1.331000000000000000e+03 1.615000000000000000e+03 1.658000000000000000e+03 3.820000000000000000e+02 3.510000000000000000e+02 3.190000000000000000e+02 3.730000000000000000e+02
8.500000000000000000e+01 2.816000000000000000e+03 3.300000000000000000e+01 3.066000000000000000e+03 3.450000000000000000e+02 3.560000000000000000e+02 3.400000000000000000e+02 3.630000000000000000e+02
0.000000000000000000e+00 5.420000000000000000e+02 8.480000000000000000e+02 4.610000000000000000e+03 3.450000000000000000e+02 3.560000000000000000e+02 3.400000000000000000e+02 3.630000000000000000e+02
2.780000000000000000e+02 1.966000000000000000e+03 3.079000000000000000e+03 6.770000000000000000e+02 3.460000000000000000e+02 3.560000000000000000e+02 3.390000000000000000e+02 3.630000000000000000e+02
1.690000000000000000e+03 3.600000000000000000e+01 1.430000000000000000e+03 2.844000000000000000e+03 3.450000000000000000e+02 3.560000000000000000e+02 3.390000000000000000e+02 3.630000000000000000e+02
1.834000000000000000e+03 5.840000000000000000e+02 2.977000000000000000e+03 6.050000000000000000e+02 3.470000000000000000e+02 3.550000000000000000e+02 3.390000000000000000e+02 3.630000000000000000e+02
3.820000000000000000e+02 6.300000000000000000e+01 3.405000000000000000e+03 2.150000000000000000e+03 3.450000000000000000e+02 3.560000000000000000e+02 3.400000000000000000e+02 3.630000000000000000e+02
6.680000000000000000e+02 1.866000000000000000e+03 1.654000000000000000e+03 1.812000000000000000e+03 3.440000000000000000e+02 3.560000000000000000e+02 3.400000000000000000e+02 3.630000000000000000e+02
6.520000000000000000e+02 1.571000000000000000e+03 1.839000000000000000e+03 1.938000000000000000e+03 3.420000000000000000e+02 3.580000000000000000e+02 3.410000000000000000e+02 3.620000000000000000e+02
1.818000000000000000e+03 2.078000000000000000e+03 1.757000000000000000e+03 3.470000000000000000e+02 3.470000000000000000e+02 3.640000000000000000e+02 3.440000000000000000e+02 3.600000000000000000e+02
2.512000000000000000e+03 1.600000000000000000e+01 2.900000000000000000e+01 3.443000000000000000e+03 3.450000000000000000e+02 3.560000000000000000e+02 3.400000000000000000e+02 3.630000000000000000e+02
