9.830000000000000000e+02 3.284000000000000000e+03 5.820000000000000000e+02 1.151000000000000000e+03
1.972000000000000000e+03 2.867000000000000000e+03 6.500000000000000000e+02 5.110000000000000000e+02
2.264000000000000000e+03 6.240000000000000000e+02 2.642000000000000000e+03 4.700000000000000000e+02
2.950000000000000000e+02 5.220000000000000000e+02 2.555000000000000000e+03 2.628000000000000000e+03
1.995000000000000000e+03 4.320000000000000000e+02 6.060000000000000000e+02 2.967000000000000000e+03
3.395000000000000000e+03 1.048000000000000000e+03 1.348000000000000000e+03 2.090000000000000000e+02
1.011000000000000000e+03 5.940000000000000000e+02 6.630000000000000000e+02 3.732000000000000000e+03
3.349000000000000000e+03 9.990000000000000000e+02 1.450000000000000000e+03 2.020000000000000000e+02
1.583000000000000000e+03 4.110000000000000000e+02 1.427000000000000000e+03 2.579000000000000000e+03
1.497000000000000000e+03 1.114000000000000000e+03 1.494000000000000000e+03 1.895000000000000000e+03
1.498000000000000000e+03 1.109000000000000000e+03 1.499000000000000000e+03 1.894000000000000000e+03
