1.296346304952671058e-03
5.300000000000000000e+01
1.901232298641113844e-02
1.100000000000000000e+01
2.038379576972581750e-02
2.800000000000000000e+01
1.989710742961088921e-03
7.000000000000000000e+00
1.342986814476371553e-03
5.800000000000000000e+01
1.766518546049096819e-02
6.000000000000000000e+00
1.234209644909190504e-03
1.020000000000000000e+02
1.211054133391196563e-03
3.800000000000000000e+01
1.113355918004625689e-02
3.000000000000000000e+00
1.310927734781090065e-03
5.600000000000000000e+01
