3.248188749956535076e-04
1.000000000000000000e+00
2.071423472141890510e-06
1.000000000000000000e+00
1.427960777301608966e-03
1.400000000000000000e+01
9.778362209196843954e-04
1.570000000000000000e+02
1.017293946374511803e-03
7.900000000000000000e+01
1.236241499079729486e-03
5.500000000000000000e+01
2.670900217444928581e-06
1.000000000000000000e+00
1.239714452763824746e-03
6.700000000000000000e+01
9.754810403588640849e-04
1.960000000000000000e+02
2.255149505264630611e-03
3.400000000000000000e+01
1.313435835039528359e-03
1.530000000000000000e+02
