1.500000000000000000e+03 1.500000000000000000e+03 1.500000000000000000e+03 1.500000000000000000e+03 3.570000000000000000e+02 3.390000000000000000e+02 3.410000000000000000e+02 3.720000000000000000e+02
2.059000000000000000e+03 6.940000000000000000e+02 1.869000000000000000e+03 1.378000000000000000e+03 3.430000000000000000e+02 3.470000000000000000e+02 3.530000000000000000e+02 3.770000000000000000e+02
1.146000000000000000e+03 8.920000000000000000e+02 2.139000000000000000e+03 1.823000000000000000e+03 3.410000000000000000e+02 3.450000000000000000e+02 3.240000000000000000e+02 3.910000000000000000e+02
6.180000000000000000e+02 2.717000000000000000e+03 6.750000000000000000e+02 1.990000000000000000e+03 3.170000000000000000e+02 3.710000000000000000e+02 3.170000000000000000e+02 3.370000000000000000e+02
8.000000000000000000e+02 1.455000000000000000e+03 2.265000000000000000e+03 1.480000000000000000e+03 3.340000000000000000e+02 3.560000000000000000e+02 3.320000000000000000e+02 3.610000000000000000e+02
1.970000000000000000e+03 1.540000000000000000e+03 1.451000000000000000e+03 1.039000000000000000e+03 3.450000000000000000e+02 3.560000000000000000e+02 3.400000000000000000e+02 3.610000000000000000e+02
1.023000000000000000e+03 1.387000000000000000e+03 8.710000000000000000e+02 2.719000000000000000e+03 3.440000000000000000e+02 3.450000000000000000e+02 3.480000000000000000e+02 3.430000000000000000e+02
1.341000000000000000e+03 1.909000000000000000e+03 2.208000000000000000e+03 5.420000000000000000e+02 3.380000000000000000e+02 3.460000000000000000e+02 3.460000000000000000e+02 3.880000000000000000e+02
6.410000000000000000e+02 1.194000000000000000e+03 3.456000000000000000e+03 7.090000000000000000e+02 3.370000000000000000e+02 3.360000000000000000e+02 3.350000000000000000e+02 3.820000000000000000e+02
5.850000000000000000e+02 2.879000000000000000e+03 1.965000000000000000e+03 5.710000000000000000e+02 3.450000000000000000e+02 3.550000000000000000e+02 3.400000000000000000e+02 3.640000000000000000e+02
9.640000000000000000e+02 1.766000000000000000e+03 1.245000000000000000e+03 2.025000000000000000e+03 3.260000000000000000e+02 3.550000000000000000e+02 3.570000000000000000e+02 3.820000000000000000e+02
2.113000000000000000e+03 1.991000000000000000e+03 3.520000000000000000e+02 1.544000000000000000e+03 3.450000000000000000e+02 3.560000000000000000e+02 3.400000000000000000e+02 3.630000000000000000e+02
1.035000000000000000e+03 6.610000000000000000e+02 6.030000000000000000e+02 3.701000000000000000e+03 3.440000000000000000e+02 3.580000000000000000e+02 3.390000000000000000e+02 3.660000000000000000e+02
6.390000000000000000e+02 7.020000000000000000e+02 2.761000000000000000e+03 1.898000000000000000e+03 3.210000000000000000e+02 3.490000000000000000e+02 3.590000000000000000e+02 3.840000000000000000e+02
6.880000000000000000e+02 2.484000000000000000e+03 1.700000000000000000e+03 1.128000000000000000e+03 3.450000000000000000e+02 3.560000000000000000e+02 3.400000000000000000e+02 3.610000000000000000e+02
