-3.646129999999999995e+02
5.981492309999998369e-01
-3.077080000000000268e+02
3.352947360000000376e-01
-1.564219999999999970e+02
2.299479160000000022e-01
-5.739589999999999463e+02
7.766013189999999566e-01
-5.708519999999999754e+02
8.084080959999999649e-01
-1.663079999999999927e+02
2.262071360000000031e-01
-8.681999999999999318e+01
9.537360000000001670e-02
-1.451900000000000013e+01
2.519963899999999937e-02
-1.814319999999999879e+02
1.946673760000000031e-01
-1.582600000000000051e+01
2.620172399999999568e-02
-1.605499999999999972e+01
2.772197499999999593e-02
