1.500000000000000000e+03 1.500000000000000000e+03 1.500000000000000000e+03 1.500000000000000000e+03
1.649000000000000000e+03 8.630000000000000000e+02 1.835000000000000000e+03 1.653000000000000000e+03
1.620000000000000000e+03 8.050000000000000000e+02 2.768000000000000000e+03 8.070000000000000000e+02
2.156000000000000000e+03 2.785000000000000000e+03 5.420000000000000000e+02 5.170000000000000000e+02
1.183000000000000000e+03 5.700000000000000000e+02 3.303000000000000000e+03 9.440000000000000000e+02
3.200000000000000000e+02 1.908000000000000000e+03 3.250000000000000000e+02 3.447000000000000000e+03
4.050000000000000000e+02 0.000000000000000000e+00 1.538000000000000000e+03 4.057000000000000000e+03
1.959000000000000000e+03 1.907000000000000000e+03 2.133000000000000000e+03 1.000000000000000000e+00
3.555000000000000000e+03 1.800000000000000000e+02 2.041000000000000000e+03 2.240000000000000000e+02
2.478000000000000000e+03 8.950000000000000000e+02 0.000000000000000000e+00 2.627000000000000000e+03
0.000000000000000000e+00 2.060000000000000000e+03 2.387000000000000000e+03 1.553000000000000000e+03
7.190000000000000000e+02 1.169000000000000000e+03 1.800000000000000000e+03 2.312000000000000000e+03
2.135000000000000000e+03 0.000000000000000000e+00 2.016000000000000000e+03 1.849000000000000000e+03
3.532000000000000000e+03 1.535000000000000000e+03 9.310000000000000000e+02 2.000000000000000000e+00
0.000000000000000000e+00 3.913000000000000000e+03 8.740000000000000000e+02 1.213000000000000000e+03
