1.500000000000000000e+03 1.500000000000000000e+03 1.500000000000000000e+03 1.500000000000000000e+03 3.130000000000000000e+02 3.700000000000000000e+02 3.420000000000000000e+02 3.740000000000000000e+02
2.124000000000000000e+03 2.390000000000000000e+03 5.640000000000000000e+02 9.220000000000000000e+02 3.570000000000000000e+02 3.870000000000000000e+02 3.110000000000000000e+02 3.730000000000000000e+02
1.331000000000000000e+03 1.791000000000000000e+03 7.630000000000000000e+02 2.115000000000000000e+03 3.550000000000000000e+02 3.510000000000000000e+02 3.510000000000000000e+02 3.160000000000000000e+02
2.372000000000000000e+03 8.080000000000000000e+02 1.683000000000000000e+03 1.137000000000000000e+03 3.020000000000000000e+02 4.000000000000000000e+02 3.190000000000000000e+02 3.670000000000000000e+02
6.490000000000000000e+02 1.646000000000000000e+03 3.006000000000000000e+03 6.990000000000000000e+02 3.460000000000000000e+02 3.800000000000000000e+02 3.490000000000000000e+02 3.630000000000000000e+02
4.440000000000000000e+02 1.126000000000000000e+03 1.544000000000000000e+03 2.886000000000000000e+03 3.450000000000000000e+02 3.560000000000000000e+02 3.400000000000000000e+02 3.630000000000000000e+02
1.587000000000000000e+03 5.240000000000000000e+02 4.900000000000000000e+02 3.399000000000000000e+03 3.450000000000000000e+02 3.560000000000000000e+02 3.400000000000000000e+02 3.610000000000000000e+02
6.630000000000000000e+02 3.430000000000000000e+03 7.590000000000000000e+02 1.148000000000000000e+03 3.450000000000000000e+02 3.560000000000000000e+02 3.400000000000000000e+02 3.630000000000000000e+02
1.329000000000000000e+03 4.100000000000000000e+01 2.685000000000000000e+03 1.945000000000000000e+03 3.440000000000000000e+02 3.560000000000000000e+02 3.400000000000000000e+02 3.630000000000000000e+02
3.422000000000000000e+03 1.287000000000000000e+03 8.810000000000000000e+02 4.100000000000000000e+02 3.450000000000000000e+02 3.560000000000000000e+02 3.400000000000000000e+02 3.630000000000000000e+02
1.440000000000000000e+03 2.424000000000000000e+03 1.792000000000000000e+03 3.440000000000000000e+02 3.430000000000000000e+02 3.580000000000000000e+02 3.400000000000000000e+02 3.640000000000000000e+02
1.083000000000000000e+03 1.992000000000000000e+03 1.306000000000000000e+03 1.619000000000000000e+03 3.480000000000000000e+02 3.540000000000000000e+02 3.430000000000000000e+02 3.500000000000000000e+02
4.412000000000000000e+03 2.790000000000000000e+02 9.620000000000000000e+02 3.470000000000000000e+02 3.450000000000000000e+02 3.570000000000000000e+02 3.400000000000000000e+02 3.630000000000000000e+02
5.200000000000000000e+02 9.030000000000000000e+02 3.000000000000000000e+01 4.547000000000000000e+03 3.450000000000000000e+02 3.560000000000000000e+02 3.400000000000000000e+02 3.630000000000000000e+02
