1.082226657004262561e-03
2.080000000000000000e+02
1.441671044854452239e-03
2.590000000000000000e+02
1.074273566304775581e-03
1.210000000000000000e+02
1.241234833984191299e-03
2.440000000000000000e+02
1.242665854322092889e-03
2.380000000000000000e+02
3.953700433994121986e-03
5.400000000000000000e+01
2.432089766015696312e-03
1.560000000000000000e+02
1.253481639211731589e-03
7.700000000000000000e+01
3.166047588960407139e-02
2.600000000000000000e+01
1.293723380566701294e-03
6.500000000000000000e+01
1.027575240913650113e-03
2.080000000000000000e+02
