1.212000000000000000e+03 2.307000000000000000e+03 5.650000000000000000e+02 1.916000000000000000e+03
1.105000000000000000e+03 2.408000000000000000e+03 7.370000000000000000e+02 1.750000000000000000e+03
1.676000000000000000e+03 2.200000000000000000e+03 6.000000000000000000e+00 2.118000000000000000e+03
1.708000000000000000e+03 2.115000000000000000e+03 2.500000000000000000e+01 2.152000000000000000e+03
1.712000000000000000e+03 2.113000000000000000e+03 2.100000000000000000e+01 2.154000000000000000e+03
0.000000000000000000e+00 7.830000000000000000e+02 3.103000000000000000e+03 2.114000000000000000e+03
0.000000000000000000e+00 4.840000000000000000e+02 3.128000000000000000e+03 2.388000000000000000e+03
1.239000000000000000e+03 1.533000000000000000e+03 1.778000000000000000e+03 1.450000000000000000e+03
1.277000000000000000e+03 3.615000000000000000e+03 1.106000000000000000e+03 2.000000000000000000e+00
1.240000000000000000e+03 1.400000000000000000e+03 1.873000000000000000e+03 1.487000000000000000e+03
1.316000000000000000e+03 1.590000000000000000e+02 2.013000000000000000e+03 2.512000000000000000e+03
