1.332156124446624802e-03
9.100000000000000000e+01
1.239818773433400611e-03
1.710000000000000000e+02
1.078854301424648013e-03
2.390000000000000000e+02
9.886638405486466129e-04
1.140000000000000000e+02
1.534724393614699759e-03
1.610000000000000000e+02
1.332042604651835407e-03
1.680000000000000000e+02
1.136061937476136059e-03
2.830000000000000000e+02
3.217109643233721610e-03
2.640000000000000000e+02
1.141313742976672249e-02
9.400000000000000000e+01
7.360118230624605046e-03
7.800000000000000000e+01
