1.268769380276431758e-03
1.940000000000000000e+02
1.264653407122590329e-03
1.930000000000000000e+02
1.255716386314707040e-03
1.950000000000000000e+02
1.258603722749016950e-03
5.070000000000000000e+02
1.436056349052705627e-02
2.800000000000000000e+01
1.772473357598274707e-02
1.080000000000000000e+02
1.047237927552796414e-03
3.400000000000000000e+01
2.056330284129230176e-02
8.600000000000000000e+01
8.354111201406911116e-04
3.700000000000000000e+01
8.383127191534544718e-04
4.700000000000000000e+01
8.842346788356381104e-04
3.300000000000000000e+01
