-3.047679999999999723e+02
4.475201759999999918e-01
-3.043000000000000114e+02
4.399440000000000017e-01
-2.845090000000000146e+02
4.091019190000000916e-01
-2.795389999999999873e+02
4.918924790000000491e-01
-1.075559999999999974e+02
1.738188639999999896e-01
-9.767700000000000671e+01
1.664566710000000005e-01
-2.053200000000000003e+01
3.511297600000000407e-02
-9.322599999999999909e+01
1.709189239999999999e-01
-2.545899999999999963e+01
3.824031900000000872e-02
-2.636499999999999844e+01
4.391177500000000011e-02
-1.833599999999999852e+01
2.963310399999999692e-02
