1.500000000000000000e+03 1.500000000000000000e+03 1.500000000000000000e+03 1.500000000000000000e+03 3.330000000000000000e+02 3.660000000000000000e+02 3.560000000000000000e+02 3.580000000000000000e+02
1.101000000000000000e+03 1.706000000000000000e+03 1.851000000000000000e+03 1.342000000000000000e+03 3.390000000000000000e+02 3.570000000000000000e+02 3.520000000000000000e+02 3.670000000000000000e+02
2.084000000000000000e+03 9.680000000000000000e+02 1.224000000000000000e+03 1.724000000000000000e+03 3.300000000000000000e+02 3.640000000000000000e+02 3.450000000000000000e+02 3.630000000000000000e+02
6.520000000000000000e+02 2.353000000000000000e+03 2.133000000000000000e+03 8.620000000000000000e+02 3.650000000000000000e+02 3.330000000000000000e+02 3.060000000000000000e+02 3.680000000000000000e+02
5.210000000000000000e+02 2.752000000000000000e+03 1.099000000000000000e+03 1.628000000000000000e+03 3.850000000000000000e+02 3.500000000000000000e+02 3.400000000000000000e+02 3.830000000000000000e+02
3.385000000000000000e+03 1.378000000000000000e+03 8.660000000000000000e+02 3.710000000000000000e+02 3.450000000000000000e+02 3.560000000000000000e+02 3.400000000000000000e+02 3.630000000000000000e+02
2.020000000000000000e+03 2.835000000000000000e+03 1.710000000000000000e+02 9.740000000000000000e+02 3.450000000000000000e+02 3.560000000000000000e+02 3.400000000000000000e+02 3.630000000000000000e+02
4.660000000000000000e+02 1.338000000000000000e+03 4.480000000000000000e+02 3.748000000000000000e+03 3.450000000000000000e+02 3.560000000000000000e+02 3.400000000000000000e+02 3.630000000000000000e+02
1.024000000000000000e+03 2.720000000000000000e+02 2.870000000000000000e+03 1.834000000000000000e+03 3.450000000000000000e+02 3.560000000000000000e+02 3.400000000000000000e+02 3.630000000000000000e+02
1.290000000000000000e+03 1.682000000000000000e+03 1.220000000000000000e+03 1.808000000000000000e+03 3.380000000000000000e+02 3.610000000000000000e+02 3.500000000000000000e+02 3.620000000000000000e+02
2.928000000000000000e+03 5.100000000000000000e+01 1.180000000000000000e+02 2.903000000000000000e+03 3.450000000000000000e+02 3.560000000000000000e+02 3.400000000000000000e+02 3.630000000000000000e+02
2.703000000000000000e+03 6.190000000000000000e+02 2.332000000000000000e+03 3.460000000000000000e+02 3.440000000000000000e+02 3.560000000000000000e+02 3.410000000000000000e+02 3.630000000000000000e+02
6.080000000000000000e+02 1.421000000000000000e+03 3.625000000000000000e+03 3.460000000000000000e+02 3.450000000000000000e+02 3.560000000000000000e+02 3.430000000000000000e+02 3.630000000000000000e+02
1.539000000000000000e+03 4.500000000000000000e+01 4.690000000000000000e+02 3.947000000000000000e+03 3.450000000000000000e+02 3.560000000000000000e+02 3.400000000000000000e+02 3.630000000000000000e+02
9.880000000000000000e+02 2.728000000000000000e+03 1.933000000000000000e+03 3.510000000000000000e+02 3.500000000000000000e+02 3.520000000000000000e+02 3.300000000000000000e+02 3.670000000000000000e+02
