1.235564715819898992e-03
1.950000000000000000e+02
1.233788012814126698e-03
5.200000000000000000e+01
1.763204628373770885e-02
1.800000000000000000e+01
4.598320233294444018e-03
2.010000000000000000e+02
1.601182870822084880e-02
2.800000000000000000e+01
8.964279209895150216e-03
1.260000000000000000e+02
1.496049892138240009e-02
1.820000000000000000e+02
2.123459472461527303e-02
2.800000000000000000e+01
3.098674826496137027e-02
5.000000000000000000e+01
2.325914779987216588e-02
3.100000000000000000e+01
