8.920000000000000000e+02 3.670000000000000000e+02 3.236000000000000000e+03 1.505000000000000000e+03
8.020000000000000000e+02 1.965000000000000000e+03 3.231000000000000000e+03 2.000000000000000000e+00
1.085000000000000000e+03 2.835000000000000000e+03 0.000000000000000000e+00 2.080000000000000000e+03
2.782000000000000000e+03 3.056000000000000000e+03 0.000000000000000000e+00 1.620000000000000000e+02
0.000000000000000000e+00 6.000000000000000000e+00 2.285000000000000000e+03 3.709000000000000000e+03
2.200000000000000000e+01 0.000000000000000000e+00 2.289000000000000000e+03 3.689000000000000000e+03
1.242000000000000000e+03 1.701000000000000000e+03 1.424000000000000000e+03 1.633000000000000000e+03
1.468000000000000000e+03 1.416000000000000000e+03 1.457000000000000000e+03 1.659000000000000000e+03
1.464000000000000000e+03 1.666000000000000000e+03 1.419000000000000000e+03 1.451000000000000000e+03
1.280000000000000000e+03 1.550000000000000000e+03 1.520000000000000000e+03 1.650000000000000000e+03
1.320000000000000000e+03 1.567000000000000000e+03 1.482000000000000000e+03 1.631000000000000000e+03
