-1.724219999999999970e+02
2.739079159999999180e-01
-1.954099999999999966e+02
3.137799000000000005e-01
-3.610670000000000073e+02
3.950145109999999016e-01
-6.368129999999999882e+02
8.887340309999999244e-01
-3.999669999999999845e+02
6.246519109999999486e-01
-3.827889999999999873e+02
5.341264789999999874e-01
-2.154899999999999949e+01
3.456159899999999841e-02
-2.677299999999999969e+01
4.890947099999999603e-02
-3.013400000000000034e+01
4.839204399999999517e-02
-1.785099999999999909e+01
2.936079899999999646e-02
-1.878399999999999892e+01
3.056934400000000523e-02
