1.500000000000000000e+03 1.500000000000000000e+03 1.500000000000000000e+03 1.500000000000000000e+03
3.486000000000000000e+03 7.490000000000000000e+02 5.020000000000000000e+02 1.263000000000000000e+03
5.050000000000000000e+02 1.620000000000000000e+03 7.810000000000000000e+02 3.094000000000000000e+03
6.540000000000000000e+02 2.263000000000000000e+03 2.095000000000000000e+03 9.880000000000000000e+02
1.022000000000000000e+03 6.750000000000000000e+02 6.560000000000000000e+02 3.647000000000000000e+03
1.518000000000000000e+03 2.130000000000000000e+02 2.788000000000000000e+03 1.481000000000000000e+03
5.350000000000000000e+02 3.946000000000000000e+03 9.030000000000000000e+02 6.160000000000000000e+02
2.579000000000000000e+03 1.176000000000000000e+03 2.244000000000000000e+03 1.000000000000000000e+00
2.117000000000000000e+03 2.775000000000000000e+03 0.000000000000000000e+00 1.108000000000000000e+03
8.920000000000000000e+02 1.462000000000000000e+03 3.645000000000000000e+03 1.000000000000000000e+00
0.000000000000000000e+00 4.150000000000000000e+02 2.256000000000000000e+03 3.329000000000000000e+03
0.000000000000000000e+00 2.645000000000000000e+03 1.268000000000000000e+03 2.087000000000000000e+03
2.231000000000000000e+03 0.000000000000000000e+00 1.598000000000000000e+03 2.171000000000000000e+03
1.980000000000000000e+03 2.542000000000000000e+03 1.476000000000000000e+03 2.000000000000000000e+00
0.000000000000000000e+00 1.346000000000000000e+03 2.903000000000000000e+03 1.751000000000000000e+03
