1.258822085558378243e-03
2.900000000000000000e+01
1.257895987267339906e-03
1.330000000000000000e+02
1.206250032404057593e-03
5.900000000000000000e+01
1.264410734145348780e-03
9.700000000000000000e+01
1.207363522489013352e-03
1.110000000000000000e+02
1.253206377635770292e-03
1.100000000000000000e+02
1.266351891506720421e-03
1.400000000000000000e+02
3.468487155021595519e-02
9.000000000000000000e+00
1.100485277440579846e-03
8.800000000000000000e+01
1.176965863922418499e-03
1.790000000000000000e+02
