6.824001162189075433e-04
1.000000000000000000e+00
1.297159635065789872e-03
1.670000000000000000e+02
1.498356240695367667e-03
5.400000000000000000e+01
1.248260347818576192e-03
6.500000000000000000e+01
2.833502294558494852e-02
1.000000000000000000e+01
2.147447152785931374e-02
1.300000000000000000e+01
1.517019276669086432e-02
3.400000000000000000e+01
1.079727900712763649e-03
5.000000000000000000e+01
5.351021769528833960e-02
8.000000000000000000e+00
1.053644659489218725e-03
7.100000000000000000e+01
1.227455456443704140e-03
7.800000000000000000e+01
