1.500000000000000000e+03 1.500000000000000000e+03 1.500000000000000000e+03 1.500000000000000000e+03 3.370000000000000000e+02 3.790000000000000000e+02 3.220000000000000000e+02 3.520000000000000000e+02
1.235000000000000000e+03 1.980000000000000000e+03 1.109000000000000000e+03 1.676000000000000000e+03 3.640000000000000000e+02 3.370000000000000000e+02 3.610000000000000000e+02 4.270000000000000000e+02
9.230000000000000000e+02 7.820000000000000000e+02 2.055000000000000000e+03 2.240000000000000000e+03 3.660000000000000000e+02 3.470000000000000000e+02 3.450000000000000000e+02 3.940000000000000000e+02
1.961000000000000000e+03 2.405000000000000000e+03 8.480000000000000000e+02 7.860000000000000000e+02 3.620000000000000000e+02 3.660000000000000000e+02 3.490000000000000000e+02 3.660000000000000000e+02
6.120000000000000000e+02 3.166000000000000000e+03 1.218000000000000000e+03 1.004000000000000000e+03 3.180000000000000000e+02 3.680000000000000000e+02 3.610000000000000000e+02 3.860000000000000000e+02
3.028000000000000000e+03 7.320000000000000000e+02 5.190000000000000000e+02 1.721000000000000000e+03 3.450000000000000000e+02 3.560000000000000000e+02 3.390000000000000000e+02 3.620000000000000000e+02
1.368000000000000000e+03 8.950000000000000000e+02 2.586000000000000000e+03 1.151000000000000000e+03 3.440000000000000000e+02 3.560000000000000000e+02 3.400000000000000000e+02 3.630000000000000000e+02
6.480000000000000000e+02 1.039000000000000000e+03 1.122000000000000000e+03 3.191000000000000000e+03 3.440000000000000000e+02 3.560000000000000000e+02 3.400000000000000000e+02 3.630000000000000000e+02
2.920000000000000000e+02 3.892000000000000000e+03 7.900000000000000000e+01 1.737000000000000000e+03 3.450000000000000000e+02 3.560000000000000000e+02 3.400000000000000000e+02 3.630000000000000000e+02
2.510000000000000000e+02 1.532000000000000000e+03 2.075000000000000000e+03 2.142000000000000000e+03 3.520000000000000000e+02 3.530000000000000000e+02 3.420000000000000000e+02 3.740000000000000000e+02
2.477000000000000000e+03 2.980000000000000000e+02 2.000000000000000000e+01 3.205000000000000000e+03 3.450000000000000000e+02 3.560000000000000000e+02 3.400000000000000000e+02 3.630000000000000000e+02
1.733000000000000000e+03 1.520000000000000000e+02 1.824000000000000000e+03 2.291000000000000000e+03 3.480000000000000000e+02 3.550000000000000000e+02 3.410000000000000000e+02 3.680000000000000000e+02
3.071000000000000000e+03 1.537000000000000000e+03 1.042000000000000000e+03 3.500000000000000000e+02 3.490000000000000000e+02 3.570000000000000000e+02 3.520000000000000000e+02 3.730000000000000000e+02
4.380000000000000000e+02 8.980000000000000000e+02 4.030000000000000000e+03 6.340000000000000000e+02 3.450000000000000000e+02 3.560000000000000000e+02 3.400000000000000000e+02 3.630000000000000000e+02
2.631000000000000000e+03 9.700000000000000000e+01 2.915000000000000000e+03 3.570000000000000000e+02 3.450000000000000000e+02 3.560000000000000000e+02 3.400000000000000000e+02 3.630000000000000000e+02
