1.030000000000000000e+02 3.258000000000000000e+03 7.800000000000000000e+01 2.561000000000000000e+03
1.472000000000000000e+03 8.720000000000000000e+02 1.644000000000000000e+03 2.012000000000000000e+03
1.421000000000000000e+03 4.480000000000000000e+02 2.491000000000000000e+03 1.640000000000000000e+03
0.000000000000000000e+00 2.760000000000000000e+02 2.983000000000000000e+03 2.741000000000000000e+03
7.500000000000000000e+01 2.720000000000000000e+02 4.800000000000000000e+03 8.530000000000000000e+02
1.388000000000000000e+03 7.120000000000000000e+02 2.127000000000000000e+03 1.773000000000000000e+03
1.259000000000000000e+03 1.439000000000000000e+03 1.529000000000000000e+03 1.773000000000000000e+03
0.000000000000000000e+00 7.320000000000000000e+02 4.723000000000000000e+03 5.450000000000000000e+02
1.228000000000000000e+03 1.454000000000000000e+03 1.582000000000000000e+03 1.736000000000000000e+03
1.229000000000000000e+03 1.494000000000000000e+03 1.535000000000000000e+03 1.742000000000000000e+03
1.256000000000000000e+03 1.517000000000000000e+03 1.466000000000000000e+03 1.761000000000000000e+03
