1.306607960021894440e-03
6.020000000000000000e+02
1.075188211581272176e-03
2.800000000000000000e+01
1.308113858340885201e-03
2.550000000000000000e+02
5.385782266304368730e-03
8.900000000000000000e+01
1.049746623047679043e-03
3.790000000000000000e+02
1.299791430223787379e-03
1.470000000000000000e+02
1.017185767122546786e-03
5.200000000000000000e+01
1.303842935061924092e-03
2.800000000000000000e+02
9.945505231702355103e-04
6.100000000000000000e+01
1.030859872562174713e-03
8.300000000000000000e+01
1.046275337585211677e-03
1.110000000000000000e+02
