-1.046440000000000055e+02
1.421652640000000412e-01
-2.711299999999999955e+01
4.725423100000000765e-02
-5.591299999999999670e+01
1.004274309999999976e-01
-2.676689999999999827e+02
4.171854390000000468e-01
-4.843570000000000277e+02
5.739275510000000358e-01
-3.057999999999999829e+01
5.421960000000000668e-02
-1.648400000000000176e+01
2.640574399999999836e-02
-5.703339999999999463e+02
7.711104439999999505e-01
-1.594500000000000028e+01
2.461997499999999880e-02
-1.585100000000000087e+01
2.572479899999999611e-02
-1.632999999999999829e+01
2.627909999999999968e-02
