2.262613104246200772e-03
5.300000000000000000e+01
1.217474502010901021e-03
5.500000000000000000e+01
5.925021767680969942e-02
1.200000000000000000e+01
1.079554003848349304e-03
1.830000000000000000e+02
1.056182759110359552e-03
1.700000000000000000e+02
1.098680044863448776e-03
9.200000000000000000e+01
1.070176164324341400e-03
2.430000000000000000e+02
1.088990359021590202e-03
1.590000000000000000e+02
5.361945732729696962e-02
9.000000000000000000e+00
1.069340088329371382e-03
1.020000000000000000e+02
