1.500000000000000000e+03 1.500000000000000000e+03 1.500000000000000000e+03 1.500000000000000000e+03 3.460000000000000000e+02 3.600000000000000000e+02 3.270000000000000000e+02 3.510000000000000000e+02
2.868000000000000000e+03 1.016000000000000000e+03 1.131000000000000000e+03 9.850000000000000000e+02 3.300000000000000000e+02 3.360000000000000000e+02 3.540000000000000000e+02 3.600000000000000000e+02
1.725000000000000000e+03 2.258000000000000000e+03 7.860000000000000000e+02 1.231000000000000000e+03 3.710000000000000000e+02 3.800000000000000000e+02 3.440000000000000000e+02 3.600000000000000000e+02
7.270000000000000000e+02 1.335000000000000000e+03 2.213000000000000000e+03 1.725000000000000000e+03 3.620000000000000000e+02 3.780000000000000000e+02 3.100000000000000000e+02 3.710000000000000000e+02
1.151000000000000000e+03 5.710000000000000000e+02 6.000000000000000000e+02 3.678000000000000000e+03 3.510000000000000000e+02 3.630000000000000000e+02 3.540000000000000000e+02 3.390000000000000000e+02
6.660000000000000000e+02 1.936000000000000000e+03 2.085000000000000000e+03 1.313000000000000000e+03 3.510000000000000000e+02 3.640000000000000000e+02 3.270000000000000000e+02 3.650000000000000000e+02
1.597000000000000000e+03 1.219000000000000000e+03 9.960000000000000000e+02 2.188000000000000000e+03 3.450000000000000000e+02 3.570000000000000000e+02 3.360000000000000000e+02 3.610000000000000000e+02
2.046000000000000000e+03 1.211000000000000000e+03 2.397000000000000000e+03 3.460000000000000000e+02 3.440000000000000000e+02 3.450000000000000000e+02 3.400000000000000000e+02 3.640000000000000000e+02
6.000000000000000000e+02 2.134000000000000000e+03 9.570000000000000000e+02 2.309000000000000000e+03 3.460000000000000000e+02 3.580000000000000000e+02 3.370000000000000000e+02 3.630000000000000000e+02
2.929000000000000000e+03 1.450000000000000000e+02 3.310000000000000000e+02 2.595000000000000000e+03 3.450000000000000000e+02 3.560000000000000000e+02 3.400000000000000000e+02 3.630000000000000000e+02
1.814000000000000000e+03 1.050000000000000000e+02 2.267000000000000000e+03 1.814000000000000000e+03 3.450000000000000000e+02 3.560000000000000000e+02 3.390000000000000000e+02 3.630000000000000000e+02
3.800000000000000000e+01 3.353000000000000000e+03 1.446000000000000000e+03 1.163000000000000000e+03 3.450000000000000000e+02 3.560000000000000000e+02 3.400000000000000000e+02 3.630000000000000000e+02
1.630000000000000000e+02 6.060000000000000000e+02 2.571000000000000000e+03 2.660000000000000000e+03 3.450000000000000000e+02 3.560000000000000000e+02 3.400000000000000000e+02 3.630000000000000000e+02
1.923000000000000000e+03 2.792000000000000000e+03 9.370000000000000000e+02 3.480000000000000000e+02 3.470000000000000000e+02 3.680000000000000000e+02 3.400000000000000000e+02 3.620000000000000000e+02
8.870000000000000000e+02 3.874000000000000000e+03 3.900000000000000000e+01 1.200000000000000000e+03 3.450000000000000000e+02 3.560000000000000000e+02 3.400000000000000000e+02 3.630000000000000000e+02
