1.031841035257699893e-03
1.180000000000000000e+02
1.002666752729311755e-03
6.000000000000000000e+01
1.186093652077505533e-03
1.330000000000000000e+02
6.666675197790730353e-03
2.900000000000000000e+01
9.396802586894479302e-04
4.200000000000000000e+01
1.195304127206155012e-03
9.300000000000000000e+01
1.063325184934753222e-03
1.220000000000000000e+02
1.132231470435749419e-03
8.700000000000000000e+01
1.096866035534176022e-03
8.300000000000000000e+01
3.160544194454882605e-02
8.000000000000000000e+00
