1.500000000000000000e+03 1.500000000000000000e+03 1.500000000000000000e+03 1.500000000000000000e+03 3.530000000000000000e+02 3.660000000000000000e+02 3.550000000000000000e+02 3.630000000000000000e+02
1.408000000000000000e+03 1.376000000000000000e+03 1.811000000000000000e+03 1.405000000000000000e+03 3.540000000000000000e+02 3.780000000000000000e+02 3.340000000000000000e+02 3.620000000000000000e+02
1.106000000000000000e+03 1.458000000000000000e+03 1.505000000000000000e+03 1.931000000000000000e+03 3.450000000000000000e+02 3.660000000000000000e+02 3.180000000000000000e+02 3.200000000000000000e+02
2.935000000000000000e+03 7.540000000000000000e+02 6.950000000000000000e+02 1.616000000000000000e+03 3.260000000000000000e+02 3.500000000000000000e+02 3.320000000000000000e+02 3.870000000000000000e+02
9.680000000000000000e+02 2.775000000000000000e+03 1.602000000000000000e+03 6.550000000000000000e+02 3.370000000000000000e+02 3.450000000000000000e+02 3.400000000000000000e+02 3.550000000000000000e+02
1.057000000000000000e+03 5.210000000000000000e+02 1.945000000000000000e+03 2.477000000000000000e+03 3.440000000000000000e+02 3.580000000000000000e+02 3.310000000000000000e+02 3.450000000000000000e+02
1.639000000000000000e+03 2.540000000000000000e+02 5.960000000000000000e+02 3.511000000000000000e+03 3.440000000000000000e+02 3.560000000000000000e+02 3.390000000000000000e+02 3.620000000000000000e+02
2.065000000000000000e+03 2.610000000000000000e+02 3.235000000000000000e+03 4.390000000000000000e+02 3.450000000000000000e+02 3.560000000000000000e+02 3.400000000000000000e+02 3.630000000000000000e+02
1.181000000000000000e+03 1.586000000000000000e+03 1.194000000000000000e+03 2.039000000000000000e+03 3.450000000000000000e+02 3.630000000000000000e+02 3.230000000000000000e+02 3.220000000000000000e+02
3.300000000000000000e+02 1.777000000000000000e+03 6.620000000000000000e+02 3.231000000000000000e+03 3.450000000000000000e+02 3.560000000000000000e+02 3.400000000000000000e+02 3.620000000000000000e+02
1.477000000000000000e+03 2.499000000000000000e+03 1.210000000000000000e+02 1.903000000000000000e+03 3.450000000000000000e+02 3.560000000000000000e+02 3.400000000000000000e+02 3.620000000000000000e+02
3.910000000000000000e+02 1.383000000000000000e+03 3.474000000000000000e+03 7.520000000000000000e+02 3.450000000000000000e+02 3.560000000000000000e+02 3.400000000000000000e+02 3.630000000000000000e+02
1.500000000000000000e+01 3.673000000000000000e+03 7.520000000000000000e+02 1.560000000000000000e+03 3.450000000000000000e+02 3.560000000000000000e+02 3.400000000000000000e+02 3.630000000000000000e+02
6.100000000000000000e+01 2.700000000000000000e+01 2.284000000000000000e+03 3.628000000000000000e+03 3.450000000000000000e+02 3.560000000000000000e+02 3.400000000000000000e+02 3.630000000000000000e+02
6.570000000000000000e+02 3.688000000000000000e+03 1.324000000000000000e+03 3.310000000000000000e+02 3.300000000000000000e+02 3.600000000000000000e+02 3.380000000000000000e+02 3.610000000000000000e+02
