1.116786383191446059e-03
9.100000000000000000e+01
1.217345775701328360e-03
7.700000000000000000e+01
9.865404569255038433e-03
3.300000000000000000e+01
1.318004868092604968e-02
9.100000000000000000e+01
1.317179965270073340e-02
9.100000000000000000e+01
2.423289061384741386e-02
1.800000000000000000e+01
1.870510172884169361e-02
4.700000000000000000e+01
9.637295364509693846e-03
4.090000000000000000e+02
6.477138858875013984e-03
2.600000000000000000e+01
1.186680541394055958e-03
8.200000000000000000e+01
1.022221467768203102e-03
4.300000000000000000e+01
