-4.988910000000000196e+02
5.666671189999999969e-01
-4.137180000000000177e+02
5.732164760000000303e-01
-1.636999999999999886e+02
2.604879999999999973e-01
-2.858430000000000177e+02
3.889423510000000195e-01
-2.869499999999999886e+02
4.315274999999999528e-01
-3.169189999999999827e+02
3.909904390000000229e-01
-2.100809999999999889e+02
2.972464390000000289e-01
-1.344499999999999886e+02
1.814155000000000073e-01
-8.972799999999999443e+01
1.032360159999999999e-01
-2.140599999999999881e+01
3.020516399999999962e-02
-1.828699999999999903e+01
2.719463099999999689e-02
