1.500000000000000000e+03 1.500000000000000000e+03 1.500000000000000000e+03 1.500000000000000000e+03
2.050000000000000000e+03 1.044000000000000000e+03 1.212000000000000000e+03 1.694000000000000000e+03
8.710000000000000000e+02 7.260000000000000000e+02 2.958000000000000000e+03 1.445000000000000000e+03
1.021000000000000000e+03 2.139000000000000000e+03 2.148000000000000000e+03 6.920000000000000000e+02
6.370000000000000000e+02 9.550000000000000000e+02 1.537000000000000000e+03 2.871000000000000000e+03
9.500000000000000000e+02 2.008000000000000000e+03 2.100000000000000000e+02 2.832000000000000000e+03
2.830000000000000000e+03 3.500000000000000000e+01 4.810000000000000000e+02 2.654000000000000000e+03
1.500000000000000000e+02 1.000000000000000000e+01 1.327000000000000000e+03 4.513000000000000000e+03
6.020000000000000000e+02 3.060000000000000000e+03 9.330000000000000000e+02 1.405000000000000000e+03
3.567000000000000000e+03 1.883000000000000000e+03 4.400000000000000000e+02 1.100000000000000000e+02
9.970000000000000000e+02 1.456000000000000000e+03 3.545000000000000000e+03 2.000000000000000000e+00
-1.000000000000000000e+00 9.920000000000000000e+02 4.170000000000000000e+02 4.592000000000000000e+03
3.092000000000000000e+03 5.290000000000000000e+02 2.378000000000000000e+03 1.000000000000000000e+00
3.150000000000000000e+03 1.368000000000000000e+03 0.000000000000000000e+00 1.482000000000000000e+03
8.600000000000000000e+01 1.614000000000000000e+03 2.296000000000000000e+03 2.004000000000000000e+03
