1.120487145129125173e+00
1.010000000000000000e+02
8.626790021476551384e-01
1.010000000000000000e+02
6.820292126961305934e-01
1.000000000000000000e+01
1.402036695501559294e+00
2.400000000000000000e+01
2.330546710742944505e-01
8.000000000000000000e+00
2.831211795823491140e-01
1.000000000000000000e+00
2.790364303796405987e-01
6.000000000000000000e+00
1.892474070594925672e+00
1.010000000000000000e+02
1.204964879314513182e-01
1.200000000000000000e+01
1.058245237790508275e+00
1.010000000000000000e+02
2.829061716025018103e-01
1.010000000000000000e+02
1.313378336098811050e-01
1.000000000000000000e+00
