2.036643985674584101e-01
6.637689086971410024e-01
2.695587364663961649e-01
2.778104457834449370e-01
-3.195595148146585518e-01
-3.176696906302702295e-01
-3.162417699795892490e-01
-3.012506564370229789e-01
-8.127628035997428446e-01
-7.948583041543338945e-01
-5.634175248369431843e-01
-5.715174595602328100e-01
-5.717577702726669431e-01
-4.638402057356643127e-01
-4.635214967517878870e-01
-4.614238856777663211e-01
-4.053967054248540647e-01
-4.375068526462390084e-01
-4.393268715189207474e-01
-4.295491452418351286e-01
-3.378402949158939017e-01
-3.331865834035125928e-01
-3.420311123942803011e-01
-3.335440382556842942e-01
-3.712995837988404269e-01
-3.318764193651161931e-01
-1.492065463035674167e-01
-8.795853181127151477e-02
-1.354011622999914677e-01
-1.348036549007393670e-01
-7.687561097068712490e-02
-2.155821788786949078e-01
-2.156127834404710508e-01
-1.624190292840089200e-01
-1.880593516167027579e-01
-1.877705471280088079e-01
-1.210269280069562192e-01
-1.385780791891811914e-01
-1.478310813938069346e-01
