-1.473890365723081963e+00 1.468279288297708485e+00
2.980058749325198875e+00 -1.952518553485242947e+00
-2.815465735436841754e-01 7.073298637867518890e-01
2.997825574033973872e+00 -8.144873808531104542e-01
4.665285027671410845e-01 3.296523804045216055e-01
-4.264663478227612714e-01 -7.140789848980739762e-01
1.790963148433599272e+00 -5.861048569902401750e-01
1.889106630214483218e-01 -1.075498562711944217e+00
2.413842184992430973e+00 7.047496569152816859e-01
-1.147650947105365304e-01 7.474343926080825873e-02
-2.173156570790458986e+00 -3.641651379272081157e-01
1.670318466648085476e+00 3.396359218121641210e-01
-6.516528792808164994e-01 7.397966809562690482e-01
2.516108290087277766e-01 5.241706166190797100e-01
-2.666905839452842653e+00 1.053153464132683181e+00
9.142806067476749732e-01 -1.147308890969275019e+00
1.356529976579613272e+00 1.124258635014264263e+00
-3.764135511234430881e-02 -3.789161682487267035e-01
