3.484325161428000195e-01
3.292943408117255277e+00
1.999089776808004974e-03
1.937902945958227718e+01
4.580849947497979413e-02
7.359835954686410990e-03
3.147325983935958860e+00
7.915751225554654874e-05
7.755098458689561269e+00
4.942747493162058872e-03
2.676964648309965966e+01
7.091133547965521089e+00
5.244641644373008310e-02
1.532913819509089826e-03
5.174506999294112397e+00
1.452200241537079592e-02
3.810356839538219242e-01
8.207807335813939453e-02
8.443770986249769100e-03
5.542363710661311416e+02
9.523578883288473662e+01
4.372259967878012847e-03
4.199365726831215007e+00
2.803011878167833704e-01
1.332615871124035678e+01
6.351016733326593500e-02
6.828331756293881938e+01
1.714858670021824905e-01
3.952660609629830191e+01
3.449970048665990628e-03
3.103044827242863409e-04
