-5.376562728143173542e-02
0.000000000000000000e+00
-5.760367391003838877e-01
0.000000000000000000e+00
-1.380665029309011416e-01
0.000000000000000000e+00
-1.399083621921061171e-01
0.000000000000000000e+00
-1.967371862197119792e-01
0.000000000000000000e+00
-1.986591597324836034e-01
0.000000000000000000e+00
-1.982393863332408968e-01
0.000000000000000000e+00
-3.479936414471323514e-01
0.000000000000000000e+00
-3.494993351731349729e-01
0.000000000000000000e+00
-3.489422031874473418e-01
0.000000000000000000e+00
-4.369250670904427647e-01
0.000000000000000000e+00
-4.321565827191268805e-01
0.000000000000000000e+00
