2.370133356833182409e-02
1.700000000000000000e+01
1.383654739857145387e-03
6.340000000000000000e+02
1.603250162247686281e-03
2.870000000000000000e+02
5.806179646773341335e-03
1.890000000000000000e+02
1.377870899461893471e-02
3.100000000000000000e+01
4.221301879772398902e-02
1.300000000000000000e+01
1.106707471097867490e-03
6.100000000000000000e+01
1.133290533713708116e-02
1.230000000000000000e+02
2.339086593692814645e-02
1.610000000000000000e+02
2.769227369478639497e-02
4.500000000000000000e+01
