8.900000000000000000e+02 6.180000000000000000e+02 0.000000000000000000e+00 4.492000000000000000e+03
1.710000000000000000e+02 1.454000000000000000e+03 1.701000000000000000e+03 2.674000000000000000e+03
3.434000000000000000e+03 7.310000000000000000e+02 6.600000000000000000e+01 1.769000000000000000e+03
2.539000000000000000e+03 1.439000000000000000e+03 2.021000000000000000e+03 1.000000000000000000e+00
3.129000000000000000e+03 6.100000000000000000e+02 2.259000000000000000e+03 2.000000000000000000e+00
1.044000000000000000e+03 1.681000000000000000e+03 1.277000000000000000e+03 1.998000000000000000e+03
1.013000000000000000e+03 1.720000000000000000e+03 1.290000000000000000e+03 1.977000000000000000e+03
9.690000000000000000e+02 1.731000000000000000e+03 1.318000000000000000e+03 1.982000000000000000e+03
9.690000000000000000e+02 1.731000000000000000e+03 1.318000000000000000e+03 1.982000000000000000e+03
9.550000000000000000e+02 1.764000000000000000e+03 1.313000000000000000e+03 1.968000000000000000e+03
1.112000000000000000e+03 1.765000000000000000e+03 1.185000000000000000e+03 1.938000000000000000e+03
