1.512327028438445334e-03
1.490000000000000000e+02
1.275447021989895230e-03
1.730000000000000000e+02
1.337347441664719569e-03
2.750000000000000000e+02
2.548662940491403309e-02
5.500000000000000000e+01
1.296921608747489928e-02
3.600000000000000000e+01
1.030521876632479019e-03
5.100000000000000000e+01
1.097128940155819030e-03
5.300000000000000000e+01
1.105406224510535130e-03
8.300000000000000000e+01
1.072545895963904249e-03
5.800000000000000000e+01
1.049137041940414366e-03
5.500000000000000000e+01
9.934990943954494745e-04
4.200000000000000000e+01
