-7.207110000000000127e+02
1.056949479000000025e+00
-5.937100000000000222e+01
1.154553590000000074e-01
-2.910640000000000214e+02
3.344659039999999806e-01
-3.023380000000000223e+02
4.218757559999999907e-01
-3.482389999999999759e+02
4.328838790000000269e-01
-1.732199999999999918e+01
2.541831599999999636e-02
-2.014300000000000068e+01
2.916855100000000089e-02
-2.182900000000000063e+01
3.192375900000000294e-02
-2.176999999999999957e+01
3.013509999999999800e-02
-2.414199999999999946e+01
3.602583600000000552e-02
-2.300499999999999901e+01
3.171697500000000142e-02
