1.500000000000000000e+03 1.500000000000000000e+03 1.500000000000000000e+03 1.500000000000000000e+03
8.300000000000000000e+02 3.038000000000000000e+03 8.860000000000000000e+02 1.246000000000000000e+03
8.740000000000000000e+02 2.352000000000000000e+03 1.536000000000000000e+03 1.238000000000000000e+03
5.330000000000000000e+02 2.023000000000000000e+03 1.078000000000000000e+03 2.366000000000000000e+03
9.480000000000000000e+02 5.890000000000000000e+02 3.579000000000000000e+03 8.840000000000000000e+02
2.420000000000000000e+02 2.434000000000000000e+03 0.000000000000000000e+00 3.324000000000000000e+03
6.000000000000000000e+01 1.042000000000000000e+03 1.858000000000000000e+03 3.040000000000000000e+03
2.666000000000000000e+03 0.000000000000000000e+00 4.710000000000000000e+02 2.863000000000000000e+03
3.117000000000000000e+03 2.407000000000000000e+03 4.740000000000000000e+02 2.000000000000000000e+00
2.751000000000000000e+03 9.560000000000000000e+02 2.291000000000000000e+03 2.000000000000000000e+00
8.730000000000000000e+02 2.525000000000000000e+03 2.600000000000000000e+03 2.000000000000000000e+00
1.577000000000000000e+03 1.772000000000000000e+03 7.910000000000000000e+02 1.860000000000000000e+03
4.763000000000000000e+03 0.000000000000000000e+00 8.370000000000000000e+02 4.000000000000000000e+02
1.441000000000000000e+03 0.000000000000000000e+00 2.200000000000000000e+03 2.359000000000000000e+03
0.000000000000000000e+00 2.139000000000000000e+03 1.873000000000000000e+03 1.988000000000000000e+03
