1.136002022754091685e-03
1.010000000000000000e+02
1.098632129575037976e-03
1.300000000000000000e+02
1.318545350768772712e-03
1.460000000000000000e+02
1.032273459263883652e-03
6.800000000000000000e+01
1.162360253297084348e-03
1.570000000000000000e+02
1.270576544320369417e-03
8.600000000000000000e+01
1.183211768224386217e-03
7.800000000000000000e+01
1.203131227913849764e-03
1.450000000000000000e+02
1.221106436876561200e-03
1.110000000000000000e+02
1.220277557890990430e-03
1.300000000000000000e+02
