-2.552839999999999918e+02
4.482813440000000260e-01
-3.463900000000000290e+01
6.792667900000000369e-02
-4.001100000000000279e+01
8.062687899999999852e-02
-2.487959999999999923e+02
4.058623840000000205e-01
-3.013720000000000141e+02
3.462136160000000573e-01
-7.436799999999999500e+02
1.069541599999999981e+00
-5.180460000000000491e+02
7.881658839999999833e-01
-3.059719999999999800e+02
3.907992159999999493e-01
-1.951999999999999957e+01
3.097360000000000044e-02
-2.370509999999999877e+02
3.824603990000000064e-01
-2.727939999999999827e+02
4.682455640000000030e-01
