1.500000000000000000e+03 1.500000000000000000e+03 1.500000000000000000e+03 1.500000000000000000e+03 3.240000000000000000e+02 3.480000000000000000e+02 3.440000000000000000e+02 3.470000000000000000e+02
1.432000000000000000e+03 2.473000000000000000e+03 1.420000000000000000e+03 6.750000000000000000e+02 3.310000000000000000e+02 3.730000000000000000e+02 3.370000000000000000e+02 3.380000000000000000e+02
2.482000000000000000e+03 1.265000000000000000e+03 1.447000000000000000e+03 8.060000000000000000e+02 3.350000000000000000e+02 3.640000000000000000e+02 3.030000000000000000e+02 3.080000000000000000e+02
8.010000000000000000e+02 8.040000000000000000e+02 1.479000000000000000e+03 2.916000000000000000e+03 3.410000000000000000e+02 3.610000000000000000e+02 3.700000000000000000e+02 3.770000000000000000e+02
1.167000000000000000e+03 1.847000000000000000e+03 2.154000000000000000e+03 8.320000000000000000e+02 3.480000000000000000e+02 3.700000000000000000e+02 3.250000000000000000e+02 3.340000000000000000e+02
1.479000000000000000e+03 1.844000000000000000e+03 9.830000000000000000e+02 1.694000000000000000e+03 3.300000000000000000e+02 3.500000000000000000e+02 3.430000000000000000e+02 3.520000000000000000e+02
2.220000000000000000e+02 2.793000000000000000e+03 1.408000000000000000e+03 1.577000000000000000e+03 3.440000000000000000e+02 3.560000000000000000e+02 3.400000000000000000e+02 3.620000000000000000e+02
8.330000000000000000e+02 7.810000000000000000e+02 2.853000000000000000e+03 1.533000000000000000e+03 3.450000000000000000e+02 3.560000000000000000e+02 3.400000000000000000e+02 3.630000000000000000e+02
2.492000000000000000e+03 4.830000000000000000e+02 4.250000000000000000e+02 2.600000000000000000e+03 3.450000000000000000e+02 3.560000000000000000e+02 3.400000000000000000e+02 3.630000000000000000e+02
7.500000000000000000e+02 4.510000000000000000e+03 2.500000000000000000e+02 4.900000000000000000e+02 3.450000000000000000e+02 3.560000000000000000e+02 3.400000000000000000e+02 3.630000000000000000e+02
5.850000000000000000e+02 1.350000000000000000e+02 6.890000000000000000e+02 4.591000000000000000e+03 3.450000000000000000e+02 3.560000000000000000e+02 3.400000000000000000e+02 3.630000000000000000e+02
1.564000000000000000e+03 6.200000000000000000e+01 2.204000000000000000e+03 2.170000000000000000e+03 3.440000000000000000e+02 3.560000000000000000e+02 3.400000000000000000e+02 3.630000000000000000e+02
1.813000000000000000e+03 1.210000000000000000e+02 3.714000000000000000e+03 3.520000000000000000e+02 3.450000000000000000e+02 3.560000000000000000e+02 3.400000000000000000e+02 3.630000000000000000e+02
2.870000000000000000e+02 2.514000000000000000e+03 5.900000000000000000e+01 3.140000000000000000e+03 3.450000000000000000e+02 3.560000000000000000e+02 3.400000000000000000e+02 3.630000000000000000e+02
6.000000000000000000e+00 1.870000000000000000e+02 3.106000000000000000e+03 2.701000000000000000e+03 3.450000000000000000e+02 3.560000000000000000e+02 3.400000000000000000e+02 3.630000000000000000e+02
