1.233867443232218326e-03
3.400000000000000000e+01
9.704481264184460811e-04
4.100000000000000000e+01
8.881512911066225327e-04
1.150000000000000000e+02
1.291983776610146871e-03
3.700000000000000000e+01
1.139138914461480323e-03
3.100000000000000000e+01
3.393604278117716509e-03
7.700000000000000000e+01
4.061176729363374059e-03
3.100000000000000000e+01
1.161598134115226100e-03
9.400000000000000000e+01
1.183754939788463382e-03
5.800000000000000000e+01
1.246256415708089102e-03
1.040000000000000000e+02
