-1.338729999999999905e+02
1.959608710000000087e-01
-4.761259999999999764e+02
8.101481240000000250e-01
-1.106189999999999998e+02
1.837178389999999661e-01
-1.304869999999999948e+02
2.231578310000000287e-01
-1.303600000000000136e+02
2.016764000000000057e-01
-2.137789999999999964e+02
3.323021589999998193e-01
-6.928100000000000591e+01
1.277760390000000079e-01
-3.085409999999999968e+02
5.160663189999999956e-01
-3.086799999999999855e+01
5.479257600000000256e-02
-3.160099999999999909e+01
5.224779900000000449e-02
-2.594699999999999918e+01
3.726019100000000500e-02
