4.007942823437278014e-03
4.900000000000000000e+01
2.343405999579429872e-03
1.320000000000000000e+02
3.748678365638873859e-03
7.200000000000000000e+01
1.761152498417758224e-03
1.390000000000000000e+02
4.242347297056691356e-03
6.600000000000000000e+01
5.388455864007594964e-03
7.100000000000000000e+01
6.623477362387164558e-03
1.430000000000000000e+02
1.142571523728156714e-02
2.500000000000000000e+01
1.058420481737362695e-03
6.700000000000000000e+01
1.061221386755108187e-03
6.900000000000000000e+01
8.560751015857777455e-04
4.800000000000000000e+01
