1.837000000000000000e+03 2.325000000000000000e+03 1.837000000000000000e+03 1.000000000000000000e+00
0.000000000000000000e+00 1.366000000000000000e+03 4.740000000000000000e+02 4.160000000000000000e+03
1.125000000000000000e+03 2.132000000000000000e+03 2.742000000000000000e+03 1.000000000000000000e+00
9.090000000000000000e+02 2.236000000000000000e+03 2.854000000000000000e+03 1.000000000000000000e+00
1.838000000000000000e+03 2.270000000000000000e+03 1.891000000000000000e+03 1.000000000000000000e+00
0.000000000000000000e+00 1.809000000000000000e+03 2.887000000000000000e+03 1.304000000000000000e+03
-1.000000000000000000e+00 1.838000000000000000e+03 2.537000000000000000e+03 1.626000000000000000e+03
5.470000000000000000e+02 1.764000000000000000e+03 3.687000000000000000e+03 2.000000000000000000e+00
7.550000000000000000e+02 1.588000000000000000e+03 2.216000000000000000e+03 1.441000000000000000e+03
8.470000000000000000e+02 1.609000000000000000e+03 2.212000000000000000e+03 1.332000000000000000e+03
1.018000000000000000e+03 1.488000000000000000e+03 2.097000000000000000e+03 1.397000000000000000e+03
