1.500000000000000000e+03 1.500000000000000000e+03 1.500000000000000000e+03 1.500000000000000000e+03 3.610000000000000000e+02 3.520000000000000000e+02 3.490000000000000000e+02 3.640000000000000000e+02
3.027000000000000000e+03 7.200000000000000000e+02 1.273000000000000000e+03 9.800000000000000000e+02 3.160000000000000000e+02 3.620000000000000000e+02 3.620000000000000000e+02 3.510000000000000000e+02
1.845000000000000000e+03 5.020000000000000000e+02 9.110000000000000000e+02 2.742000000000000000e+03 3.640000000000000000e+02 3.660000000000000000e+02 3.240000000000000000e+02 3.570000000000000000e+02
7.230000000000000000e+02 1.969000000000000000e+03 1.240000000000000000e+03 2.068000000000000000e+03 3.690000000000000000e+02 3.640000000000000000e+02 3.480000000000000000e+02 3.600000000000000000e+02
2.583000000000000000e+03 7.930000000000000000e+02 2.018000000000000000e+03 6.060000000000000000e+02 3.420000000000000000e+02 3.370000000000000000e+02 3.230000000000000000e+02 3.540000000000000000e+02
6.710000000000000000e+02 2.931000000000000000e+03 8.130000000000000000e+02 1.585000000000000000e+03 3.450000000000000000e+02 3.560000000000000000e+02 3.410000000000000000e+02 3.630000000000000000e+02
4.860000000000000000e+02 1.201000000000000000e+03 8.750000000000000000e+02 3.438000000000000000e+03 3.440000000000000000e+02 3.560000000000000000e+02 3.400000000000000000e+02 3.630000000000000000e+02
5.530000000000000000e+02 2.324000000000000000e+03 1.720000000000000000e+02 2.951000000000000000e+03 3.450000000000000000e+02 3.560000000000000000e+02 3.400000000000000000e+02 3.630000000000000000e+02
3.980000000000000000e+02 5.440000000000000000e+02 4.340000000000000000e+03 7.180000000000000000e+02 3.450000000000000000e+02 3.560000000000000000e+02 3.400000000000000000e+02 3.630000000000000000e+02
2.018000000000000000e+03 2.333000000000000000e+03 1.055000000000000000e+03 5.940000000000000000e+02 3.450000000000000000e+02 3.560000000000000000e+02 3.410000000000000000e+02 3.630000000000000000e+02
6.160000000000000000e+02 3.652000000000000000e+03 1.387000000000000000e+03 3.450000000000000000e+02 3.450000000000000000e+02 3.560000000000000000e+02 3.400000000000000000e+02 3.630000000000000000e+02
3.250000000000000000e+02 1.680000000000000000e+02 9.170000000000000000e+02 4.590000000000000000e+03 3.460000000000000000e+02 3.560000000000000000e+02 3.420000000000000000e+02 3.630000000000000000e+02
2.179000000000000000e+03 1.581000000000000000e+03 3.200000000000000000e+02 1.920000000000000000e+03 3.480000000000000000e+02 3.560000000000000000e+02 3.420000000000000000e+02 3.630000000000000000e+02
8.150000000000000000e+02 1.399000000000000000e+03 1.861000000000000000e+03 1.925000000000000000e+03 3.530000000000000000e+02 3.540000000000000000e+02 3.440000000000000000e+02 3.630000000000000000e+02
9.200000000000000000e+01 2.121000000000000000e+03 2.572000000000000000e+03 1.215000000000000000e+03 3.450000000000000000e+02 3.560000000000000000e+02 3.400000000000000000e+02 3.630000000000000000e+02
