1.596316661489001129e-03
5.600000000000000000e+01
1.325595162020189090e-03
1.850000000000000000e+02
3.213151642609891542e-03
1.560000000000000000e+02
1.210866250994385544e-03
2.310000000000000000e+02
1.499524616313031682e-02
3.600000000000000000e+01
1.206123978783476929e-02
1.900000000000000000e+02
2.273947614371095438e-02
3.800000000000000000e+01
1.966388556579268948e-02
3.400000000000000000e+01
2.132821744128137950e-02
5.500000000000000000e+01
5.596350967701644447e-03
1.900000000000000000e+02
