1.758000000000000000e+03 2.237000000000000000e+03 0.000000000000000000e+00 2.005000000000000000e+03
1.763000000000000000e+03 2.249000000000000000e+03 0.000000000000000000e+00 1.988000000000000000e+03
1.139000000000000000e+03 2.853000000000000000e+03 0.000000000000000000e+00 2.008000000000000000e+03
1.152000000000000000e+03 1.774000000000000000e+03 1.010000000000000000e+03 2.064000000000000000e+03
1.397000000000000000e+03 1.269000000000000000e+03 1.382000000000000000e+03 1.952000000000000000e+03
1.543000000000000000e+03 1.133000000000000000e+03 1.382000000000000000e+03 1.942000000000000000e+03
1.373000000000000000e+03 1.173000000000000000e+03 1.743000000000000000e+03 1.711000000000000000e+03
1.359000000000000000e+03 1.188000000000000000e+03 1.748000000000000000e+03 1.705000000000000000e+03
1.350000000000000000e+03 1.201000000000000000e+03 1.780000000000000000e+03 1.669000000000000000e+03
1.322000000000000000e+03 1.204000000000000000e+03 1.736000000000000000e+03 1.738000000000000000e+03
1.112000000000000000e+03 1.455000000000000000e+03 1.581000000000000000e+03 1.852000000000000000e+03
