-3.878179999999999836e+02
5.086648759999999880e-01
-3.893700000000000045e+02
5.266711000000001697e-01
-3.622950000000000159e+02
4.151799749999999789e-01
-2.476500000000000057e+01
3.636577499999998908e-02
-1.939699999999999847e+01
3.512139100000000180e-02
-3.198699999999999832e+01
5.711683100000000679e-02
-2.143499999999999872e+01
3.685377499999999834e-02
-2.045899999999999963e+01
3.678031900000000576e-02
-1.987800000000000011e+01
3.400711600000000390e-02
-1.909900000000000020e+01
3.347119900000000703e-02
-1.473700000000000010e+01
2.231983099999999831e-02
