1.881628783944739192e-03
2.940000000000000000e+02
1.734909694595405906e-03
3.250000000000000000e+02
2.300474552075201795e-03
3.930000000000000000e+02
1.218779777109251861e-03
1.140000000000000000e+02
9.926302609854318216e-04
6.900000000000000000e+01
1.029580994868886700e-03
5.300000000000000000e+01
1.655903554590743574e-03
3.200000000000000000e+01
1.058468984240144156e-03
4.100000000000000000e+01
1.078826934593977039e-03
3.700000000000000000e+01
9.951517121674286533e-04
4.100000000000000000e+01
2.111997248222306865e-03
2.900000000000000000e+01
