1.500000000000000000e+03 1.500000000000000000e+03 1.500000000000000000e+03 1.500000000000000000e+03
1.304000000000000000e+03 9.400000000000000000e+02 1.607000000000000000e+03 2.149000000000000000e+03
3.077000000000000000e+03 1.729000000000000000e+03 6.480000000000000000e+02 5.460000000000000000e+02
2.568000000000000000e+03 7.840000000000000000e+02 1.910000000000000000e+03 7.380000000000000000e+02
6.520000000000000000e+02 2.101000000000000000e+03 1.994000000000000000e+03 1.253000000000000000e+03
7.480000000000000000e+02 7.760000000000000000e+02 9.330000000000000000e+02 3.543000000000000000e+03
3.111000000000000000e+03 2.840000000000000000e+02 1.940000000000000000e+02 2.411000000000000000e+03
6.690000000000000000e+02 0.000000000000000000e+00 3.372000000000000000e+03 1.959000000000000000e+03
1.010000000000000000e+03 2.602000000000000000e+03 2.390000000000000000e+02 2.149000000000000000e+03
0.000000000000000000e+00 1.602000000000000000e+03 1.865000000000000000e+03 2.533000000000000000e+03
2.207000000000000000e+03 2.170000000000000000e+03 0.000000000000000000e+00 1.623000000000000000e+03
1.149000000000000000e+03 1.554000000000000000e+03 3.296000000000000000e+03 1.000000000000000000e+00
0.000000000000000000e+00 3.098000000000000000e+03 1.108000000000000000e+03 1.794000000000000000e+03
1.224000000000000000e+03 1.966000000000000000e+03 0.000000000000000000e+00 2.810000000000000000e+03
2.184000000000000000e+03 0.000000000000000000e+00 1.984000000000000000e+03 1.832000000000000000e+03
