-9.987399999999999523e+01
1.615801240000000194e-01
-5.136399999999999864e+02
8.246023999999998466e-01
-3.076209999999999809e+02
4.278393589999999747e-01
-8.124299999999999500e+01
9.159395100000000678e-02
-8.206000000000000227e+01
8.806239999999999901e-02
-3.025960000000000036e+02
3.358867839999999938e-01
-3.981689999999999827e+02
5.647984390000000410e-01
-2.136199999999999832e+01
3.235495600000000416e-02
-2.133399999999999963e+01
3.439044399999999918e-02
-2.147100000000000009e+01
3.565115900000000171e-02
-2.114699999999999847e+01
3.215339100000000339e-02
