1.479441603844958587e-03
4.800000000000000000e+01
1.109409739567014837e-03
1.050000000000000000e+02
2.009226610992874158e-03
3.240000000000000000e+02
1.296220721672999409e-03
2.080000000000000000e+02
1.361475908547124698e-03
2.150000000000000000e+02
7.972178992922372698e-03
2.450000000000000000e+02
4.044665886334014235e-03
2.920000000000000000e+02
1.617642351812121487e-02
1.900000000000000000e+01
3.288458237886233287e-02
2.000000000000000000e+01
6.654103148920306396e-03
1.250000000000000000e+02
