5.170000000000000000e+02 1.121000000000000000e+03 1.425000000000000000e+03 2.937000000000000000e+03
2.298000000000000000e+03 1.739000000000000000e+03 0.000000000000000000e+00 1.963000000000000000e+03
7.510000000000000000e+02 1.085000000000000000e+03 2.920000000000000000e+02 3.872000000000000000e+03
9.480000000000000000e+02 3.174000000000000000e+03 6.530000000000000000e+02 1.225000000000000000e+03
7.730000000000000000e+02 3.227000000000000000e+03 7.590000000000000000e+02 1.241000000000000000e+03
4.173000000000000000e+03 9.200000000000000000e+02 9.060000000000000000e+02 1.000000000000000000e+00
1.855000000000000000e+03 2.118000000000000000e+03 0.000000000000000000e+00 2.027000000000000000e+03
1.141000000000000000e+03 1.317000000000000000e+03 2.016000000000000000e+03 1.526000000000000000e+03
1.143000000000000000e+03 1.316000000000000000e+03 2.015000000000000000e+03 1.526000000000000000e+03
1.147000000000000000e+03 1.319000000000000000e+03 2.009000000000000000e+03 1.525000000000000000e+03
1.133000000000000000e+03 1.359000000000000000e+03 2.000000000000000000e+03 1.508000000000000000e+03
