1.485688835876463731e-03
7.600000000000000000e+01
2.337651054064641271e-03
2.720000000000000000e+02
1.581059312307707149e-03
4.600000000000000000e+01
1.358116435472884239e-03
2.570000000000000000e+02
1.338579834241227645e-03
2.900000000000000000e+02
6.878009919040528608e-03
2.600000000000000000e+01
2.261513333916787168e-03
4.050000000000000000e+02
2.487831858206774986e-03
7.800000000000000000e+01
2.656130235370304880e-03
4.900000000000000000e+01
3.361181938086601432e-03
4.600000000000000000e+01
3.974213607086705437e-03
4.500000000000000000e+01
