1.500000000000000000e+03 1.500000000000000000e+03 1.500000000000000000e+03 1.500000000000000000e+03
5.610000000000000000e+02 1.114000000000000000e+03 3.631000000000000000e+03 6.940000000000000000e+02
1.370000000000000000e+03 6.090000000000000000e+02 1.999000000000000000e+03 2.022000000000000000e+03
2.646000000000000000e+03 1.061000000000000000e+03 1.317000000000000000e+03 9.760000000000000000e+02
7.150000000000000000e+02 1.799000000000000000e+03 1.861000000000000000e+03 1.625000000000000000e+03
6.970000000000000000e+02 1.377000000000000000e+03 1.119000000000000000e+03 2.807000000000000000e+03
5.900000000000000000e+02 2.933000000000000000e+03 2.219000000000000000e+03 2.580000000000000000e+02
6.200000000000000000e+02 0.000000000000000000e+00 3.792000000000000000e+03 1.588000000000000000e+03
2.915000000000000000e+03 3.220000000000000000e+02 2.820000000000000000e+02 2.481000000000000000e+03
1.251000000000000000e+03 2.965000000000000000e+03 6.150000000000000000e+02 1.169000000000000000e+03
0.000000000000000000e+00 2.453000000000000000e+03 2.449000000000000000e+03 1.098000000000000000e+03
2.432000000000000000e+03 1.700000000000000000e+03 0.000000000000000000e+00 1.868000000000000000e+03
2.604000000000000000e+03 1.267000000000000000e+03 2.128000000000000000e+03 1.000000000000000000e+00
1.958000000000000000e+03 0.000000000000000000e+00 3.306000000000000000e+03 7.360000000000000000e+02
0.000000000000000000e+00 1.525000000000000000e+03 2.264000000000000000e+03 2.211000000000000000e+03
