1.000840300035079266e-03
1.930000000000000000e+02
1.807019962956319531e-02
4.200000000000000000e+01
1.298349186719195301e-03
2.020000000000000000e+02
1.448035220749286853e-02
1.800000000000000000e+01
1.138087112199172649e-02
4.200000000000000000e+01
2.890914837049333996e-02
1.300000000000000000e+01
5.065293601940785290e-02
1.100000000000000000e+01
4.196862414693559862e-02
1.500000000000000000e+01
3.416246131629897820e-02
2.600000000000000000e+01
5.394680470309309167e-02
6.200000000000000000e+01
