1.217500158474149000e-03
1.570000000000000000e+02
1.622995794256156194e-03
2.410000000000000000e+02
4.411208809504419022e-03
1.470000000000000000e+02
2.434774193485538581e-03
1.140000000000000000e+02
1.318749312502121539e-03
7.800000000000000000e+01
9.465264301591066283e-04
6.700000000000000000e+01
8.935164152714278286e-04
4.200000000000000000e+01
1.013193930600370975e-03
5.100000000000000000e+01
1.133091039316276062e-03
6.600000000000000000e+01
1.020396710670711101e-03
7.300000000000000000e+01
1.045479032559431479e-03
5.600000000000000000e+01
