-1.835790000000000077e+02
2.770457590000000025e-01
-2.054600000000000080e+02
3.525704000000000060e-01
-1.925399999999999920e+02
3.092524000000000384e-01
-1.488220000000000027e+02
1.862223159999999711e-01
-2.567800000000000082e+01
3.760031600000000168e-02
-1.540799999999999947e+01
2.602353599999999989e-02
-1.553500000000000014e+01
2.574077500000000393e-02
-1.555199999999999960e+01
2.608529600000000087e-02
-1.373499999999999943e+01
2.347077499999999581e-02
-1.600400000000000134e+01
2.498198399999999875e-02
-1.548099999999999987e+01
2.471763899999999958e-02
