1.500000000000000000e+03 1.500000000000000000e+03 1.500000000000000000e+03 1.500000000000000000e+03
8.380000000000000000e+02 1.200000000000000000e+03 1.862000000000000000e+03 2.100000000000000000e+03
1.198000000000000000e+03 1.235000000000000000e+03 1.898000000000000000e+03 1.669000000000000000e+03
1.456000000000000000e+03 1.005000000000000000e+03 8.390000000000000000e+02 2.700000000000000000e+03
3.191000000000000000e+03 1.176000000000000000e+03 5.070000000000000000e+02 1.126000000000000000e+03
1.044000000000000000e+03 3.729000000000000000e+03 7.770000000000000000e+02 4.500000000000000000e+02
1.229000000000000000e+03 2.298000000000000000e+03 2.472000000000000000e+03 1.000000000000000000e+00
4.010000000000000000e+02 0.000000000000000000e+00 3.751000000000000000e+03 1.848000000000000000e+03
0.000000000000000000e+00 1.539000000000000000e+03 8.760000000000000000e+02 3.585000000000000000e+03
0.000000000000000000e+00 2.346000000000000000e+03 2.157000000000000000e+03 1.497000000000000000e+03
1.865000000000000000e+03 8.340000000000000000e+02 3.299000000000000000e+03 2.000000000000000000e+00
2.135000000000000000e+03 2.313000000000000000e+03 1.551000000000000000e+03 1.000000000000000000e+00
2.275000000000000000e+03 0.000000000000000000e+00 8.700000000000000000e+02 2.855000000000000000e+03
7.960000000000000000e+02 0.000000000000000000e+00 1.907000000000000000e+03 3.297000000000000000e+03
4.810000000000000000e+02 2.073000000000000000e+03 3.445000000000000000e+03 1.000000000000000000e+00
