1.267692898508972037e-03
1.550000000000000000e+02
1.417841731013427071e-03
1.140000000000000000e+02
9.140352875883932249e-03
2.030000000000000000e+02
1.329068829745670179e-02
2.600000000000000000e+01
1.523620981154467230e-02
3.400000000000000000e+01
9.072250535769670835e-04
3.800000000000000000e+01
4.117778001412236016e-02
1.400000000000000000e+01
8.846870248387705754e-04
9.700000000000000000e+01
9.321258179311108730e-04
3.800000000000000000e+01
5.643951432984446043e-02
1.500000000000000000e+01
1.006698655164275360e-03
3.200000000000000000e+01
