-2.931870000000000118e+02
3.384440309999999230e-01
-5.226069999999999709e+02
5.697145509999999025e-01
-3.712280000000000086e+02
5.733240160000000474e-01
-9.058899999999999864e+01
1.070460789999999884e-01
-1.755440000000000111e+02
2.267940640000000174e-01
-3.878499999999999659e+01
6.638677499999999509e-02
-4.608709999999999809e+02
8.152703590000001110e-01
-2.452299999999999969e+01
4.484547100000000480e-02
-2.532799999999999940e+01
4.553441600000000811e-02
-3.640679999999999836e+02
4.343933759999999977e-01
-2.508399999999999963e+01
4.147094399999999570e-02
