2.654000000000000000e+03 8.490000000000000000e+02 1.348000000000000000e+03 1.149000000000000000e+03
4.600000000000000000e+01 3.700000000000000000e+01 6.120000000000000000e+02 5.305000000000000000e+03
2.336000000000000000e+03 0.000000000000000000e+00 2.569000000000000000e+03 1.095000000000000000e+03
5.650000000000000000e+02 3.689000000000000000e+03 1.744000000000000000e+03 2.000000000000000000e+00
0.000000000000000000e+00 2.377000000000000000e+03 1.170000000000000000e+03 2.453000000000000000e+03
1.572000000000000000e+03 1.431000000000000000e+03 1.350000000000000000e+03 1.647000000000000000e+03
7.490000000000000000e+02 0.000000000000000000e+00 3.931000000000000000e+03 1.320000000000000000e+03
1.459000000000000000e+03 1.306000000000000000e+03 1.416000000000000000e+03 1.819000000000000000e+03
1.474000000000000000e+03 1.267000000000000000e+03 1.382000000000000000e+03 1.877000000000000000e+03
2.722000000000000000e+03 3.131000000000000000e+03 1.460000000000000000e+02 1.000000000000000000e+00
1.470000000000000000e+03 1.276000000000000000e+03 1.378000000000000000e+03 1.876000000000000000e+03
