1.500000000000000000e+03 1.500000000000000000e+03 1.500000000000000000e+03 1.500000000000000000e+03 3.450000000000000000e+02 3.600000000000000000e+02 3.320000000000000000e+02 3.500000000000000000e+02
1.482000000000000000e+03 1.716000000000000000e+03 8.830000000000000000e+02 1.919000000000000000e+03 3.200000000000000000e+02 3.570000000000000000e+02 3.440000000000000000e+02 3.680000000000000000e+02
1.623000000000000000e+03 2.652000000000000000e+03 7.370000000000000000e+02 9.880000000000000000e+02 3.470000000000000000e+02 3.570000000000000000e+02 3.700000000000000000e+02 4.120000000000000000e+02
9.380000000000000000e+02 1.169000000000000000e+03 1.166000000000000000e+03 2.727000000000000000e+03 3.500000000000000000e+02 3.790000000000000000e+02 3.160000000000000000e+02 3.600000000000000000e+02
7.960000000000000000e+02 1.159000000000000000e+03 2.947000000000000000e+03 1.098000000000000000e+03 3.300000000000000000e+02 3.570000000000000000e+02 3.320000000000000000e+02 3.740000000000000000e+02
3.243000000000000000e+03 1.326000000000000000e+03 5.660000000000000000e+02 8.650000000000000000e+02 3.440000000000000000e+02 3.560000000000000000e+02 3.400000000000000000e+02 3.660000000000000000e+02
1.791000000000000000e+03 2.700000000000000000e+01 4.370000000000000000e+02 3.745000000000000000e+03 3.450000000000000000e+02 3.560000000000000000e+02 3.400000000000000000e+02 3.630000000000000000e+02
2.584000000000000000e+03 2.190000000000000000e+02 2.754000000000000000e+03 4.430000000000000000e+02 3.450000000000000000e+02 3.560000000000000000e+02 3.400000000000000000e+02 3.630000000000000000e+02
4.291000000000000000e+03 4.300000000000000000e+01 2.190000000000000000e+02 1.447000000000000000e+03 3.450000000000000000e+02 3.560000000000000000e+02 3.400000000000000000e+02 3.630000000000000000e+02
3.650000000000000000e+02 2.645000000000000000e+03 2.644000000000000000e+03 3.460000000000000000e+02 3.440000000000000000e+02 3.560000000000000000e+02 3.400000000000000000e+02 3.630000000000000000e+02
1.986000000000000000e+03 2.120000000000000000e+03 1.555000000000000000e+03 3.390000000000000000e+02 3.380000000000000000e+02 3.520000000000000000e+02 3.260000000000000000e+02 3.780000000000000000e+02
7.400000000000000000e+01 1.900000000000000000e+02 1.912000000000000000e+03 3.824000000000000000e+03 3.450000000000000000e+02 3.560000000000000000e+02 3.400000000000000000e+02 3.630000000000000000e+02
0.000000000000000000e+00 2.288000000000000000e+03 9.450000000000000000e+02 2.767000000000000000e+03 3.450000000000000000e+02 3.560000000000000000e+02 3.400000000000000000e+02 3.630000000000000000e+02
1.760000000000000000e+02 4.088000000000000000e+03 7.850000000000000000e+02 9.510000000000000000e+02 3.450000000000000000e+02 3.560000000000000000e+02 3.400000000000000000e+02 3.630000000000000000e+02
1.424000000000000000e+03 9.000000000000000000e+01 2.329000000000000000e+03 2.157000000000000000e+03 3.450000000000000000e+02 3.560000000000000000e+02 3.400000000000000000e+02 3.630000000000000000e+02
