4.203176361577057665e-03
8.000000000000000000e+01
1.995148732844322786e-02
2.300000000000000000e+01
2.428291102835336557e-03
7.600000000000000000e+01
1.235152840657808334e-03
1.130000000000000000e+02
1.396982296362623069e-02
6.200000000000000000e+01
3.788400538105278492e-02
1.300000000000000000e+01
1.425385243800754778e-02
8.100000000000000000e+01
5.250337149895406563e-02
1.000000000000000000e+01
4.849390497827670010e-02
4.200000000000000000e+01
1.073828541209633511e-03
4.600000000000000000e+01
