6.300000000000000000e+02 4.090000000000000000e+02 1.209000000000000000e+03 3.752000000000000000e+03
2.700000000000000000e+02 1.159000000000000000e+03 4.050000000000000000e+02 4.166000000000000000e+03
8.450000000000000000e+02 1.927000000000000000e+03 1.189000000000000000e+03 2.039000000000000000e+03
8.450000000000000000e+02 1.927000000000000000e+03 1.189000000000000000e+03 2.039000000000000000e+03
1.030000000000000000e+03 1.419000000000000000e+03 1.710000000000000000e+03 1.841000000000000000e+03
1.018000000000000000e+03 1.552000000000000000e+03 1.600000000000000000e+03 1.830000000000000000e+03
1.026000000000000000e+03 1.637000000000000000e+03 1.551000000000000000e+03 1.786000000000000000e+03
1.041000000000000000e+03 1.573000000000000000e+03 1.561000000000000000e+03 1.825000000000000000e+03
1.056000000000000000e+03 1.583000000000000000e+03 1.535000000000000000e+03 1.826000000000000000e+03
1.047000000000000000e+03 1.566000000000000000e+03 1.571000000000000000e+03 1.816000000000000000e+03
1.155000000000000000e+03 1.337000000000000000e+03 1.655000000000000000e+03 1.853000000000000000e+03
