1.500000000000000000e+03 1.500000000000000000e+03 1.500000000000000000e+03 1.500000000000000000e+03
2.573000000000000000e+03 8.480000000000000000e+02 5.790000000000000000e+02 2.000000000000000000e+03
1.027000000000000000e+03 1.183000000000000000e+03 1.634000000000000000e+03 2.156000000000000000e+03
1.849000000000000000e+03 1.719000000000000000e+03 7.550000000000000000e+02 1.677000000000000000e+03
6.310000000000000000e+02 1.654000000000000000e+03 2.566000000000000000e+03 1.149000000000000000e+03
2.210000000000000000e+03 5.990000000000000000e+02 3.189000000000000000e+03 2.000000000000000000e+00
1.155000000000000000e+03 0.000000000000000000e+00 1.255000000000000000e+03 3.590000000000000000e+03
4.371000000000000000e+03 6.380000000000000000e+02 9.900000000000000000e+02 1.000000000000000000e+00
6.030000000000000000e+02 2.431000000000000000e+03 7.220000000000000000e+02 2.244000000000000000e+03
5.560000000000000000e+02 0.000000000000000000e+00 3.294000000000000000e+03 2.150000000000000000e+03
0.000000000000000000e+00 1.389000000000000000e+03 6.090000000000000000e+02 4.002000000000000000e+03
1.237000000000000000e+03 3.167000000000000000e+03 1.594000000000000000e+03 2.000000000000000000e+00
2.801000000000000000e+03 2.021000000000000000e+03 1.176000000000000000e+03 2.000000000000000000e+00
3.627000000000000000e+03 1.003000000000000000e+03 0.000000000000000000e+00 1.370000000000000000e+03
9.250000000000000000e+02 1.971000000000000000e+03 1.493000000000000000e+03 1.611000000000000000e+03
