1.195320148252969296e-03
5.600000000000000000e+01
1.079052466469731381e-03
1.070000000000000000e+02
1.285882157319896387e-03
2.200000000000000000e+01
1.222464476772749681e-03
7.400000000000000000e+01
7.619414678782252329e-03
2.800000000000000000e+01
1.119661751130906699e-03
1.340000000000000000e+02
3.204945401145858214e-02
1.000000000000000000e+01
2.116673548805342309e-02
2.400000000000000000e+01
1.012546852419436705e-03
7.200000000000000000e+01
7.659242069214877019e-03
7.900000000000000000e+01
