1.094405983969418648e-03
6.600000000000000000e+01
1.099937614433038570e-03
6.600000000000000000e+01
1.006940344599413246e-03
3.120000000000000000e+02
3.920110347416193991e-03
1.580000000000000000e+02
4.838869105547014687e-03
1.340000000000000000e+02
6.030904899507121691e-03
2.810000000000000000e+02
1.013585243342316790e-03
6.000000000000000000e+01
1.068556318250024877e-03
3.300000000000000000e+01
1.021432613424614342e-03
3.200000000000000000e+01
1.064404918711660264e-03
5.600000000000000000e+01
9.818182013915822005e-04
7.500000000000000000e+01
