1.500000000000000000e+03 1.500000000000000000e+03 1.500000000000000000e+03 1.500000000000000000e+03 3.360000000000000000e+02 3.600000000000000000e+02 3.290000000000000000e+02 3.650000000000000000e+02
2.295000000000000000e+03 1.156000000000000000e+03 7.170000000000000000e+02 1.832000000000000000e+03 3.470000000000000000e+02 3.600000000000000000e+02 3.080000000000000000e+02 3.450000000000000000e+02
2.925000000000000000e+03 6.420000000000000000e+02 6.060000000000000000e+02 1.827000000000000000e+03 3.480000000000000000e+02 3.750000000000000000e+02 3.350000000000000000e+02 3.640000000000000000e+02
3.751000000000000000e+03 5.700000000000000000e+02 5.970000000000000000e+02 1.082000000000000000e+03 3.610000000000000000e+02 3.970000000000000000e+02 3.480000000000000000e+02 3.860000000000000000e+02
3.016000000000000000e+03 1.279000000000000000e+03 1.134000000000000000e+03 5.710000000000000000e+02 3.630000000000000000e+02 3.090000000000000000e+02 3.310000000000000000e+02 3.480000000000000000e+02
1.234000000000000000e+03 9.860000000000000000e+02 1.668000000000000000e+03 2.112000000000000000e+03 3.390000000000000000e+02 3.580000000000000000e+02 3.340000000000000000e+02 3.650000000000000000e+02
9.450000000000000000e+02 1.276000000000000000e+03 9.780000000000000000e+02 2.801000000000000000e+03 3.420000000000000000e+02 3.570000000000000000e+02 3.380000000000000000e+02 3.640000000000000000e+02
7.180000000000000000e+02 1.159000000000000000e+03 2.786000000000000000e+03 1.337000000000000000e+03 3.430000000000000000e+02 3.560000000000000000e+02 3.390000000000000000e+02 3.630000000000000000e+02
1.129000000000000000e+03 3.169000000000000000e+03 6.400000000000000000e+02 1.062000000000000000e+03 3.440000000000000000e+02 3.560000000000000000e+02 3.400000000000000000e+02 3.630000000000000000e+02
2.103000000000000000e+03 2.000000000000000000e+02 0.000000000000000000e+00 3.697000000000000000e+03 3.440000000000000000e+02 3.560000000000000000e+02 3.390000000000000000e+02 3.630000000000000000e+02
1.862000000000000000e+03 1.150000000000000000e+02 2.701000000000000000e+03 1.322000000000000000e+03 3.440000000000000000e+02 3.560000000000000000e+02 3.390000000000000000e+02 3.630000000000000000e+02
2.111000000000000000e+03 1.638000000000000000e+03 1.902000000000000000e+03 3.490000000000000000e+02 3.470000000000000000e+02 3.560000000000000000e+02 3.370000000000000000e+02 3.630000000000000000e+02
5.320000000000000000e+02 3.013000000000000000e+03 2.110000000000000000e+03 3.450000000000000000e+02 3.430000000000000000e+02 3.560000000000000000e+02 3.400000000000000000e+02 3.630000000000000000e+02
4.800000000000000000e+01 1.958000000000000000e+03 1.716000000000000000e+03 2.278000000000000000e+03 3.450000000000000000e+02 3.560000000000000000e+02 3.400000000000000000e+02 3.630000000000000000e+02
1.082000000000000000e+03 3.039000000000000000e+03 6.940000000000000000e+02 1.185000000000000000e+03 3.440000000000000000e+02 3.560000000000000000e+02 3.400000000000000000e+02 3.630000000000000000e+02
