-1.697270000000000039e+02
3.300684709999999744e-01
-3.812259999999999991e+02
4.971909239999999786e-01
-8.200700000000000500e+01
8.876695100000001060e-02
-3.635380000000000109e+02
7.160085560000000182e-01
-6.258400000000000318e+01
6.728894399999998943e-02
-2.205850000000000080e+02
3.189847749999999982e-01
-1.829389999999999930e+02
2.001612789999999975e-01
-1.902419999999999902e+02
2.155394360000000287e-01
-4.539700000000000273e+02
6.917491000000000057e-01
-2.155380000000000109e+02
3.158385559999999925e-01
-4.151200000000000045e+02
5.323095999999999384e-01
