2.137000000000000000e+03 5.140000000000000000e+02 1.279000000000000000e+03 2.070000000000000000e+03
2.764000000000000000e+03 0.000000000000000000e+00 1.347000000000000000e+03 1.889000000000000000e+03
1.820000000000000000e+02 3.609000000000000000e+03 1.220000000000000000e+02 2.087000000000000000e+03
1.021000000000000000e+03 1.044000000000000000e+03 3.893000000000000000e+03 4.200000000000000000e+01
8.480000000000000000e+02 2.501000000000000000e+03 7.840000000000000000e+02 1.867000000000000000e+03
0.000000000000000000e+00 1.853000000000000000e+03 1.173000000000000000e+03 2.974000000000000000e+03
0.000000000000000000e+00 3.928000000000000000e+03 1.076000000000000000e+03 9.960000000000000000e+02
0.000000000000000000e+00 2.913000000000000000e+03 2.085000000000000000e+03 1.002000000000000000e+03
2.111000000000000000e+03 1.777000000000000000e+03 0.000000000000000000e+00 2.112000000000000000e+03
0.000000000000000000e+00 1.784000000000000000e+03 1.250000000000000000e+03 2.966000000000000000e+03
7.600000000000000000e+02 2.354000000000000000e+03 0.000000000000000000e+00 2.886000000000000000e+03
