1.300990540243263452e-03
1.210000000000000000e+02
2.074497370990949132e-03
4.370000000000000000e+02
1.237768071518304284e-03
3.690000000000000000e+02
1.071033200972783652e-03
2.630000000000000000e+02
1.253609253996898964e-03
1.590000000000000000e+02
1.424091829741635021e-02
4.000000000000000000e+01
1.401731526101821466e-02
3.200000000000000000e+01
1.532405383662207091e-02
3.400000000000000000e+01
2.662751991532701090e-02
7.200000000000000000e+01
1.448925190368279686e-02
4.900000000000000000e+01
1.058908904771882833e-02
9.200000000000000000e+01
