1.500000000000000000e+03 1.500000000000000000e+03 1.500000000000000000e+03 1.500000000000000000e+03
3.654000000000000000e+03 1.057000000000000000e+03 7.310000000000000000e+02 5.580000000000000000e+02
2.114000000000000000e+03 2.258000000000000000e+03 6.360000000000000000e+02 9.920000000000000000e+02
6.200000000000000000e+02 1.463000000000000000e+03 2.392000000000000000e+03 1.525000000000000000e+03
3.331000000000000000e+03 8.840000000000000000e+02 1.082000000000000000e+03 7.030000000000000000e+02
1.193000000000000000e+03 1.146000000000000000e+03 1.124000000000000000e+03 2.537000000000000000e+03
6.950000000000000000e+02 3.603000000000000000e+03 1.700000000000000000e+03 2.000000000000000000e+00
2.166000000000000000e+03 0.000000000000000000e+00 1.939000000000000000e+03 1.895000000000000000e+03
1.654000000000000000e+03 3.590000000000000000e+02 3.540000000000000000e+02 3.633000000000000000e+03
5.120000000000000000e+02 2.913000000000000000e+03 6.320000000000000000e+02 1.943000000000000000e+03
1.553000000000000000e+03 1.764000000000000000e+03 2.681000000000000000e+03 2.000000000000000000e+00
1.630000000000000000e+02 5.800000000000000000e+02 4.482000000000000000e+03 7.750000000000000000e+02
-1.000000000000000000e+00 3.954000000000000000e+03 1.050000000000000000e+03 9.970000000000000000e+02
1.494000000000000000e+03 4.312000000000000000e+03 0.000000000000000000e+00 1.940000000000000000e+02
0.000000000000000000e+00 2.700000000000000000e+02 2.700000000000000000e+03 3.030000000000000000e+03
