1.338493615825670901e-03
1.560000000000000000e+02
1.145503299143746205e-03
3.980000000000000000e+02
7.753496513976668864e-03
9.600000000000000000e+01
1.048431082094954808e-02
2.090000000000000000e+02
3.153236084032659970e-03
3.800000000000000000e+01
3.181050766892534742e-02
6.700000000000000000e+01
2.696302056160438873e-02
2.000000000000000000e+01
7.396869819312001416e-03
1.750000000000000000e+02
1.030150413428894927e-03
1.080000000000000000e+02
4.113417341044086489e-02
4.600000000000000000e+01
