2.790000000000000000e+02 1.054000000000000000e+03 7.070000000000000000e+02 3.960000000000000000e+03
1.323000000000000000e+03 0.000000000000000000e+00 3.215000000000000000e+03 1.462000000000000000e+03
1.656000000000000000e+03 1.832000000000000000e+03 2.510000000000000000e+03 2.000000000000000000e+00
1.655000000000000000e+03 2.339000000000000000e+03 2.005000000000000000e+03 1.000000000000000000e+00
1.535000000000000000e+03 1.916000000000000000e+03 1.899000000000000000e+03 6.500000000000000000e+02
1.419000000000000000e+03 1.521000000000000000e+03 1.771000000000000000e+03 1.289000000000000000e+03
4.435000000000000000e+03 6.890000000000000000e+02 8.750000000000000000e+02 1.000000000000000000e+00
1.145000000000000000e+03 1.829000000000000000e+03 1.771000000000000000e+03 1.255000000000000000e+03
1.119000000000000000e+03 1.800000000000000000e+03 1.820000000000000000e+03 1.261000000000000000e+03
1.352000000000000000e+03 1.531000000000000000e+03 1.726000000000000000e+03 1.391000000000000000e+03
4.507000000000000000e+03 9.610000000000000000e+02 5.310000000000000000e+02 1.000000000000000000e+00
