1.008124847028426998e-03
1.670000000000000000e+02
1.170234759746016130e-03
3.900000000000000000e+01
1.104411604503729993e-02
4.600000000000000000e+01
1.200027002950051222e-03
1.880000000000000000e+02
9.557724896416698980e-04
1.490000000000000000e+02
2.185881271584322501e-03
8.300000000000000000e+01
7.842509247352946397e-03
7.000000000000000000e+01
1.196158784810979776e-03
9.900000000000000000e+01
1.690174504920592333e-02
5.100000000000000000e+01
1.872635897071547872e-02
2.400000000000000000e+01
