0.000000000000000000e+00 1.118000000000000000e+03 6.190000000000000000e+02 4.263000000000000000e+03
1.533000000000000000e+03 2.957000000000000000e+03 7.600000000000000000e+02 7.500000000000000000e+02
1.534000000000000000e+03 2.903000000000000000e+03 7.620000000000000000e+02 8.010000000000000000e+02
1.542000000000000000e+03 2.994000000000000000e+03 6.750000000000000000e+02 7.890000000000000000e+02
2.599000000000000000e+03 1.961000000000000000e+03 0.000000000000000000e+00 1.440000000000000000e+03
6.630000000000000000e+02 9.410000000000000000e+02 4.394000000000000000e+03 2.000000000000000000e+00
1.249000000000000000e+03 0.000000000000000000e+00 2.586000000000000000e+03 2.165000000000000000e+03
1.363000000000000000e+03 1.542000000000000000e+03 1.493000000000000000e+03 1.602000000000000000e+03
0.000000000000000000e+00 4.490000000000000000e+03 4.230000000000000000e+02 1.087000000000000000e+03
1.361000000000000000e+03 1.429000000000000000e+03 1.565000000000000000e+03 1.645000000000000000e+03
1.366000000000000000e+03 1.303000000000000000e+03 1.676000000000000000e+03 1.655000000000000000e+03
