-4.981960000000000264e+02
7.795375840000001721e-01
-1.013179999999999978e+02
1.474628759999999927e-01
-9.979099999999999682e+01
1.327653189999999928e-01
-1.019270000000000067e+02
1.338136709999999951e-01
-5.818070000000000164e+02
8.176197510000000612e-01
-4.579119999999999777e+02
5.633142559999999577e-01
-1.487210000000000036e+02
1.903811589999999943e-01
-2.099699999999999989e+01
3.514699099999999549e-02
-1.793750000000000000e+02
1.966143750000000079e-01
-1.986700000000000088e+01
3.614531099999999941e-02
-2.026000000000000156e+01
3.600840000000000291e-02
