3.663550674720151504e-03
4.700000000000000000e+01
9.873601885405220140e-04
2.470000000000000000e+02
1.246264675546003434e-03
2.050000000000000000e+02
1.356437210520761898e-03
2.160000000000000000e+02
4.240580200099224040e-02
2.000000000000000000e+01
6.753068990212966402e-03
5.500000000000000000e+01
2.364977353139801827e-02
9.000000000000000000e+01
1.004290581170487300e-03
3.100000000000000000e+01
6.470688723906005066e-03
8.200000000000000000e+01
1.307739964487633676e-03
5.600000000000000000e+01
1.085226127055164465e-03
4.500000000000000000e+01
