1.500000000000000000e+03 1.500000000000000000e+03 1.500000000000000000e+03 1.500000000000000000e+03 3.120000000000000000e+02 3.560000000000000000e+02 3.340000000000000000e+02 3.620000000000000000e+02
6.880000000000000000e+02 2.141000000000000000e+03 1.219000000000000000e+03 1.952000000000000000e+03 3.340000000000000000e+02 3.710000000000000000e+02 3.240000000000000000e+02 3.790000000000000000e+02
1.211000000000000000e+03 1.216000000000000000e+03 2.438000000000000000e+03 1.135000000000000000e+03 3.500000000000000000e+02 3.500000000000000000e+02 3.550000000000000000e+02 3.570000000000000000e+02
2.251000000000000000e+03 7.190000000000000000e+02 1.693000000000000000e+03 1.337000000000000000e+03 3.350000000000000000e+02 3.360000000000000000e+02 3.630000000000000000e+02 3.580000000000000000e+02
9.250000000000000000e+02 5.290000000000000000e+02 2.058000000000000000e+03 2.488000000000000000e+03 3.140000000000000000e+02 3.380000000000000000e+02 3.670000000000000000e+02 3.700000000000000000e+02
1.444000000000000000e+03 4.150000000000000000e+02 5.090000000000000000e+02 3.632000000000000000e+03 3.440000000000000000e+02 3.560000000000000000e+02 3.400000000000000000e+02 3.630000000000000000e+02
3.369000000000000000e+03 8.200000000000000000e+02 1.411000000000000000e+03 4.000000000000000000e+02 3.450000000000000000e+02 3.560000000000000000e+02 3.400000000000000000e+02 3.660000000000000000e+02
9.950000000000000000e+02 4.860000000000000000e+02 2.105000000000000000e+03 2.414000000000000000e+03 3.150000000000000000e+02 3.390000000000000000e+02 3.660000000000000000e+02 3.700000000000000000e+02
1.460000000000000000e+03 3.119000000000000000e+03 6.460000000000000000e+02 7.750000000000000000e+02 3.440000000000000000e+02 3.560000000000000000e+02 3.400000000000000000e+02 3.630000000000000000e+02
6.800000000000000000e+01 2.620000000000000000e+03 2.485000000000000000e+03 8.270000000000000000e+02 3.450000000000000000e+02 3.560000000000000000e+02 3.400000000000000000e+02 3.630000000000000000e+02
9.000000000000000000e+00 1.383000000000000000e+03 6.750000000000000000e+02 3.933000000000000000e+03 3.450000000000000000e+02 3.560000000000000000e+02 3.400000000000000000e+02 3.630000000000000000e+02
2.833000000000000000e+03 4.040000000000000000e+02 0.000000000000000000e+00 2.763000000000000000e+03 3.450000000000000000e+02 3.560000000000000000e+02 3.400000000000000000e+02 3.630000000000000000e+02
8.680000000000000000e+02 2.670000000000000000e+03 6.300000000000000000e+01 2.399000000000000000e+03 3.440000000000000000e+02 3.560000000000000000e+02 3.400000000000000000e+02 3.630000000000000000e+02
9.950000000000000000e+02 2.693000000000000000e+03 1.966000000000000000e+03 3.460000000000000000e+02 3.450000000000000000e+02 3.560000000000000000e+02 3.400000000000000000e+02 3.640000000000000000e+02
2.623000000000000000e+03 2.105000000000000000e+03 9.260000000000000000e+02 3.460000000000000000e+02 3.440000000000000000e+02 3.560000000000000000e+02 3.400000000000000000e+02 3.670000000000000000e+02
