1.334000000000000000e+03 1.420000000000000000e+02 2.887000000000000000e+03 1.637000000000000000e+03
1.449000000000000000e+03 0.000000000000000000e+00 5.720000000000000000e+02 3.979000000000000000e+03
1.449000000000000000e+03 0.000000000000000000e+00 5.720000000000000000e+02 3.979000000000000000e+03
1.452000000000000000e+03 0.000000000000000000e+00 6.590000000000000000e+02 3.889000000000000000e+03
1.425000000000000000e+03 0.000000000000000000e+00 6.230000000000000000e+02 3.952000000000000000e+03
1.412000000000000000e+03 0.000000000000000000e+00 6.220000000000000000e+02 3.966000000000000000e+03
1.408000000000000000e+03 2.093000000000000000e+03 0.000000000000000000e+00 2.499000000000000000e+03
1.431000000000000000e+03 2.128000000000000000e+03 0.000000000000000000e+00 2.441000000000000000e+03
1.191000000000000000e+03 2.304000000000000000e+03 0.000000000000000000e+00 2.505000000000000000e+03
1.117000000000000000e+03 1.639000000000000000e+03 1.369000000000000000e+03 1.875000000000000000e+03
1.064000000000000000e+03 1.528000000000000000e+03 1.132000000000000000e+03 2.276000000000000000e+03
