9.861508888536407377e-04
1.940000000000000000e+02
7.487422529540074638e-03
1.040000000000000000e+02
7.487806163989728543e-03
1.040000000000000000e+02
8.188341918574868969e-03
9.900000000000000000e+01
7.776977400787188181e-03
1.000000000000000000e+02
7.920371884806895121e-03
9.900000000000000000e+01
8.282143307748780076e-03
7.000000000000000000e+01
6.351640768690575145e-03
1.150000000000000000e+02
5.028641893216609544e-03
1.060000000000000000e+02
1.071398436984590755e-03
9.200000000000000000e+01
9.631639568589119363e-04
3.500000000000000000e+01
