1.310090211784938627e-03
2.220000000000000000e+02
9.677958373195056415e-04
1.750000000000000000e+02
1.494673954109695252e-02
1.800000000000000000e+01
8.278414880986630434e-03
6.900000000000000000e+01
2.417204544863176333e-03
1.340000000000000000e+02
1.123769312543226699e-02
3.200000000000000000e+01
3.284002937944776462e-02
2.400000000000000000e+01
4.098694550481610244e-02
1.230000000000000000e+02
1.025514944942904679e-03
8.300000000000000000e+01
2.972566596750823853e-02
1.700000000000000000e+01
