-1.045550000000000068e+02
1.909229749999999670e-01
-4.336229999999999905e+02
6.616448710000001343e-01
-4.332830000000000155e+02
6.554689109999998209e-01
-4.160869999999999891e+02
6.629714309999999999e-01
-4.247789999999999964e+02
6.139981589999999878e-01
-4.275550000000000068e+02
6.242829749999999622e-01
-3.528120000000000118e+02
4.297726559999999751e-01
-3.514839999999999804e+02
4.724377439999999928e-01
-3.582339999999999804e+02
4.484932439999999576e-01
-1.550600000000000023e+01
2.381996399999999903e-02
-1.952599999999999980e+01
3.089332399999999978e-02
