-4.980887008231678418e-05
0.000000000000000000e+00
-3.760746462180413439e-03
0.000000000000000000e+00
-2.461726624992827828e-05
0.000000000000000000e+00
-2.025578868867462454e-04
0.000000000000000000e+00
-1.027749907559606830e-02
0.000000000000000000e+00
-1.369509242332857604e-02
0.000000000000000000e+00
-1.442651221888092451e-02
0.000000000000000000e+00
-6.301241327680997747e-03
0.000000000000000000e+00
-1.317162128100894886e-03
0.000000000000000000e+00
-1.059449772173554766e-03
0.000000000000000000e+00
-2.922003916008740054e-03
0.000000000000000000e+00
-9.786635974566072500e-04
0.000000000000000000e+00
-5.185980741379119527e-04
0.000000000000000000e+00
-1.865853620835843509e-04
0.000000000000000000e+00
-2.476978248969613060e-03
0.000000000000000000e+00
-6.036342814678400358e-03
0.000000000000000000e+00
