4.900155443318676696e-05
4.000000000000000000e+00
3.088978298497468966e-05
4.000000000000000000e+00
1.643426245362400451e-05
4.000000000000000000e+00
1.444776939933903326e-03
5.000000000000000000e+00
1.467881254429981297e-03
3.000000000000000000e+00
1.827868062927603954e-03
4.000000000000000000e+00
1.911989650136056325e-03
3.000000000000000000e+00
1.181025295615700799e-07
3.000000000000000000e+00
1.197993337034852779e-05
4.000000000000000000e+00
5.264043008800997625e-06
4.000000000000000000e+00
1.405713690676158034e-05
5.000000000000000000e+00
2.140646231508919195e-03
3.000000000000000000e+00
2.270729122572926612e-03
2.000000000000000000e+00
3.956625229406193767e-05
4.000000000000000000e+00
1.787320974924011541e-03
4.000000000000000000e+00
9.914067177204527459e-05
4.000000000000000000e+00
