4.350713468515093885e-03
1.183160578469895244e-04
1.046079465824705521e-03
3.053778495700296830e-03
1.229372712555750358e-03
2.174212558057288374e-05
3.984695824096519601e-08
3.596446262192836672e-06
1.270711742841889452e-04
2.814831419205311082e-05
8.828268877573266078e-07
7.872516453366007689e-04
1.345546991060387605e-08
2.902455774681611682e-06
2.255021131637199619e-05
1.620663199274380902e-03
2.099057647164665700e-03
1.761060218138102429e-02
1.438464443291237981e-02
1.136772185625814068e-03
2.203261676859819798e-05
9.125956604539148514e-04
2.172653008829374185e-06
1.379548441219500198e-04
1.735892289256616924e-04
9.283967641254845188e-04
1.500021783984693390e-03
9.785804652307720369e-03
1.281384742928396782e-05
8.153520681597654658e-04
