3.928601514360016145e-01 9.906125750198999658e-01
-1.680201946988227890e-01 -2.285188330201941287e-01
3.212291230578318002e-01 8.772277751528929635e-01
-4.583033742747500972e-01 6.347231677960759599e-01
-3.923433200640320528e-01 8.987929918790915629e-01
9.505206420624023878e-02 1.016013273439836828e+00
2.981736219282160594e-02 -1.054487389469416891e+00
-8.119257144334568466e-02 1.150591100993681309e-01
-1.645921507266707717e-01 -1.067899672960865298e-01
1.225194321960901833e-01 5.051712832697754507e-01
-6.185857389112592308e-02 7.073411266994402702e-01
2.358821063486902236e-01 -9.214649876451717070e-01
1.803641199926875327e-02 9.635626305190782004e-01
7.885860022615709397e-02 1.667247557630222143e+00
1.453550958955938111e-01 2.747335621731429312e-01
-5.000000000000000000e-01 -9.676735845569224281e-01
4.999999999999993339e-01 -1.182580224259172086e+00
5.000000000000000000e-01 -1.528519714293914977e-01
4.972771273559912220e-01 -8.399005498737233122e-01
3.605638622584423914e-01 1.389007976834710334e+00
-1.288618155809906074e-01 -5.522753040803430880e-01
3.956086304798585029e-01 -1.585940738271367945e+00
-7.741648227555421313e-02 -2.074420663847395652e+00
-1.286736379066246161e-01 1.595776672382916761e+00
2.158585437130066398e-01 -2.124528029672295482e+00
-2.940521791229621096e-01 1.107432616674758119e+00
3.991385419492403108e-01 -3.906498682534262912e-01
-3.822382269593619375e-01 1.368337959661180214e+00
-1.022031050752151976e-01 -7.130116808033537534e-01
-2.322641769977288606e-01 -1.159188693091784961e+00
