8.050975934668878065e-01
-2.421379851258453897e-01
7.673947405215945095e-01
2.278345574034528198e-01
8.136728861887621012e-01
1.001403473599240312e+00
-1.055381357506117945e+00
1.044231036643471222e-01
-1.336709756126372162e-01
4.894617040902591865e-01
7.038912222323970846e-01
-9.338116233667751453e-01
9.631284995594839859e-01
1.663284493354619586e+00
2.580652700746727257e-01
-1.277612558143786492e+00
-1.461688218407685813e+00
-2.029956672282992314e-01
-1.181075744896715518e+00
1.330067262785483262e+00
-5.617036186027173361e-01
-1.767720383094313119e+00
-2.079976114961955780e+00
1.572755456624593817e+00
-2.140721312368169649e+00
1.028677340860911116e+00
-5.740247315464095390e-01
1.255987285834405665e+00
-7.193905965302229699e-01
-1.220327096138333012e+00
