1.129187203728720772e-03
3.900000000000000000e+02
9.286563603070787168e-03
4.530000000000000000e+02
9.004451518006040961e-03
4.100000000000000000e+02
2.774793749718580324e-02
2.000000000000000000e+01
1.001037425040770135e-03
7.700000000000000000e+01
1.092159456684112500e-03
7.400000000000000000e+01
1.100508525639638411e-03
5.100000000000000000e+01
1.028359136483374256e-03
7.000000000000000000e+01
8.587322564903537674e-04
3.700000000000000000e+01
9.772958494669394848e-04
3.700000000000000000e+01
1.347385255593298685e-03
4.800000000000000000e+01
