-2.728800000000000026e+01
4.289705599999999591e-02
-1.385900000000000034e+02
1.653899000000000064e-01
-1.379230000000000018e+02
1.739070709999999687e-01
-4.075790000000000077e+02
6.378757590000001532e-01
-3.138200000000000145e+01
4.190407600000000538e-02
-3.147800000000000153e+01
4.369151599999999275e-02
-2.721600000000000108e+01
3.640534399999999920e-02
-2.768700000000000117e+01
3.784903100000000520e-02
-1.529899999999999949e+01
2.686559900000000389e-02
-1.435599999999999987e+01
2.426526400000000167e-02
-1.722599999999999909e+01
2.703092399999999784e-02
