8.830000000000000000e+02 1.487000000000000000e+03 2.160000000000000000e+03 1.470000000000000000e+03
1.244000000000000000e+03 0.000000000000000000e+00 2.346000000000000000e+03 2.410000000000000000e+03
1.244000000000000000e+03 0.000000000000000000e+00 2.350000000000000000e+03 2.406000000000000000e+03
2.221000000000000000e+03 0.000000000000000000e+00 6.390000000000000000e+02 3.140000000000000000e+03
1.150000000000000000e+03 1.909000000000000000e+03 1.350000000000000000e+03 1.591000000000000000e+03
1.115000000000000000e+03 1.910000000000000000e+03 1.415000000000000000e+03 1.560000000000000000e+03
1.157000000000000000e+03 1.820000000000000000e+03 1.353000000000000000e+03 1.670000000000000000e+03
1.175000000000000000e+03 1.855000000000000000e+03 1.118000000000000000e+03 1.852000000000000000e+03
1.253000000000000000e+03 1.312000000000000000e+03 1.548000000000000000e+03 1.887000000000000000e+03
1.214000000000000000e+03 1.313000000000000000e+03 1.552000000000000000e+03 1.921000000000000000e+03
1.110000000000000000e+03 1.484000000000000000e+03 1.768000000000000000e+03 1.638000000000000000e+03
