1.500000000000000000e+03 1.500000000000000000e+03 1.500000000000000000e+03 1.500000000000000000e+03
3.253000000000000000e+03 9.850000000000000000e+02 1.053000000000000000e+03 7.090000000000000000e+02
1.260000000000000000e+03 1.326000000000000000e+03 7.280000000000000000e+02 2.686000000000000000e+03
1.960000000000000000e+03 1.806000000000000000e+03 1.237000000000000000e+03 9.970000000000000000e+02
2.645000000000000000e+03 5.320000000000000000e+02 1.883000000000000000e+03 9.400000000000000000e+02
5.770000000000000000e+02 1.546000000000000000e+03 2.510000000000000000e+03 1.367000000000000000e+03
3.620000000000000000e+02 3.859000000000000000e+03 5.030000000000000000e+02 1.276000000000000000e+03
0.000000000000000000e+00 9.420000000000000000e+02 1.565000000000000000e+03 3.493000000000000000e+03
1.411000000000000000e+03 0.000000000000000000e+00 2.296000000000000000e+03 2.293000000000000000e+03
1.128000000000000000e+03 6.750000000000000000e+02 4.195000000000000000e+03 2.000000000000000000e+00
1.073000000000000000e+03 3.015000000000000000e+03 1.910000000000000000e+03 2.000000000000000000e+00
2.223000000000000000e+03 0.000000000000000000e+00 1.650000000000000000e+02 3.612000000000000000e+03
1.257000000000000000e+03 2.580000000000000000e+03 0.000000000000000000e+00 2.163000000000000000e+03
9.890000000000000000e+02 1.339000000000000000e+03 1.608000000000000000e+03 2.064000000000000000e+03
0.000000000000000000e+00 6.770000000000000000e+02 3.251000000000000000e+03 2.072000000000000000e+03
