8.121726818316208352e-01
7.604524566924236728e-01
7.151973066368729759e-01
6.316852332018065841e-01
6.867730262018463261e-01
5.162403481342402456e-01
6.349956172476726168e-01
5.744533273056738887e-01
5.912940959725822010e-01
5.675694855813863127e-01
6.657131101643558591e-01
5.125493497547266575e-01
4.844330486276687275e-01
4.522219034059706821e-01
5.282029593953314617e-01
4.446760131294544283e-01
4.279078461866724359e-01
3.611780320899358743e-01
3.605112305053930211e-01
3.982694118036668174e-01
3.160098470452966657e-01
3.941522271331815430e-01
4.542228780690507062e-01
4.853216223341932367e-01
5.444144866166186203e-01
4.902978952698559545e-01
4.765870166192504587e-01
4.052475159873734634e-01
3.820957137331938425e-01
4.159066772775744103e-01
3.625309660380981458e-01
3.306549193612313697e-01
2.784636471905947985e-01
2.155715118985826462e-01
1.656804216587595135e-01
1.630983830486366915e-01
8.204015128886316122e-02
9.786617560318999764e-02
2.148275970667962165e-01
2.653805013830637938e-01
2.490533814823530923e-01
1.834449825252489341e-01
1.284852972966741003e-01
2.474563342780949915e-01
2.485547967966580118e-01
2.007628878778282000e-01
2.122922431964397172e-01
3.593930798424959105e-01
3.642836288580696968e-01
4.044473113992816393e-01
8.053899175378770314e-01
7.438811508347032975e-01
6.420352574279756253e-01
6.129508243137585799e-01
5.990578505857905300e-01
6.035387235902813785e-01
6.449342903974620844e-01
6.627931242666632583e-01
6.375871087214060040e-01
6.636488780432195922e-01
5.915704498536602518e-01
6.103092239062409829e-01
5.638941988307161202e-01
5.034769814344457473e-01
5.258986975905219907e-01
4.769276234293193251e-01
4.969183608545760245e-01
5.120895496104516109e-01
5.627885111526290673e-01
4.034372657701240650e-01
3.135769211634188425e-01
3.531166605414190474e-01
4.349643883063303296e-01
5.259067039486687856e-01
5.442664357836750622e-01
4.030408540850993204e-01
4.024672507306214508e-01
4.379212976945112135e-01
4.193537561401229352e-01
4.411281797544274741e-01
3.763542532689370113e-01
3.217649471941366190e-01
2.880758359252486578e-01
2.559601870927616929e-01
2.130867742563458123e-01
1.786744829925944744e-01
1.054561690274782026e-01
1.529561003527508123e-01
2.107066204510142371e-01
3.028616911364645503e-01
3.299936330117578809e-01
2.619727289368876111e-01
2.034476756665516972e-01
2.001680421396658249e-01
2.520267512034549684e-01
2.469376742934037972e-01
2.506497909771382981e-01
3.235397807756956179e-01
3.315428006200503708e-01
4.107597455265996622e-01
7.413842230532607935e-01
7.731758931985728278e-01
7.083297237162444748e-01
6.815468258579742145e-01
5.870972630631099420e-01
6.243438630147926105e-01
6.902553545716672012e-01
6.341325978750212977e-01
6.343785209176857620e-01
6.434140354402947404e-01
5.518457080369950640e-01
5.932274994618207398e-01
6.203519687401010119e-01
5.244264636925891621e-01
5.432565059804811414e-01
4.593983617907333450e-01
4.972810184768913233e-01
4.409667968520821213e-01
5.383732027260562658e-01
4.778122110587533777e-01
4.006938757592961031e-01
3.579027015018760305e-01
4.901359940855253283e-01
6.140785312952934394e-01
4.473495186025018833e-01
4.837249017826215081e-01
5.283445870387708521e-01
4.981299513492016273e-01
3.996153437574737066e-01
4.523414483952613030e-01
3.909175857310628888e-01
3.126551076673268481e-01
2.274801945844835416e-01
2.650814251723568882e-01
2.765858791129823802e-01
1.882132974429644445e-01
1.980379407886766752e-01
1.448868180560865526e-01
2.588994257372881358e-01
3.032853325162971903e-01
3.052963948357280133e-01
2.756196167219288062e-01
2.914053653724921200e-01
3.005704442130197052e-01
3.129905410260507281e-01
3.027350727701715871e-01
3.063068143614162131e-01
3.615155433876346414e-01
3.842175599197157343e-01
4.457895224813254176e-01
7.269942627104715172e-01
6.056639946351952686e-01
7.063359726233582325e-01
7.906984986957025230e-01
7.182508207202630279e-01
6.760747544741579906e-01
6.686812644681273676e-01
6.458808608391747308e-01
6.359117352764873665e-01
5.607858405318849604e-01
5.363409975917238226e-01
5.134781520780299369e-01
5.648182107360494308e-01
5.290202060628604874e-01
5.423260850807797295e-01
4.953546825702030976e-01
5.380207859881489529e-01
5.190696130918421858e-01
6.340519972481640787e-01
4.495360682917232120e-01
3.993445000025786507e-01
4.704121748904521727e-01
6.467464785535257388e-01
5.968282015623480596e-01
5.401267879836489927e-01
5.123940423930679611e-01
5.924612240330833224e-01
5.154727886162303596e-01
4.980877667454952640e-01
4.376411220607498986e-01
3.263719045717235478e-01
3.168541017780764912e-01
3.046166718444378585e-01
3.562072428559258652e-01
3.028019335876474538e-01
2.249333662560900893e-01
2.485502865066970546e-01
2.497448485641036164e-01
2.928614586625857275e-01
3.100695773689869927e-01
3.774729710295467444e-01
3.640420725133048929e-01
4.488984047627427865e-01
4.554220184105252089e-01
4.367396150489193385e-01
3.065587219692908483e-01
3.726264254114820540e-01
4.170838356940087532e-01
4.752265107589309645e-01
5.379851487242608421e-01
6.708064985852575379e-01
7.001430883215251644e-01
6.900092837585898309e-01
8.408578899287740827e-01
7.060745477587883068e-01
5.932311358110599064e-01
5.350573229408761566e-01
5.333191939353685296e-01
4.999390441473435809e-01
6.168490157260833051e-01
5.426987243660841287e-01
4.580334770883892070e-01
5.627360625132284966e-01
5.189599463479587227e-01
4.623325356842331590e-01
5.443366231270656552e-01
5.839705011078326624e-01
5.559566759415593973e-01
6.413568265620299691e-01
5.563034404636392205e-01
5.948570635224635916e-01
6.142569632390570966e-01
7.249779134865543817e-01
6.717326157884183635e-01
5.470620744274856673e-01
6.824514892955816370e-01
5.995483770357388220e-01
5.469292427997843875e-01
4.696850840701929930e-01
4.201213438272634049e-01
3.845776685345660972e-01
3.670783298030358965e-01
3.935017261823460788e-01
4.719140029557364890e-01
3.810137288103568332e-01
2.588661369043935845e-01
2.165951831764266755e-01
2.365896350121383940e-01
2.093535798599560627e-01
3.456955579016643409e-01
3.644616245342525152e-01
3.960721114426358769e-01
4.520546285712471191e-01
3.987526692338375645e-01
3.694705307835025043e-01
4.067851505030951609e-01
4.522149180833722193e-01
4.500783797009198506e-01
5.954956781679446864e-01
5.136315590381561602e-01
6.625613790528898095e-01
6.713825192885911619e-01
5.544037021430487933e-01
7.606577515513176513e-01
7.091040577561484870e-01
5.523840598468225949e-01
6.258094658689454803e-01
5.893555799970890963e-01
5.782064034319640555e-01
5.457299394256501790e-01
5.380471754524972505e-01
4.328317064232775069e-01
5.310220951765649566e-01
5.032551061695884620e-01
5.135668257840780848e-01
6.128849781523348916e-01
6.287149740480449944e-01
6.386300127728242737e-01
6.608837657873292137e-01
6.079644732835339793e-01
6.823637713994827880e-01
7.769375908302317280e-01
7.953630932826548650e-01
7.744440207091101147e-01
6.462634530737547678e-01
6.087098410597986398e-01
5.233773383055857487e-01
5.821285920533969538e-01
4.989659111043108775e-01
5.287057466943100303e-01
4.227273687396576052e-01
3.954046814784538677e-01
4.292691645283080448e-01
4.910782067656258576e-01
4.202784426584035837e-01
3.424210622879952926e-01
2.858523480927935290e-01
2.789944561503572840e-01
2.268439129361874140e-01
3.130066488828222582e-01
3.552369627945412556e-01
3.929238862812137190e-01
4.450566067950155746e-01
3.885996760685358486e-01
3.943751883927962276e-01
4.137532803372369061e-01
4.819607936186540709e-01
5.524285788809272235e-01
5.202038231944224878e-01
5.606582854933586102e-01
7.872963107638074609e-01
6.212124915277151826e-01
5.726980520208823089e-01
5.981262510769023155e-01
6.118365897573539991e-01
6.768830791556819104e-01
6.412681483548671180e-01
5.784379028218230578e-01
6.031050779847927368e-01
5.343835021903722282e-01
5.765366268326348465e-01
5.410026574426028967e-01
6.112484961000905770e-01
5.442960499309602573e-01
7.295273022884635195e-01
7.399121602251901297e-01
7.446040508466689190e-01
7.137456520820661954e-01
6.656505620738779605e-01
6.373004948223375266e-01
7.010820813457369072e-01
7.265697972557052520e-01
7.845547893260326200e-01
7.136788809531768862e-01
6.994821273579011622e-01
6.806210673403860767e-01
5.696876776508846829e-01
6.268985702715991204e-01
5.619743398130188083e-01
5.932223831687298832e-01
5.371970323289035898e-01
5.421486921884517418e-01
4.531841004919791027e-01
4.625967679641991293e-01
5.125406595960297906e-01
3.900881664707212537e-01
2.372583740458751866e-01
1.623075563497999307e-01
9.600397174883432139e-02
1.166357560405885396e-01
2.378618329073046156e-01
3.996659464785939919e-01
3.919465269404198704e-01
4.150464092097003732e-01
4.127589531199331030e-01
4.423450615515893691e-01
4.804294075136263942e-01
5.143343848811607888e-01
5.560100065260974445e-01
4.926148260805267576e-01
8.011772994848731511e-01
7.400448084033958152e-01
6.379700937194261456e-01
6.605625581531515689e-01
6.140263921263909852e-01
6.168220543130948919e-01
6.338917004567494740e-01
6.026310345927723411e-01
5.732977398724414808e-01
5.392560370850101314e-01
5.423654364744010525e-01
6.305844323060373346e-01
5.389897324023776859e-01
6.317321738627660332e-01
7.022593126849536738e-01
7.891055190297009414e-01
8.018052281265168890e-01
6.096507819692996710e-01
6.748301441169318737e-01
6.945632068226427203e-01
7.113681182643911693e-01
7.075879635479243035e-01
7.783506889531102146e-01
7.211118129819242828e-01
8.019203547741642346e-01
7.556893049750763591e-01
7.914147045497144095e-01
6.629290836373741280e-01
5.394175930021951615e-01
6.090893769776242195e-01
6.310513964954289623e-01
5.781490814731544692e-01
4.393632532846125649e-01
4.299753394372313742e-01
4.695600755337131504e-01
3.727320920387340863e-01
2.579694227290031394e-01
1.672407277772797185e-01
7.858046951588046336e-02
9.651890244969371646e-02
1.316411737787144265e-01
3.721399493128337288e-01
3.702429219610461897e-01
4.233253029200897966e-01
3.775543083616046958e-01
4.671315145061903928e-01
3.860568724867117774e-01
5.069153434161668415e-01
5.151064970538687948e-01
6.202201770550430648e-01
7.045674766164992109e-01
7.106229466196084532e-01
6.959207530558879640e-01
7.311803961416618591e-01
6.480728920115276237e-01
6.356700161512927050e-01
5.140805338989657969e-01
5.104920059546920186e-01
5.619534666974282944e-01
6.156759929023787326e-01
5.849983712331956465e-01
7.143033919044587954e-01
7.542073584641356687e-01
7.180431000876167369e-01
6.156619683591488812e-01
6.187441085009984798e-01
6.414458531591549217e-01
6.988896806419704344e-01
7.072301262978565317e-01
6.032698778478795543e-01
6.571182636350287876e-01
7.885817811173858605e-01
7.618552008034029654e-01
7.280935785145270511e-01
8.784055937834132077e-01
8.344697148693711597e-01
7.643111185214719328e-01
7.129027990480626409e-01
6.383532931541917588e-01
6.035750952632565891e-01
6.702740252229167917e-01
6.505488165651571730e-01
5.756354802529086712e-01
4.866669682164824762e-01
5.055311804569759815e-01
4.004302449014427445e-01
3.224341469821159767e-01
2.770672820643483303e-01
2.267463298035573838e-01
2.781755800192724504e-01
2.887469778812119525e-01
2.584777418347163347e-01
2.813684136661362412e-01
4.271162057304035975e-01
4.056350137198775907e-01
4.487430673460999220e-01
4.041184382356740601e-01
5.220921065870515188e-01
5.323698158539102998e-01
6.637137225226439341e-01
6.729922193756610049e-01
7.465978334265007677e-01
7.609954458622388840e-01
6.883357075161409266e-01
7.152784295416895199e-01
5.931860926532773748e-01
5.050909365408878804e-01
5.592059208135400361e-01
5.512404236235455279e-01
5.721174837567051252e-01
6.101005610372292054e-01
6.353570455945551920e-01
7.552719740989217723e-01
7.464147430516028248e-01
6.642051984868696524e-01
6.285574651924873413e-01
6.678721924807158317e-01
7.798460191020609722e-01
7.753388898919288952e-01
6.800317224478323874e-01
7.424975354631422331e-01
7.694348399967688712e-01
7.691831443439454130e-01
8.863534111956805628e-01
8.579463667082994904e-01
8.142052800498430498e-01
6.753994202852952045e-01
6.097858940259482941e-01
6.515889889194770301e-01
6.094724020725440505e-01
6.692734091981440425e-01
5.930832712535757389e-01
5.326549212579899661e-01
5.478129010154449974e-01
5.816102496986991222e-01
5.102569637583287410e-01
4.791588296975865524e-01
4.796891972854451236e-01
4.437836301681186701e-01
3.386307930220694429e-01
3.255402551179079063e-01
3.477556741277446628e-01
3.318890053673612117e-01
4.169370151400890734e-01
3.533825814650941588e-01
3.674154763802993107e-01
4.554034308819091548e-01
3.919897997562846181e-01
4.464387563980966589e-01
5.582714229386267490e-01
5.862600623341581718e-01
6.732204123548682917e-01
6.604441348936702649e-01
6.525795932310208824e-01
6.334676605528102300e-01
6.005675870159113972e-01
5.274310829804899070e-01
5.491656776515883021e-01
5.307701641308633089e-01
5.960603259348808969e-01
7.087789382771707558e-01
7.110047181726576460e-01
7.446224304512378822e-01
6.764905928651718803e-01
7.102873332486913105e-01
6.501260367337089452e-01
6.533269464496461731e-01
7.619908051942660965e-01
7.790989216069462708e-01
8.130503828890806028e-01
8.691136274059647615e-01
8.059800300910701099e-01
8.268364087090388503e-01
9.476002986411529161e-01
9.352175232282787798e-01
8.666141533136312303e-01
8.123982265169178429e-01
6.754005798909834546e-01
6.916698131098732993e-01
7.389697819238448817e-01
7.736758602453296385e-01
6.325300774930672221e-01
5.811977133660719552e-01
6.065790666697798983e-01
5.875117457768003204e-01
5.486121162762068737e-01
5.754649435404196600e-01
5.249259383493064535e-01
3.915698369145257374e-01
3.998802230594223350e-01
3.573501426804538972e-01
3.270758237523171408e-01
2.717392120406004752e-01
3.912038946460447697e-01
2.603101010789626857e-01
2.371729697384906688e-01
3.220603535365053616e-01
4.332094544942872716e-01
5.240002626326095703e-01
4.817647089748091638e-01
5.831339139084316114e-01
5.327909006761895050e-01
6.381668701295883928e-01
5.490069737338921785e-01
5.657732923157539062e-01
6.197606498205654457e-01
5.645347922607178992e-01
6.380998296705967521e-01
5.666690410268371281e-01
6.403226940512697363e-01
7.396922706674982084e-01
7.339275136743376171e-01
8.032843625089821638e-01
7.757161727505068605e-01
6.501656203561000380e-01
8.775785609990442993e-01
8.327050408777056933e-01
8.257266756856072032e-01
7.633673093569018908e-01
8.298688194979526589e-01
8.396910539358189984e-01
8.862388067018180937e-01
9.150007805512359038e-01
1.040125475781559450e+00
9.916060354008062738e-01
9.486766101906044524e-01
8.829242378922401713e-01
7.881106883159942900e-01
7.545733452087607374e-01
8.259238192464829487e-01
8.253555894359946299e-01
6.941166797441484793e-01
5.886938362988922702e-01
6.000318266854317573e-01
6.588812996889799045e-01
6.113258024821854875e-01
6.751904015163503470e-01
5.329077111919954257e-01
4.673090324611341995e-01
2.893249340168878581e-01
2.873416849963064679e-01
2.805309898455594086e-01
3.147688300393514660e-01
4.073957157969854137e-01
3.258613928321714703e-01
3.712500027843940176e-01
4.105945761889320811e-01
5.032391905920708952e-01
4.922104117474039864e-01
5.791580698366119995e-01
4.924217274579766324e-01
5.463994604129465138e-01
5.149341925468194914e-01
5.057006964171318897e-01
4.659317130068234558e-01
5.163232419845881216e-01
5.853972330910431898e-01
6.104636227264625958e-01
5.525385607633476193e-01
7.111027542756703790e-01
7.631659814190032698e-01
8.315546528512731683e-01
8.658999727819677306e-01
7.881451836543342804e-01
6.827313382340173264e-01
7.522538991908799266e-01
8.855439925415083957e-01
8.029616240831100038e-01
8.518460295008178917e-01
8.258641982658158076e-01
8.856888645204306076e-01
8.223088063462979935e-01
9.777221977626758820e-01
1.013076630785275212e+00
1.050565862729980982e+00
9.988449206412784998e-01
9.711924476494797620e-01
8.796631493217712539e-01
8.808214902417369485e-01
7.794428958295011034e-01
7.261656483759427738e-01
7.335323598643527232e-01
6.642578692223599646e-01
6.365993761677248841e-01
6.422370804546551071e-01
6.694340403417918806e-01
6.091154689078193130e-01
5.736353130485726259e-01
4.233594847935295280e-01
3.250549750871133403e-01
3.558527850000372528e-01
3.939781024992184966e-01
3.275577630516940397e-01
4.201133778049625511e-01
3.539900455329104689e-01
4.366238089849253656e-01
3.663044416962301097e-01
3.977365492210863662e-01
4.513428851041477730e-01
5.123511339898809691e-01
5.889392142822186260e-01
5.950011661555241194e-01
6.245166112599295216e-01
6.128847966281841808e-01
5.326240703227742568e-01
5.292294723877144502e-01
6.315863824892056222e-01
6.337851382315289328e-01
6.370893692913838224e-01
6.381776532140437386e-01
7.353549883466844461e-01
6.562390017500492334e-01
7.300696623774370897e-01
6.937056405826229621e-01
7.431073016059173142e-01
7.483215846724317055e-01
7.959377554597660831e-01
8.918149766990155491e-01
8.196653000139414447e-01
8.612891647269020901e-01
7.770119727141241439e-01
8.507192069580995497e-01
9.559096028930419431e-01
1.047986608459946734e+00
9.959843962873887735e-01
1.010876991014372894e+00
9.916369751225448947e-01
9.313926310502061989e-01
8.878095386273024969e-01
8.408328492934213916e-01
7.960104142190982390e-01
6.978570712742028226e-01
6.184018348579159996e-01
7.653264812115155857e-01
8.066767427601008178e-01
6.452000086765856679e-01
6.332633143806685183e-01
5.975109214963854054e-01
5.292757407739557829e-01
4.448635138557683333e-01
3.701113876623563503e-01
3.809537021181433336e-01
3.589900526860436147e-01
3.960656716120563581e-01
3.852304918548394852e-01
3.950904205283732873e-01
4.451370128053862008e-01
4.962061576368745341e-01
4.251567344445723595e-01
4.523390033225608842e-01
5.582772192167476666e-01
6.620955100448033814e-01
6.477887297175795034e-01
7.030372960891871914e-01
6.036965810337789895e-01
5.971151383339853291e-01
5.562801708759458341e-01
6.777811815169408893e-01
6.439831437794034663e-01
5.750890415863290084e-01
6.032980932848093225e-01
5.119267054478217061e-01
6.051499127231905195e-01
6.653433357156383066e-01
7.237746412574763699e-01
8.311670341075629853e-01
8.156191075667127421e-01
8.877564433488558393e-01
8.786845657052410052e-01
8.456090150000630246e-01
7.250250952097188062e-01
8.706277977038999749e-01
9.135089656474739694e-01
9.777566762036659087e-01
9.212948219414651696e-01
9.714075636199411834e-01
9.709729550210248750e-01
9.379185425286931110e-01
8.896379380642394086e-01
9.052993379731001378e-01
8.775559601262414855e-01
8.154299374806794898e-01
9.284558985032249634e-01
8.288404595278424658e-01
7.798478812722691167e-01
6.595595074099555033e-01
6.595913904651118376e-01
5.806449934693131976e-01
3.997364012217499707e-01
3.513781574217373360e-01
3.715382045810055600e-01
4.306626423475289900e-01
3.249989082566482890e-01
3.343482484281363742e-01
3.666991460419928295e-01
3.627458735122757738e-01
4.498568664462117561e-01
4.661839493457751726e-01
4.687439345916785127e-01
4.239661564744697797e-01
6.984647464127913263e-01
6.888528074023821945e-01
7.575092830935591381e-01
6.952990155775589098e-01
6.857919205057960710e-01
6.024760010541170274e-01
5.531346252004230024e-01
5.690548979749576741e-01
5.871954469233319207e-01
5.570680197604550576e-01
6.304786654325271744e-01
5.205265746498271007e-01
5.181834388808003178e-01
7.095954904033261457e-01
7.822529233932792314e-01
7.178548034715314108e-01
8.169505200582648508e-01
8.636525713446886465e-01
7.476953360404836602e-01
7.568597109802052136e-01
7.686976096010991188e-01
8.667647174530721532e-01
9.517952443996791079e-01
9.534072592168265636e-01
9.947176261532050257e-01
9.668081815107929522e-01
9.147804745015664096e-01
8.702092270569995458e-01
9.168433841359707737e-01
8.107698545704740134e-01
8.888884552506705061e-01
8.286289725192489408e-01
8.490730398119987754e-01
8.528678383228081028e-01
8.411612175990015317e-01
6.254563474340338880e-01
5.592880501339357879e-01
5.174749959898200524e-01
3.979795249334873164e-01
4.118020230913176372e-01
2.861977401512992847e-01
3.594813734977784225e-01
3.667489780090705254e-01
3.547235111615348879e-01
4.227993564116055425e-01
3.483461037023322104e-01
4.650106791986787225e-01
4.305403520650123439e-01
4.800672679888756678e-01
4.387188742545648501e-01
7.619237734693796726e-01
7.894502172682759111e-01
6.889960772907450792e-01
6.829271017466704841e-01
6.586449129205865782e-01
6.029744041311495550e-01
5.324302163598456650e-01
6.444613506207668152e-01
6.183049338296838782e-01
6.795374157224900458e-01
6.048679406448679297e-01
5.192323345673033330e-01
5.728278092240888242e-01
6.360403669875441812e-01
8.369131429064777805e-01
8.071612748055347897e-01
8.695938848673172572e-01
8.256285074073956842e-01
7.649503554332501842e-01
7.632251408998692588e-01
8.160079001599217507e-01
9.135466236935232409e-01
9.358544490424116624e-01
9.180101995584223351e-01
8.891461134059884808e-01
9.046422118922983202e-01
9.187775931595720813e-01
9.103628231146408956e-01
8.830581236411273460e-01
8.207980265693459732e-01
8.433680601147544031e-01
8.645644818181046354e-01
8.413541520763313519e-01
8.292640568533029555e-01
7.627791510133591357e-01
7.019888643701235331e-01
5.661631417662070787e-01
5.108894340187422056e-01
4.640570920620734618e-01
4.466331539736375089e-01
4.574518887810757883e-01
4.448531016757267809e-01
4.471265823403894890e-01
3.448858230769079047e-01
4.165536668377237683e-01
5.348262323903177906e-01
4.527173212859097462e-01
4.024892839830094271e-01
4.258436843687528062e-01
4.952565338353660529e-01
7.969040727784960643e-01
7.489068830466598659e-01
7.100088186600848061e-01
7.369094253486023760e-01
7.173828840857056077e-01
7.794522741791150011e-01
7.352528361130032941e-01
7.162749823249614511e-01
7.254344842653995817e-01
6.777012623222758991e-01
5.861891659850289038e-01
5.873272577660575422e-01
6.417288124656608250e-01
6.248393342912630377e-01
7.213629471333583565e-01
7.730135323274002213e-01
8.285282772344406688e-01
8.025921327010077100e-01
8.100038473528762273e-01
8.106244235995158087e-01
8.977174485395341685e-01
8.236558106058311512e-01
9.627565627719567587e-01
1.000111892456360563e+00
9.373930589430323757e-01
9.494810121664347680e-01
9.596762519531939484e-01
8.848157135859520128e-01
8.768688095462756626e-01
8.901919470777004406e-01
8.808198210979751863e-01
9.187412499401825805e-01
8.712519936945136712e-01
8.264022055019144553e-01
7.256126293033127173e-01
6.572518289961393201e-01
5.700867312257487107e-01
6.208680565952338082e-01
5.599080068363558871e-01
4.667099970016066468e-01
5.003008677640204960e-01
4.770518502715050402e-01
2.968438022399867426e-01
3.792424348579809812e-01
3.487127746493491887e-01
4.693793491901771531e-01
4.068984458845164021e-01
3.321799786519018527e-01
4.208052684479134387e-01
3.761386660903011658e-01
7.559173710372592003e-01
7.635999399985063940e-01
7.833487439387427642e-01
8.133668579073266569e-01
7.963724207457822946e-01
7.590538623435217902e-01
8.686825003607677731e-01
7.717055245913252426e-01
8.393684041655968819e-01
7.213985376997311683e-01
7.237637042320187453e-01
7.331285454001144064e-01
6.452980924266055185e-01
6.867209090036271446e-01
7.629898473367795475e-01
8.230580581289573816e-01
8.171278445341373375e-01
8.370529001902814459e-01
8.164019668906971061e-01
7.805039402167478491e-01
8.948022138155261596e-01
8.682892396161487891e-01
1.002087803463195703e+00
1.032010658569995742e+00
9.439243359012221557e-01
9.387788692766623200e-01
9.204740938484383683e-01
8.552672597179957759e-01
8.959195308373089084e-01
8.705561682324989281e-01
9.696954287562967734e-01
9.737624523041913394e-01
8.534120535045749412e-01
8.024996189441226946e-01
7.224641484136187231e-01
5.819255321305424333e-01
6.326647511586975803e-01
6.645348000429374125e-01
6.461855346899654240e-01
5.329657144674873059e-01
5.571765074660964823e-01
4.667389174339354740e-01
4.378614475756741342e-01
4.940274695007490502e-01
4.470631225078263160e-01
3.627298498869959698e-01
3.535069650064658342e-01
3.850692578547342260e-01
4.534500971874942943e-01
3.579084226179834460e-01
7.614168340285465408e-01
7.932169682732325144e-01
8.335612309089258654e-01
8.851609487357552375e-01
8.031338572217264771e-01
7.946955256150879388e-01
8.875359927508746916e-01
8.790004101388403379e-01
8.737487330685693721e-01
8.757740859660848587e-01
8.204404994302274545e-01
8.095802194322082590e-01
7.407990257982299820e-01
6.781390051809970121e-01
6.856814023620986243e-01
7.758331319248397140e-01
7.994828440034349448e-01
7.850138580665876331e-01
8.212515662001063088e-01
7.831153373948134266e-01
8.552905613754332448e-01
9.011276349816093045e-01
9.161791235373969444e-01
8.388551268902713076e-01
9.629703755473234539e-01
9.509589560041927792e-01
7.750154945256628736e-01
7.984502678158275080e-01
8.673351126109813958e-01
8.781380952788723215e-01
9.494173584932140697e-01
8.775841780240193346e-01
8.462688174207920744e-01
7.827534243205168663e-01
7.047614642030437526e-01
6.369481117006726700e-01
6.528398397365700045e-01
7.101966020393682966e-01
6.347836468355468886e-01
5.680796174304935109e-01
5.565938720324064004e-01
5.100551602875265100e-01
5.120829452249270330e-01
5.364343098987961467e-01
5.447399373861799843e-01
4.410064514133162361e-01
2.832799400502508669e-01
3.477111183116311510e-01
4.061605702063325607e-01
3.751711279160466761e-01
7.781303440732643129e-01
6.809051451247587483e-01
8.090176196320989499e-01
8.279634401451398951e-01
7.483596670229971659e-01
7.550672433642113823e-01
7.901022388548772923e-01
8.834343978145567933e-01
9.188224673559838296e-01
9.762817649498386485e-01
9.346654016048664415e-01
7.884251504833815760e-01
6.824968374604716281e-01
7.458930146253183180e-01
8.156096750950689866e-01
7.869206818326550668e-01
8.233842905811705748e-01
7.312003556272295146e-01
6.706437787831042163e-01
6.839942065503558100e-01
7.580588167667341448e-01
7.962883490472154602e-01
8.180689536355790770e-01
8.073102997448944329e-01
8.954632104289905747e-01
9.499419171996712485e-01
8.504408706399912976e-01
9.300174195834820523e-01
8.633568938843536600e-01
8.498798580040396455e-01
8.950201447527131871e-01
8.450687883467787875e-01
8.761582120482483971e-01
7.652113581542042686e-01
7.853960747411291576e-01
7.237148256639811539e-01
8.333789439378824770e-01
7.310336958215633008e-01
6.600710722420171095e-01
6.190348326922219258e-01
4.680889259862726082e-01
5.328394082234630957e-01
5.610364551808334488e-01
5.573569116295236103e-01
4.449519075693389447e-01
3.291797862716280276e-01
3.444013714524598591e-01
4.125063800031374961e-01
4.893035103191740731e-01
3.870570688213033073e-01
6.818311611116490978e-01
6.877428352324793659e-01
6.381325360551793890e-01
6.857796851578557007e-01
7.606681838860895883e-01
8.498726614926983558e-01
8.564042132467836188e-01
9.742585846535795069e-01
9.877786120837727113e-01
9.842925430933250341e-01
9.189072579814913100e-01
8.405947206908442881e-01
7.611264722486653644e-01
7.665175084900388569e-01
7.615211875789427154e-01
7.923099826493009701e-01
7.768963511201489869e-01
6.478558995490547590e-01
6.332043502763043952e-01
6.154667888486281546e-01
5.776123799516041935e-01
7.109971899621752023e-01
8.403460765074913796e-01
9.601665328723048010e-01
1.012527215011167048e+00
9.194674873794752568e-01
9.655099342652656569e-01
9.940373881903242781e-01
8.207333049585664453e-01
8.829439291622308561e-01
9.080099533544672141e-01
8.840187395231944301e-01
8.720959587850439787e-01
8.281681311706324822e-01
8.912161263125117916e-01
8.146040420664346637e-01
7.974765191677277709e-01
7.512757212127045836e-01
6.998244144342010697e-01
5.317659251796760245e-01
5.839309810151083191e-01
5.718070341308849613e-01
5.910069904885995040e-01
5.512233445479380878e-01
4.560972248734015966e-01
3.750759273340963929e-01
3.880577865908632074e-01
4.342743083559217343e-01
5.146422008460507236e-01
4.774097812055256851e-01
6.639604002405192773e-01
7.641471842559264260e-01
6.391143699590950966e-01
6.139040046082991919e-01
7.439986190671202815e-01
8.139329970417419347e-01
7.843045170375145814e-01
8.782159213333267100e-01
8.980613717937522278e-01
9.800088038920808930e-01
8.887395542483373934e-01
8.967170630836704959e-01
8.475147340440708499e-01
7.888476542645371792e-01
7.740198745428594762e-01
7.874678239597833196e-01
6.196569151480689763e-01
6.331071589741447125e-01
5.950610934485418557e-01
6.918784726140239094e-01
6.292802765031111356e-01
7.737058291184968351e-01
7.239071946243107458e-01
9.181267629196221414e-01
9.781000663526164818e-01
9.490543892189193809e-01
9.511121685432121220e-01
9.286375460286564465e-01
9.087750582810772970e-01
8.899116362200760744e-01
8.043305179470144894e-01
8.366293475479110731e-01
9.701464721541650515e-01
9.144672584136530613e-01
9.053610523599906479e-01
8.327890698452528051e-01
8.065038336944633235e-01
7.664335782106054262e-01
6.820714615925587143e-01
6.605346539413949891e-01
5.730693590574504892e-01
5.754956786588378836e-01
6.011132029210963790e-01
5.403614196168148309e-01
4.192238319702176752e-01
4.380701541330411231e-01
3.838672308344963646e-01
4.145267288589976062e-01
4.252114583186827335e-01
4.450576442997152271e-01
6.551110561836042123e-01
6.605570743435581482e-01
6.858467756171984231e-01
7.654505898672222530e-01
7.475492606686779951e-01
8.079417264482391392e-01
7.936471718811317633e-01
8.414824134616590845e-01
9.391875396735749337e-01
9.386809818928982807e-01
8.664229934196437943e-01
8.267749767879972733e-01
7.900216372697161926e-01
7.774032665347949678e-01
8.048868167079004099e-01
6.755758736422285970e-01
5.817255165849172238e-01
5.477367123713947628e-01
5.034734177274940992e-01
6.725068383483638890e-01
6.882504947371780313e-01
8.337291227570111651e-01
7.479382002303718302e-01
9.140944494447503788e-01
9.072831539332183448e-01
9.033260882337419417e-01
8.630630917700249372e-01
8.353314774146631816e-01
7.908652424682048876e-01
8.315641379136698985e-01
7.539378841803785480e-01
8.071720287234760427e-01
8.831850568009331770e-01
9.323907751258001531e-01
9.001449307545177358e-01
8.666636794860738124e-01
8.420376451509848925e-01
7.773486684273589464e-01
7.360128121104525523e-01
6.254545556967525677e-01
5.568291361889112778e-01
6.642699590194075521e-01
6.092076857510828614e-01
5.065146162551045217e-01
5.321271329420269591e-01
4.633696884622207635e-01
3.961496116190875161e-01
3.297926614465759854e-01
4.226261789600879726e-01
3.697202809944815649e-01
6.217801522625191479e-01
6.890250599442486745e-01
7.231627151617426863e-01
7.502127634898977382e-01
7.575179809540287801e-01
8.452364341815741255e-01
9.511474768373255895e-01
8.817559824541963964e-01
9.335788002968676835e-01
1.012797217918609771e+00
9.691080143687440529e-01
8.341103351282352918e-01
7.726775498352151939e-01
7.309444926472077331e-01
6.756118827863908383e-01
6.051797166531921457e-01
5.821047670024172005e-01
5.219730801894848504e-01
5.962863888637566223e-01
6.594138632620890617e-01
6.965187382120201498e-01
8.110357958272785828e-01
8.324509379800207887e-01
8.767627643242859037e-01
9.342008448147463007e-01
9.190880511738420688e-01
8.555923954683670729e-01
8.659921416712945685e-01
8.329206956446982835e-01
9.618672558345393586e-01
9.219412975674435851e-01
9.367669246387883009e-01
9.876038868261540760e-01
9.577908600765239200e-01
9.900195121479157256e-01
9.177943930393485106e-01
8.163924422090093058e-01
7.503101196563615183e-01
7.420110423784087583e-01
5.858224007966827962e-01
5.992386039594204128e-01
5.798087974362452490e-01
6.139634484991830510e-01
5.171447648366169769e-01
6.029054276800206447e-01
5.533406202106955218e-01
3.878936872872859043e-01
4.623093025341373785e-01
4.166073890961442538e-01
3.568362861319112622e-01
5.847925583052909770e-01
6.875916528408924089e-01
8.046288089403672572e-01
7.633880881382945072e-01
7.438577676991499077e-01
7.722293172340792822e-01
9.483273529316778028e-01
1.024485809853915130e+00
9.718704035872426372e-01
1.006347093740239007e+00
9.513408031697888623e-01
8.579995131239769313e-01
8.336801527648307619e-01
7.711172230340792577e-01
7.083271879425107054e-01
6.255191589614698122e-01
6.393263384715510700e-01
5.931125569780434370e-01
6.278117413863326668e-01
6.865299613188190486e-01
6.692017169654824738e-01
7.470762551366925130e-01
7.986846952427699708e-01
8.607364227049759675e-01
8.380362364093576488e-01
8.078841768860358652e-01
9.244602133265881205e-01
9.623964995977670744e-01
9.852491315542225570e-01
1.085002049406409208e+00
1.054551690895291216e+00
1.016677942141787527e+00
1.035802895283404856e+00
9.072237319615300555e-01
8.726713799900305268e-01
9.073590484985289972e-01
8.339913558882017242e-01
7.013766369652083554e-01
7.155129140693339274e-01
6.972996354668533625e-01
6.716163696136318029e-01
6.258792123227280291e-01
5.608231546770634512e-01
5.648963950938679091e-01
5.952264465684895534e-01
5.303081551814284866e-01
5.041769325252498657e-01
4.880974463183531675e-01
4.614003871162328796e-01
2.963102935005808014e-01
7.001199000242361858e-01
8.195684272436090101e-01
7.974006132977852213e-01
7.131343444892166428e-01
7.847806960198095982e-01
8.037155213817855914e-01
8.548879486121688798e-01
1.010707421754055924e+00
9.235145876363914930e-01
9.812782367019097229e-01
8.725647136844427720e-01
9.272869711260605108e-01
8.852649229876462522e-01
7.948387171957896902e-01
7.419289186424672389e-01
7.192042353049505898e-01
7.236425128162691234e-01
7.234484855841132322e-01
7.269686149669549735e-01
6.924562386265465941e-01
7.429628798820256952e-01
6.935366052833293882e-01
8.182372951144905038e-01
8.843498851888152990e-01
9.364548778354639946e-01
8.740517027246330617e-01
9.399391943133206251e-01
1.035005682154120255e+00
1.071216291253503261e+00
1.068156930011475048e+00
1.083353910112530682e+00
1.052388018803151359e+00
1.061280054060402822e+00
9.299929780646623012e-01
9.059934128308239076e-01
8.923990274915141185e-01
8.692079439878049874e-01
7.745207462512845309e-01
7.444707511172597991e-01
7.159032362979705910e-01
6.876471360045780523e-01
6.443700916958404745e-01
5.848796033817542650e-01
7.277370772197651050e-01
6.020787254181683146e-01
4.995727259853653957e-01
4.562214307636278665e-01
4.222241455254526210e-01
4.039154309387396613e-01
4.232906462475045650e-01
8.531124416967337254e-01
8.564451037511486842e-01
6.912050580010097312e-01
7.455701863827342013e-01
7.100545786199364828e-01
7.555033802127251175e-01
7.759941098501217382e-01
9.008251635597598339e-01
8.829274378567385506e-01
9.428745819985526744e-01
9.363104135018348595e-01
9.031041501586423159e-01
8.813563348245373463e-01
8.780108155586299201e-01
7.924665794353445980e-01
8.204170783668337519e-01
7.903998296935635937e-01
7.915494206586489723e-01
8.144882270172566496e-01
8.481072036079501109e-01
8.325102674055873120e-01
8.113940468774892834e-01
8.882181222781606600e-01
8.389232308193583787e-01
9.900282864974108143e-01
8.989380921757323950e-01
1.006288820067878120e+00
1.017888161524378443e+00
1.086029554064547265e+00
1.078867271454565291e+00
1.092117292592245770e+00
1.025766006704316391e+00
8.988858097870828789e-01
9.277866946649175883e-01
8.738629012002312457e-01
8.368858006479752421e-01
7.927743675267517887e-01
8.796419551026336547e-01
7.689220351042274082e-01
7.507635904365256296e-01
6.484367215755454383e-01
7.232446109816955682e-01
6.504463732861937020e-01
5.237363179910287103e-01
6.830341294499573390e-01
5.064231707475299604e-01
5.304560532005325735e-01
5.063961748485208414e-01
4.940375479876914500e-01
4.470848377966086806e-01
8.462638917041067632e-01
8.855755197385900557e-01
7.736985983564020897e-01
7.598699897434908479e-01
7.942375570135812302e-01
7.854436032530186518e-01
7.826960112554639526e-01
9.182514894802777938e-01
9.325426632382433079e-01
9.292147587580020796e-01
8.887842747572006763e-01
8.418539074822575241e-01
9.122878423918883151e-01
9.394647795730352025e-01
7.688886227700650888e-01
7.750956431797858537e-01
8.588083061844437038e-01
9.812522809798894796e-01
1.040702430907154863e+00
1.015084017708107522e+00
1.019276204472192138e+00
9.233827948788053686e-01
9.629101902068262220e-01
8.826306350059058836e-01
9.111688987730209854e-01
9.646026021007658713e-01
1.115448909045156034e+00
1.127131478827024358e+00
1.120263214441598487e+00
1.086928221622186053e+00
9.910088684122230207e-01
1.000595488542358913e+00
9.152842038144777259e-01
9.065358856077228022e-01
8.256533107732809684e-01
8.236180866427025293e-01
7.363041885177196155e-01
8.125681041976997587e-01
8.534904490554289236e-01
8.243514380233738503e-01
8.549249438274428847e-01
7.830630675198939628e-01
7.213388885584697263e-01
6.703356746999484805e-01
5.981420171116819118e-01
6.826747198491304180e-01
6.594569323685401940e-01
5.779933499753975301e-01
4.896265855350114271e-01
5.066107135674415840e-01
9.070746664928066583e-01
8.892173764098818545e-01
8.492793158197736725e-01
8.101575105456920722e-01
8.154857830552506570e-01
8.904116038034831648e-01
9.492988177835286479e-01
8.667146693518277267e-01
9.155804616528637752e-01
8.518273332492953820e-01
7.938772577921843210e-01
8.666763967593636986e-01
8.513660159215168388e-01
7.077261071565450479e-01
7.934445917965873285e-01
8.933673805957883518e-01
1.045244377445508466e+00
1.045148227597970214e+00
1.155694676348187899e+00
9.764040291423811135e-01
9.512326400887615163e-01
9.912817841330757718e-01
1.000934163881076477e+00
1.034189759273044018e+00
1.053278183286465053e+00
1.056663041477707621e+00
1.191070481823839344e+00
1.205510072904012464e+00
1.241419283305972066e+00
1.091325073737383189e+00
1.043259008456067560e+00
9.706715701986065037e-01
9.742496237088648092e-01
9.031830870584363069e-01
8.424735035730612775e-01
7.458768368908382795e-01
7.789582920930050447e-01
8.715477302318351827e-01
9.284762697653922148e-01
7.375869104139900490e-01
7.122195480635914455e-01
8.544637960270059507e-01
7.717507275441061187e-01
7.090612742197101026e-01
7.417328249121006856e-01
7.287043571417746168e-01
6.563243715624066388e-01
5.969431558052070708e-01
6.521527165937460735e-01
5.062461548664750621e-01
9.890691817186973989e-01
9.225632743366862787e-01
8.762811418842203492e-01
9.606980532017405094e-01
8.865140046415405095e-01
9.598747876588220596e-01
9.327730737088015811e-01
8.317750205594331980e-01
8.440337673410855945e-01
8.944868787473962968e-01
8.384045000241514556e-01
8.696130433994211373e-01
8.465503587697156274e-01
8.078800139640169853e-01
8.265565840052503388e-01
9.371937330384294551e-01
9.235367202701719735e-01
1.003508342320536650e+00
9.609931503212545412e-01
9.882477806623489736e-01
1.002011324037572315e+00
9.757078194213418820e-01
1.065305853223550869e+00
1.104477859431149955e+00
1.128520497052642124e+00
1.125483423153265994e+00
1.206939328947582935e+00
1.277893583163787650e+00
1.194450805500206991e+00
1.083125615046235612e+00
1.102498025623759315e+00
9.045093759045610415e-01
7.802059316320772986e-01
7.291109115911202920e-01
7.745507561303038857e-01
7.759501542474576130e-01
8.246373943280823626e-01
8.610585151540992577e-01
9.378050261644926833e-01
9.123555692633785741e-01
8.900401439574623375e-01
7.995008827438556676e-01
8.089292153694462861e-01
7.287458467313496779e-01
7.142385014929973908e-01
6.602376907394849059e-01
6.532834299477581208e-01
6.633979694132381422e-01
6.371342179906596126e-01
5.048585416698522232e-01
8.766032085121604478e-01
8.669980119776082850e-01
8.566800255516046070e-01
9.514879455447331491e-01
9.249974890816599071e-01
9.241020678837754687e-01
8.993940532473022609e-01
9.219323741994414068e-01
9.737592854538450471e-01
9.498534262900186764e-01
8.925124884255984936e-01
9.561148303929177805e-01
9.282248354685986858e-01
8.651731448077547570e-01
9.336065940252100681e-01
9.549210965997583234e-01
8.809351303252503929e-01
9.674840686799769385e-01
9.878576247796891918e-01
8.979728046120503127e-01
8.500001296147653429e-01
9.585806431469716671e-01
1.075362206628690975e+00
1.145865388673908081e+00
1.081537867124227059e+00
1.113560577234373739e+00
1.208964238378662071e+00
1.135842600795077706e+00
1.131873938159498438e+00
1.089779965250067484e+00
1.071516713237809393e+00
7.999918669015584349e-01
7.585699680602675521e-01
8.434233835413723623e-01
7.756373068480489907e-01
7.806224262701406680e-01
8.762132441833166974e-01
8.554642950691225822e-01
9.654748863327322628e-01
9.714691375939445983e-01
8.318269049238723456e-01
8.175920718442646340e-01
7.135980204474973165e-01
7.623076018870874604e-01
6.294352283449695662e-01
5.424118174697608596e-01
5.352517230511560919e-01
5.437475461132225130e-01
6.257903542987687251e-01
5.477377796940617882e-01
8.868795020009260233e-01
9.327049444941847289e-01
8.777786662548587859e-01
8.853087492186895169e-01
8.684447844809595196e-01
9.401922413497006970e-01
1.021650367692028993e+00
1.007397046413405439e+00
9.677722636088257335e-01
9.385715161409626806e-01
8.820929407992834648e-01
9.652736528668761640e-01
8.955335085346702861e-01
8.922174340987365504e-01
8.615865610770716554e-01
8.020843627352344241e-01
7.240044829529130865e-01
7.953536476086960905e-01
8.795501467294010167e-01
8.559688452979918871e-01
8.587622985369612882e-01
8.795731411213270068e-01
9.488672719217836615e-01
9.832755839842383105e-01
1.047480564996687846e+00
1.190886044422067913e+00
1.158829077250300266e+00
1.049892222828130217e+00
1.122938733317951909e+00
1.015518202963961336e+00
9.939330354671661594e-01
8.480412056403608956e-01
8.098974633132166590e-01
9.998494433629807610e-01
8.578426985463039056e-01
8.124255614946520598e-01
8.741362102518807076e-01
8.920056698988702015e-01
9.020028602677964136e-01
8.656761109931446763e-01
8.573541373018707112e-01
8.520786185663042911e-01
7.150417531425528050e-01
6.270807114871095322e-01
6.874108372118620247e-01
5.128587049782737939e-01
5.492752709219296259e-01
5.747254505256322865e-01
5.208202313985412779e-01
5.644235234168633042e-01
8.242886077301232461e-01
8.150024878604935630e-01
7.760318898684605005e-01
8.738127240171862375e-01
8.672889198634645691e-01
9.842342797299061807e-01
9.645202575721633087e-01
1.012378101526373086e+00
1.050716000954087459e+00
9.711743408253246113e-01
8.723464782297090103e-01
8.789474178830132267e-01
9.421979732251072326e-01
9.272043948212679298e-01
8.348087007534938930e-01
6.869562503908425155e-01
7.378529355839331672e-01
8.509914457035402391e-01
9.373932264149056337e-01
9.128630714655588951e-01
8.740415629284419285e-01
8.435262802857552700e-01
8.701659848220465454e-01
8.544472174556894117e-01
1.089994802986387068e+00
1.122727435331461354e+00
1.233310079023357542e+00
1.123740707438990238e+00
9.927737521223963801e-01
1.080146089488178696e+00
9.494733145288533072e-01
8.742436150596526456e-01
9.690626076110200326e-01
1.043838155061930228e+00
8.462567631733651785e-01
8.428051911898343240e-01
8.056488634450084119e-01
8.764708268444081352e-01
9.670690041021333672e-01
8.710434304780230175e-01
9.230598707317212437e-01
7.936155125340286220e-01
8.368207061012855608e-01
6.752916565180304698e-01
6.145696603418967507e-01
5.849848142858482536e-01
4.906819011901636385e-01
6.061322181808737053e-01
5.108406020722804364e-01
5.606263666983434257e-01
7.177988834356745507e-01
7.598504468055689021e-01
7.823899185940537127e-01
8.116710452008296661e-01
8.952677141793150550e-01
8.819342782064225617e-01
1.017667145251687666e+00
1.027142549313400544e+00
8.689108318503423467e-01
1.002456871119725479e+00
9.521626458912858526e-01
9.977304878176505021e-01
9.469298256235844091e-01
7.876273902779642455e-01
7.547999271480039241e-01
6.657363264872457886e-01
7.297877278729110184e-01
7.941343177205666404e-01
8.806033828176419442e-01
7.961298036082262719e-01
8.281249170974800400e-01
8.107163587709340646e-01
8.754084658898310112e-01
8.248600281780241739e-01
9.508283237108314800e-01
1.148685070782399009e+00
1.095300098820762624e+00
1.113659707962098455e+00
1.117211669021775933e+00
1.057031423540773840e+00
1.042927251404415001e+00
1.034347851342587665e+00
1.097835592790510351e+00
1.016051118476328785e+00
9.223729694259975576e-01
9.157434324582075513e-01
8.402306270265093024e-01
8.808624582976631867e-01
8.757099242504060577e-01
7.571406531483368951e-01
8.279015435488816799e-01
8.967675681907557594e-01
7.996041092029864128e-01
7.184935024811017756e-01
6.214951792906696637e-01
5.443035711309999192e-01
5.432882926584505778e-01
6.140177792541270385e-01
6.926195388127833752e-01
6.730860812923114000e-01
6.575683061540434915e-01
6.360777613613398662e-01
7.889180600072465133e-01
8.332806072677971798e-01
8.332598825215966620e-01
8.276306238741706345e-01
8.734396124610102063e-01
9.831977809347538511e-01
9.365861478097684545e-01
8.774552949399381241e-01
9.677413314761212915e-01
9.709714245751318584e-01
8.896453463588324118e-01
8.354319000609160550e-01
7.150252519595903244e-01
7.484438766440124624e-01
6.734378665285116750e-01
6.979806323158400660e-01
6.949413073397476825e-01
7.214495660885964501e-01
7.239234041499130745e-01
7.571913408948762747e-01
8.105228443910188485e-01
8.781688258693962634e-01
9.562825919247761597e-01
1.056766705583140453e+00
1.163297504520798720e+00
1.117703431730748598e+00
1.030605867131897613e+00
1.098569973844095937e+00
1.176267328585441918e+00
1.132515545139461288e+00
1.144845692662371572e+00
1.027157736760143436e+00
9.784578499835987486e-01
9.653680883062262241e-01
9.263130768182923358e-01
8.606257931580277853e-01
9.242060397082054735e-01
8.537687677208679604e-01
8.914724219665091098e-01
8.920143511282083715e-01
8.676998730200837784e-01
8.124790758268954916e-01
6.877218081556024654e-01
6.691342481680726539e-01
7.536724136508807792e-01
8.278681908608730433e-01
8.226199498359102469e-01
8.626048671816923807e-01
5.634528789655772751e-01
7.062671880173599925e-01
7.579878275916552832e-01
6.999090472714259992e-01
7.689474706180687846e-01
8.504023654862795656e-01
8.315323270248343723e-01
9.901194305239979787e-01
1.015566366169279311e+00
8.795709763952826998e-01
9.614235985058485756e-01
9.409157188798884519e-01
8.539555922737446236e-01
7.885500934955156360e-01
7.189404438719152468e-01
6.421246084032111723e-01
6.261121886307826623e-01
6.806891271827547607e-01
7.523657633039912973e-01
8.032913394624060510e-01
7.363396321281741042e-01
7.571562020162951878e-01
7.660264573376495134e-01
9.108097058188561190e-01
8.808961568451846302e-01
9.249992231096149098e-01
1.006458486548509113e+00
1.063762603173864507e+00
1.045653593404249904e+00
1.094258038217778228e+00
1.141826176579961327e+00
1.154827741054874846e+00
1.069081986672086870e+00
1.019805716447638844e+00
1.025569863014574645e+00
1.004592022696051634e+00
1.018114470630175239e+00
9.162774824116968198e-01
9.668721535002294809e-01
1.010060782243166866e+00
9.521248365978186579e-01
9.422617115569407176e-01
9.170226125286189411e-01
8.881047933955770191e-01
8.350467197249979989e-01
8.856194049293470982e-01
9.066119061731660045e-01
9.587761136471002477e-01
9.521537826221487810e-01
8.665701229705763398e-01
6.309196214496745059e-01
6.651698642295107433e-01
6.704210210990571017e-01
6.507250291888307947e-01
7.206856814444682069e-01
7.594520479176306571e-01
9.380423716203520890e-01
1.046623785431896714e+00
9.890718918527395820e-01
9.752565932363549406e-01
1.004465126716654888e+00
9.272205988178632285e-01
9.524926631696685186e-01
8.818712218510942336e-01
7.638081427969096726e-01
5.986134221047434423e-01
5.773504444032033778e-01
6.725002055507435239e-01
7.096407007228059394e-01
7.523339425724053786e-01
7.117172345898904462e-01
7.549207487845479569e-01
7.661422657385071888e-01
7.526074954858233967e-01
8.084605863167437789e-01
8.444426827593057849e-01
8.478537825990202226e-01
1.028640468968168964e+00
1.042138490483131008e+00
1.055998168397027204e+00
1.134311364026496571e+00
1.115051085547702270e+00
1.116149318301870252e+00
9.868560290572957472e-01
9.542392386971614293e-01
1.020747524876835177e+00
1.093157153187986674e+00
1.030965206170533888e+00
1.032468487659918388e+00
9.873164591308672966e-01
9.844101807473133459e-01
9.360616553171672294e-01
9.325289120007123067e-01
9.678833403590363371e-01
8.402175509450503510e-01
9.180340529776631620e-01
9.141315825897456948e-01
9.225639020884119912e-01
9.957221728003181616e-01
9.484974824132690330e-01
6.929653639057200554e-01
5.840401149750539256e-01
6.045888064653077709e-01
6.227792187770925247e-01
6.627594734132138399e-01
7.876890545830010915e-01
9.440610233516357752e-01
9.356263657083376817e-01
9.122205721806994072e-01
8.780991229397270281e-01
9.838572311539844906e-01
9.225543837811128745e-01
9.026140939898041893e-01
8.345183695905603605e-01
6.991778420148686557e-01
6.532782384730208003e-01
6.462561224819461936e-01
7.160958708640505765e-01
7.076245664686744430e-01
7.047048147867471801e-01
6.827034004368212061e-01
7.937346106298805992e-01
8.239892508450032960e-01
7.861513449582461233e-01
8.305905996920227574e-01
8.088552370090176247e-01
9.718256802266624916e-01
9.729058342434979689e-01
9.978475084144219354e-01
1.021086719172403567e+00
1.160278358914065056e+00
1.135103022012429852e+00
1.148880148598312001e+00
1.052852055867629533e+00
9.545290283920266905e-01
1.053262278867108881e+00
1.043721373705945643e+00
9.787251602151947338e-01
9.801352398253116993e-01
1.018624609161901340e+00
1.086848685203293696e+00
9.408063061227824875e-01
8.309367650728559651e-01
9.394632876493878015e-01
9.315589204348774244e-01
9.016993257934730055e-01
9.463137171075263199e-01
9.948669547148044634e-01
1.095798377732382756e+00
1.016940762640203610e+00
7.344614586404046852e-01
6.322948535907997325e-01
5.926085865538528452e-01
6.489225012892390065e-01
6.350130441729801012e-01
6.809342293075986152e-01
8.630865736624873108e-01
7.798256015806137587e-01
8.315901491726720440e-01
8.393833891649868928e-01
8.628122537742709541e-01
7.996147312174113342e-01
7.039637530851499125e-01
6.888147098867309914e-01
6.107326483918371629e-01
6.060561091491619701e-01
6.471573729928561391e-01
6.433616911705954955e-01
6.201397566682224083e-01
6.785869358391115602e-01
6.672157528360771472e-01
6.929188263348043941e-01
7.483737256057894083e-01
7.981064131870586609e-01
9.324238021730315573e-01
9.948196409357628056e-01
9.236535296160882647e-01
8.937268436222165491e-01
9.633828707442929629e-01
1.053002002244845858e+00
1.098061517218373195e+00
1.232929656853009259e+00
1.225819922442632715e+00
1.205225099768870711e+00
1.070790605584444721e+00
1.009034778088925055e+00
9.603074913825299097e-01
9.656438045923425584e-01
9.167161297127337516e-01
9.476647945594189881e-01
9.660132071236963158e-01
9.833926625551753231e-01
8.967920378864849829e-01
8.465585667833318562e-01
8.787422463688443486e-01
9.263039190470273576e-01
9.944034773632988156e-01
9.796012125397839387e-01
1.068642579299807327e+00
1.117259383009413742e+00
7.291154469616285549e-01
6.826642763346141285e-01
6.181590924207631677e-01
5.973667461117433408e-01
5.191258142377995766e-01
6.548408018693804289e-01
7.091845711112293449e-01
7.423915963067908574e-01
7.861496215795203968e-01
7.432962497226479615e-01
8.052155019615010456e-01
7.479247782735662931e-01
7.584713870736112806e-01
6.839058832314912628e-01
6.443945756746594089e-01
6.059732162702501368e-01
6.968341468119855220e-01
5.492048089409571343e-01
5.636611281201624468e-01
6.032946716225788819e-01
5.636711360262072201e-01
6.036321789716729835e-01
5.868395870136097203e-01
7.492152677801594551e-01
7.932778156603147446e-01
9.104192277094765862e-01
8.991428213197967256e-01
8.654669507349974644e-01
8.569813881020220681e-01
9.450306063022659853e-01
1.076189850158494332e+00
1.153430578365513881e+00
1.220660301497483502e+00
1.136684505586776472e+00
1.162426339310721479e+00
1.043081382181744843e+00
9.400045271438022265e-01
1.002570705815466923e+00
1.028026809967166333e+00
9.761636801676768505e-01
9.414570492963461046e-01
9.921237720869854337e-01
8.881702536021999217e-01
9.251888013921358844e-01
8.469523086053870609e-01
9.108100692322060876e-01
9.692104425117366029e-01
1.069608949913972706e+00
9.869825063852848412e-01
1.057588447393092546e+00
6.921793740698579667e-01
6.641057785325822360e-01
5.746467115124064273e-01
4.924940643871800194e-01
4.983671752690032042e-01
5.642394610932534027e-01
7.130380334174210022e-01
7.252492897473991063e-01
7.310627215342545560e-01
7.660326992985108108e-01
6.699727014254209800e-01
7.336616819184370586e-01
7.640139837227523101e-01
7.500433368709472637e-01
6.608051257343572349e-01
5.699014992987460060e-01
5.417219743275484278e-01
5.493022900629592753e-01
5.710120026230913748e-01
6.321275949820039930e-01
6.708061227686362704e-01
6.710794003464560786e-01
6.565547208695817760e-01
7.252711006800295346e-01
7.682839294776110384e-01
8.868104028027996577e-01
9.122185413469597881e-01
8.933857797096351749e-01
8.252776523837416223e-01
9.703258812940022127e-01
9.626162511662286203e-01
1.134701304781720488e+00
1.207809166499236531e+00
1.079676465220399173e+00
1.084168960725101272e+00
9.760474217526162732e-01
9.597879783455663949e-01
1.015605112574283764e+00
1.008248201174073433e+00
9.140466053961600057e-01
9.453249539290144998e-01
9.614424585591310191e-01
9.293519993315182415e-01
8.597014946003198599e-01
8.559684011935385639e-01
9.176311076541592282e-01
9.602295228383591619e-01
1.116770744463364329e+00
1.075830598713026554e+00
1.046013815128636226e+00
6.889394123223817612e-01
5.787101078188746639e-01
5.663281746346452428e-01
6.048308776763832162e-01
5.148382840552350181e-01
5.853772014007496693e-01
6.943667850053028001e-01
6.193649657350974724e-01
7.567252912791800901e-01
6.763136723576562703e-01
6.565809355427374427e-01
7.096810126094631466e-01
7.118704473195923699e-01
7.425586443767844269e-01
6.749457835027035113e-01
6.302786820780513777e-01
5.822632635469386919e-01
6.525314962277015685e-01
5.285013269035951922e-01
6.242386071311261109e-01
6.491534476533461495e-01
6.227839085959587795e-01
6.227535729772332163e-01
6.643170089987545657e-01
7.782426604814026705e-01
7.927091460032513748e-01
8.420856108169728627e-01
8.735516073239326662e-01
8.151922269349943795e-01
9.554461809865154587e-01
1.122151663232185070e+00
1.092686111673003779e+00
1.163444099946150168e+00
1.083892781037115061e+00
1.069680133834603586e+00
9.995412659160048952e-01
1.098203219459694902e+00
1.029055066236609361e+00
1.038376483971558795e+00
1.008231572221297112e+00
9.157804371075639605e-01
8.169430843486991112e-01
8.936051037613643722e-01
9.247244873984280522e-01
8.810517584323767082e-01
8.914973804307350091e-01
1.021933500293222830e+00
1.116265590575948208e+00
1.147186393455160269e+00
1.108710470929271663e+00
5.958346389434148183e-01
5.126181116816601602e-01
4.349976828812920360e-01
5.066095402656709545e-01
6.319855120800204062e-01
6.477397530002766413e-01
6.516798680606158412e-01
5.726256671132474718e-01
6.039484610550563959e-01
6.321354934784442214e-01
6.314609905193869777e-01
7.110151914454473365e-01
6.989162970333597791e-01
7.355823672074477404e-01
6.849185522306654450e-01
6.375351907540245389e-01
6.877902190234429503e-01
6.100553209804198129e-01
5.754963162094967055e-01
5.334348043118859461e-01
5.946031225617179894e-01
6.664661211167740573e-01
6.906347100131299266e-01
7.400071521937688912e-01
8.217759470448020576e-01
8.524881409239900565e-01
8.935823059239407229e-01
9.062700331933613018e-01
8.545770425850599539e-01
9.805186896413603526e-01
1.113415552100121886e+00
1.070307097152064957e+00
1.107300847913470943e+00
1.144505800103043480e+00
1.072309764642124685e+00
9.863936274038490604e-01
1.037991901926207827e+00
1.122222043297528726e+00
1.016191130306654866e+00
9.793629053822089370e-01
8.820445724076828586e-01
8.398512521369506656e-01
8.871791777439943516e-01
9.896761896741497200e-01
9.167916981367046914e-01
9.102080620653232312e-01
9.580913522473610833e-01
1.001422394329827270e+00
9.928826603301568188e-01
9.911358088265272981e-01
5.455998940689830157e-01
5.002823756471442840e-01
5.366889268861325668e-01
5.021095221977429635e-01
5.366170130714817965e-01
5.529401109526115299e-01
5.885416067672499807e-01
5.639662617736029837e-01
6.162161117424920231e-01
5.781372664139662332e-01
6.662686012086516119e-01
7.346202483901148605e-01
7.052760787521529240e-01
6.720098996480212694e-01
6.790283808895204443e-01
6.214008170871797576e-01
7.429113198753795055e-01
6.736515756751366713e-01
6.573463950534683686e-01
5.459453195161922956e-01
5.059681799304371896e-01
6.529840879705803847e-01
7.348632243797597052e-01
7.340419068296152316e-01
7.743838963220140981e-01
8.028000786628802787e-01
8.747823546900574954e-01
9.453250283516008157e-01
8.560837063821709059e-01
9.768302566210275151e-01
9.986372953422641974e-01
1.014597005061282031e+00
1.050348958684381717e+00
1.003039085461262525e+00
1.166495302791985322e+00
1.204679366547074748e+00
1.162670422695887718e+00
1.149393214821999409e+00
1.009216886241693922e+00
1.089632005662615644e+00
9.747339638996090905e-01
9.137048722848133409e-01
9.896495556429887319e-01
9.978829829596066459e-01
9.210349000671957942e-01
9.104617460388453321e-01
9.138002782028448179e-01
9.459133960286885134e-01
9.823705099762765069e-01
1.003152333596716073e+00
6.213733426633903933e-01
5.598750522205316882e-01
5.913646069098648095e-01
6.409405213836644188e-01
5.192111033479979154e-01
5.759778869432570225e-01
5.204316042755275928e-01
4.738036523110311649e-01
6.281966383893496930e-01
6.856263774756853335e-01
7.165086128976541069e-01
6.954776561605766627e-01
7.718482013644077933e-01
6.435717662644864223e-01
6.570253520169035966e-01
6.905751879817533245e-01
7.744746193799079137e-01
6.415529638517660782e-01
4.660551664107011050e-01
5.145806908138376157e-01
5.625872831218596826e-01
6.423985108894473273e-01
6.566584945531293016e-01
7.100457718904229498e-01
6.722597390401642281e-01
7.814342086021092149e-01
8.917304358617234028e-01
8.703721170162592724e-01
7.832704274505748465e-01
8.758097205297002974e-01
9.293008852843274159e-01
9.688973166273178173e-01
1.074015412560908267e+00
1.085034740776873674e+00
1.256444122603135982e+00
1.259267446070911678e+00
1.153485713883003916e+00
1.187901199915292194e+00
1.107145225527196297e+00
1.052787207801713976e+00
1.031534110917735836e+00
1.000643771164731355e+00
9.184268147283585204e-01
9.039132438145895954e-01
9.713858446971598282e-01
9.465867997654890953e-01
9.680231223289311737e-01
1.016965993869654694e+00
1.099274641025968613e+00
1.018422927328734851e+00
5.759950989174043023e-01
5.346447495021209306e-01
5.438678299697360385e-01
5.272134856339184550e-01
5.305441864045310485e-01
5.288078318011679713e-01
5.503541631699430114e-01
4.831012134402398184e-01
5.445234562940448608e-01
6.555195160582374392e-01
7.257790371908535709e-01
5.960938622172731183e-01
6.245838964989588460e-01
6.217628211947208161e-01
5.321744672799519904e-01
6.419212075348711410e-01
7.276991236428614895e-01
5.291829955982835232e-01
4.075597991470731318e-01
5.187981394630521992e-01
6.218417891998569980e-01
5.701914912510767097e-01
5.707849607281194615e-01
6.706897898106324307e-01
6.818823547294824428e-01
7.223330242811198953e-01
8.841518399570409414e-01
8.719822618710305617e-01
7.417135370972048891e-01
8.324308977978013280e-01
8.259202081787364591e-01
9.712700612840875491e-01
1.098189103116562260e+00
1.163769703493945817e+00
1.265887969234115396e+00
1.351495421795427587e+00
1.289092726406649403e+00
1.195105075429934161e+00
1.081799467336120424e+00
1.072147030350529606e+00
9.877440910824427656e-01
9.015581690295144668e-01
8.840035878572781725e-01
8.139455351048309195e-01
8.307998010514818787e-01
9.366378249098824549e-01
9.504582919555234488e-01
9.912473202885209167e-01
1.033503471771211268e+00
9.106674866544830493e-01
5.659383487512505972e-01
5.378086386814565634e-01
5.223842346399664160e-01
5.338187306094694939e-01
4.103927366374199304e-01
5.702918238455346733e-01
5.293598998312853965e-01
4.417884154725336687e-01
5.171093701751893201e-01
5.223872809957180730e-01
5.907765921639301920e-01
6.049522539416463118e-01
5.140671999556469807e-01
5.801091276841484623e-01
5.667655184425248738e-01
6.116347985789569730e-01
6.313286430504688740e-01
5.699199919467075048e-01
5.580907318032238829e-01
6.000728444424061614e-01
6.317182161620454872e-01
5.643646317390083045e-01
6.016831253174544925e-01
6.149881332640563247e-01
5.925949641069934160e-01
6.905230829397566161e-01
7.345997209456225363e-01
8.414291319684686909e-01
8.019085951721393046e-01
8.222155347318673702e-01
9.102021718719549570e-01
9.629236922201838134e-01
1.056886111081480228e+00
1.213607886925898161e+00
1.190037076340703770e+00
1.212712382121680088e+00
1.214893782646695897e+00
1.203579211254693915e+00
1.125540024512823534e+00
9.929535736537083990e-01
9.022552129562928513e-01
9.637734974662445220e-01
9.072333962905209104e-01
8.200627507484190559e-01
8.127182231608373053e-01
1.075263263903948774e+00
1.086783799453778343e+00
9.436202968390602352e-01
9.275762442201969105e-01
9.468812131604746885e-01
5.309672374730984856e-01
5.817032780805786452e-01
6.321658528863673965e-01
5.519092479428348019e-01
5.168907088675350758e-01
5.160822073153410461e-01
5.518114238275111383e-01
5.794991275735503766e-01
5.864666940851889221e-01
4.987085563231291596e-01
5.737611518173301173e-01
5.343087538118890256e-01
6.205961001107817010e-01
6.165736686136438216e-01
6.552784792296262317e-01
6.309760047615572409e-01
6.189437268973867479e-01
6.242317275215184535e-01
6.083410660600233610e-01
7.009318123433647685e-01
5.979220543345763472e-01
6.269395407386574304e-01
5.841292070686815441e-01
6.445580935373933507e-01
5.434245968040734009e-01
6.988083704401740759e-01
7.244175601477248483e-01
7.180596625368079744e-01
8.182736070321421362e-01
8.403136160204460747e-01
9.174104671681525547e-01
1.040324875161821927e+00
1.025529066026271696e+00
1.076701637785421939e+00
1.133133207194396919e+00
1.182413448376319565e+00
1.135809465998881773e+00
1.088399381764911356e+00
1.098992056159317832e+00
1.059967161468383878e+00
1.048175499735019445e+00
9.706946635620364860e-01
7.910446038832982252e-01
8.503781846896371066e-01
9.355010017933145239e-01
9.380903608289324902e-01
9.972366761313153916e-01
9.718073773429817264e-01
9.553422996724476590e-01
9.135393575289875168e-01
5.641252204791833424e-01
6.190658620012494673e-01
5.236242125657926128e-01
5.869914951816571635e-01
5.368142933594529653e-01
5.804583728261598630e-01
5.434767999761712653e-01
4.807270053032692281e-01
5.888701863072004494e-01
6.447099918533634177e-01
5.044595236423828899e-01
4.778423674777010355e-01
5.675144454782177217e-01
5.561737352689030134e-01
6.483337316857389343e-01
5.992558594225295687e-01
5.861548563100240639e-01
6.232157864800011993e-01
5.228725022907243503e-01
5.822880379114798721e-01
7.048044179719744617e-01
6.857570905983957354e-01
5.909706376926331384e-01
6.610098389861472912e-01
7.471178356856024161e-01
7.968033170901798190e-01
7.391469513973153438e-01
7.219048134866230537e-01
7.706577121744342396e-01
7.855118961876883521e-01
8.890165892303262263e-01
9.167222923100850629e-01
9.342517056463688352e-01
1.022763478714807439e+00
1.041731295726709750e+00
1.073635835465289734e+00
1.189523602440196060e+00
1.137563931972180642e+00
1.159480342709661382e+00
1.120450716642364064e+00
1.087495220114565564e+00
9.154195843377850306e-01
8.326345954085582202e-01
8.448986716730503277e-01
8.744481746811179068e-01
9.041620798950423810e-01
9.462609188235499014e-01
9.363724971663196506e-01
9.655889031535059841e-01
9.159432516719659967e-01
