5.742928108176034163e-01
5.194365659096602528e-01
4.715984159722775293e-01
3.862063242661143425e-01
4.395938423815132778e-01
2.679811713670487427e-01
3.859360274685053049e-01
3.243178128755390133e-01
3.403240993324487818e-01
3.158171522318943270e-01
4.128168384559842696e-01
2.588133527813317736e-01
2.307881914039986437e-01
1.989710671834761802e-01
2.751157408525038983e-01
1.917892707405225994e-01
1.757231869634297838e-01
1.101036036993053302e-01
1.108641245149530746e-01
1.498329780342728956e-01
6.898591837290705964e-02
1.485309954248165698e-01
2.092782272679326039e-01
2.405798281883249623e-01
2.994155988944818825e-01
2.450234346323116319e-01
2.313845761912504406e-01
1.605459103441234658e-01
1.383614107189940490e-01
1.730655706206034594e-01
1.206649424307091600e-01
9.017454788032584767e-02
3.976575986203032681e-02
-2.079856015954403836e-02
-6.783944231560903870e-02
-6.736445708148175449e-02
-1.450040042895152093e-01
-1.255001656038502167e-01
-5.607141368347182131e-03
4.697300715678288940e-02
3.246019078161988675e-02
-3.095612492407506106e-02
-8.315924620947949542e-02
3.818715329550982640e-02
4.100812858479465500e-02
-4.859620412187785898e-03
8.737395516834861597e-03
1.570612520214433316e-01
1.623843495368074985e-01
2.027438522390545006e-01
5.643837124346851031e-01
5.018838105033275321e-01
3.981996147666509445e-01
3.674480376470705134e-01
3.521297309712952406e-01
3.554703229257953345e-01
3.958554244655653198e-01
4.126838783228274354e-01
3.865216226461583027e-01
4.116526126005616293e-01
3.386742013214008029e-01
3.567839432506734743e-01
3.101811079146292727e-01
2.499044336296313562e-01
2.725423044216478963e-01
2.239186936730952759e-01
2.445451139207790447e-01
2.606108868404593548e-01
3.123338082936553683e-01
1.541120366499832417e-01
6.556183520585652513e-02
1.063075282451015763e-01
1.889164746594268474e-01
2.801351305563901661e-01
2.984467523495176744e-01
1.572349106067345570e-01
1.569568271176982610e-01
1.929676459099545494e-01
1.752004110366897349e-01
1.978942023401502048e-01
1.342181527654229545e-01
8.107813811816966254e-02
4.923897297502476122e-02
1.940428135222266315e-02
-2.078624583177135499e-02
-5.221361156130441272e-02
-1.221847978590549499e-01
-7.143190811859398415e-02
-1.087271026443841979e-02
8.353360212814443797e-02
1.126609589431373515e-01
4.678841491608749098e-02
-9.364202456232631824e-03
-1.038692095099466584e-02
4.343478368348357294e-02
4.019430071029511664e-02
4.561298874688030774e-02
1.197158355911064065e-01
1.284017510533385642e-01
2.079269766312104861e-01
4.972296286627459483e-01
5.288411886654889038e-01
4.629718779196663747e-01
4.349462081962428561e-01
3.393138840554085212e-01
3.754953043617360597e-01
4.403932954074525341e-01
3.833028633571115007e-01
3.826479028315621367e-01
3.908404675750494217e-01
2.985562633303633917e-01
3.394388620899905229e-01
3.663266725173803251e-01
2.704280624761059015e-01
2.894661692768614736e-01
2.059943872597330139e-01
2.444716228256418322e-01
1.889487796431309763e-01
2.872768578734256062e-01
2.277315140971082341e-01
1.517022817419390601e-01
1.099198258997406558e-01
2.428806803200834197e-01
3.672091497974688812e-01
2.007127509934403531e-01
2.373563090862286784e-01
2.823644557265353461e-01
2.527341673825214130e-01
1.550339711651139152e-01
2.087589086931962157e-01
1.485464498313834314e-01
7.180911289577118772e-02
-1.147790759549714712e-02
2.835551430225437611e-02
4.238839296352836516e-02
-4.319200826392445569e-02
-3.041848762971591930e-02
-8.065004359994516758e-02
3.602554503206463477e-02
8.274137296743411252e-02
8.690510514931433506e-02
5.938358136238111595e-02
7.734796439005456326e-02
8.859453378678741609e-02
1.029190073953212270e-01
9.439642203534397147e-02
9.947795488653754514e-02
1.558309220202755141e-01
1.792617813322442688e-01
2.411254962761195386e-01
4.798547618634509959e-01
3.587050826146971905e-01
4.589253268132341690e-01
5.424442371935815910e-01
4.690418267148203091e-01
4.259334475469737646e-01
4.176442939095863505e-01
3.939935312473527018e-01
3.832325556807966715e-01
3.074097982492646763e-01
2.824039152379092532e-01
2.591542030972032729e-01
3.103038377470546116e-01
2.745178901604002908e-01
2.880185251050609296e-01
2.414169820281611978e-01
2.846178530065985313e-01
2.663498088693332377e-01
3.821148015507258022e-01
1.984866885658873870e-01
1.492507598254526890e-01
2.211859704224643508e-01
3.981770475856287739e-01
3.487386384540858697e-01
2.924553439581838998e-01
2.651613931633079457e-01
3.457465490802839603e-01
2.694321779412064410e-01
2.529178065502192818e-01
1.935426782942023527e-01
8.359466027116307929e-02
7.566797269819473815e-02
6.529296235733288156e-02
1.190040769336740967e-01
6.796673782140459641e-02
-7.315611962317350447e-03
1.898866937695839474e-02
2.283473887250823953e-02
6.845255183268755816e-02
8.797434587838418030e-02
1.575421743921484319e-01
1.461978114605327894e-01
2.330670418667691313e-01
2.414853210626677349e-01
2.245556379594387808e-01
9.598555766664740307e-02
1.634385052812812600e-01
2.089380303057679078e-01
2.677229466332115559e-01
3.305686638736449745e-01
4.206744151653732944e-01
4.503563006912767452e-01
4.400676305933912125e-01
5.903937370525619288e-01
4.549220860419826429e-01
3.413828149575808824e-01
2.825295130498745588e-01
2.801332690403420811e-01
2.461407637950083771e-01
3.624862211527683509e-01
2.878681722772817864e-01
2.029061307484043564e-01
3.074610234569792877e-01
2.636944000283893974e-01
2.072613788136253854e-01
2.896033457684459300e-01
3.296931885328894252e-01
3.022662186229055359e-01
3.883477133977177864e-01
3.040543435774676340e-01
3.433930548846718667e-01
3.635188735160235773e-01
4.748581246777460185e-01
4.221531083736950740e-01
2.980274310768312729e-01
4.339695426945011647e-01
3.516878879751762499e-01
2.998485512269603581e-01
2.235660371377911071e-01
1.751626942636650974e-01
1.409876103760435984e-01
1.250742935982961102e-01
1.532988447019321132e-01
2.337061060905753496e-01
1.450038656254859226e-01
2.524429661553194426e-02
-1.454343345036123586e-02
7.915709377414745229e-03
-1.694131475973410794e-02
1.216355706883859022e-01
1.424961700049324764e-01
1.761046665249300924e-01
2.339787760048603338e-01
1.824656702554139365e-01
1.548544931808783776e-01
1.936515879161843090e-01
2.402997348539606115e-01
2.390809019799659541e-01
3.849974276636892179e-01
3.032284018432178652e-01
4.097385407673815871e-01
4.189311566823887834e-01
3.020185887683211057e-01
5.080312928904857639e-01
4.560289435275260428e-01
2.988204338666488602e-01
3.717231054525083622e-01
3.347264239991691315e-01
3.230671558420788458e-01
2.901427103048427325e-01
2.821067167635543105e-01
1.766715317326338908e-01
2.747620628769791851e-01
2.470192548575269598e-01
2.574972303284540631e-01
3.570871533270385534e-01
3.732942800342220480e-01
3.836994509178969226e-01
4.065322094025063393e-01
3.542672248498776599e-01
4.293404889600899721e-01
5.245446220731206921e-01
5.435578165387278116e-01
5.232156822571444321e-01
3.956477411882744488e-01
3.587681396664557099e-01
2.742080001229977304e-01
3.338445611402462987e-01
2.517100826806297209e-01
2.826414437463215523e-01
1.780384072464203105e-01
1.522919345744794817e-01
1.879064735814076625e-01
2.516216346342768362e-01
1.828940944083853881e-01
1.072553184783406888e-01
5.297975380314239729e-02
4.841082172633601188e-02
-1.502690771714394746e-03
8.679388272997783094e-02
1.310357440712053567e-01
1.706265558980413488e-01
2.245473727033860945e-01
1.697710946995421022e-01
1.770945206319283760e-01
1.978275696603751244e-01
2.671397409996508765e-01
3.384018647894111442e-01
3.066725861528291075e-01
3.473237732186089111e-01
5.315074441665970095e-01
3.659166350977258730e-01
3.176209664311196446e-01
3.430271952529110879e-01
3.565360376140010445e-01
4.212550631887309605e-01
3.852446181219438270e-01
3.220191399741557658e-01
3.463067343211182481e-01
2.772540065080484895e-01
3.191442698017322721e-01
2.834307139963237465e-01
3.535851034226433764e-01
2.866532555224535206e-01
4.719915258315313666e-01
4.825615692290492476e-01
4.875543442067968858e-01
4.571082899282269407e-01
4.095278326147399062e-01
3.817678520208520054e-01
4.461627626633620225e-01
4.722637810365029054e-01
5.308622818590775783e-01
4.606287931276142333e-01
4.471249531829710189e-01
4.290111239012615041e-01
3.189242998286316855e-01
3.770847145143016999e-01
3.132326371387444408e-01
3.456948854111306924e-01
2.910374465210054384e-01
2.975158725788997760e-01
2.102426551828656676e-01
2.215027090007365140e-01
2.734071587501544776e-01
1.530248850629233881e-01
2.361815418591428628e-03
-7.039336337371943086e-02
-1.345316953921657233e-01
-1.118130364321054532e-01
1.137393863597835342e-02
1.749838205300890126e-01
1.689447842020522783e-01
1.936116482938443628e-01
1.927441466115295543e-01
2.235668697123060766e-01
2.626635903909615988e-01
2.973350968144262141e-01
3.395139059785637348e-01
2.764644739307389742e-01
5.420423780623803145e-01
4.816128131560968861e-01
3.799059271772600721e-01
4.026366221930866574e-01
3.560670480949948979e-01
3.587174507592476025e-01
3.755630230756615839e-01
3.440461324443363500e-01
3.144628410811456942e-01
2.802036973989411317e-01
2.831415656024376948e-01
3.712293262857658815e-01
2.795843308850183839e-01
3.723615657433122506e-01
4.429836081652131496e-01
5.300007974647967801e-01
5.429639938630823615e-01
3.512131351397247414e-01
4.168953981042941015e-01
4.371706853741199605e-01
4.545541197068572736e-01
4.513867577392887687e-01
5.227852963619075144e-01
4.662265523282714264e-01
5.477600380776405098e-01
5.023128366395657185e-01
5.389032437855172386e-01
4.113961712404399229e-01
2.890207605503680166e-01
3.599507569540326690e-01
3.832800451305400369e-01
3.318861997385155749e-01
1.947767998230449660e-01
1.872045921527137891e-01
2.286941112283215061e-01
1.338614388815589917e-01
2.117171273205751408e-02
-6.746058933654595913e-02
-1.540474163102411309e-01
-1.341121329739373702e-01
-9.710656680751748870e-02
1.451134161246863674e-01
1.447957093472790058e-01
1.993403098600552981e-01
1.549006266789456909e-01
2.456387284112557801e-01
1.655539611164831837e-01
2.872064873432195742e-01
2.959805008016054284e-01
4.014033302704954620e-01
4.422262391507766344e-01
4.491013131026849736e-01
4.349143473500487467e-01
4.704399203959568898e-01
3.874362514146614811e-01
3.750322437289690947e-01
2.533859508333489718e-01
2.497129335109678494e-01
3.010532760868209756e-01
3.546354513649170870e-01
3.238398228762854325e-01
4.530499159055824121e-01
4.928911654322717384e-01
4.567403419118731267e-01
3.544835067827685759e-01
3.577960156791644697e-01
3.808157908289910853e-01
4.386505102739572948e-01
4.474415913148053758e-01
3.440134673880005933e-01
3.984513124067911027e-01
5.305117827547716214e-01
5.044164837256596146e-01
4.713573918745312397e-01
6.224081727363358629e-01
5.792710865771211193e-01
5.100259358838776791e-01
4.596526595677982718e-01
3.862621240716880844e-01
3.527634966418055074e-01
4.208445159688694037e-01
4.026135899092737058e-01
3.293288374718642553e-01
2.421154140032207303e-01
2.628225554694497701e-01
1.596416163843837055e-01
8.362580953928303029e-02
4.024293954693740349e-02
-8.133055198525793172e-03
4.515106274139284864e-02
5.746182423557352065e-02
2.883273087132535994e-02
5.326345403419882607e-02
2.004000153835255316e-01
1.801576781774128500e-01
2.243576709769398159e-01
1.806723659211348920e-01
2.993865631044653752e-01
3.101745788669638682e-01
4.416528503629212343e-01
4.077049618116662666e-01
4.820796647823692438e-01
4.970254966838553723e-01
4.247361347442585311e-01
4.519024099788755966e-01
3.299363007256216895e-01
2.419221459381835082e-01
2.960523466995689246e-01
2.880506857223172901e-01
3.088769994363667060e-01
3.468087750203381892e-01
3.720332222159784541e-01
4.919410877419670425e-01
4.831303789569127982e-01
4.010659567918663515e-01
3.656592506083936045e-01
4.052846081034894854e-01
5.176118278488426316e-01
5.135138688631385451e-01
4.187038446534177005e-01
4.817208477760135943e-01
5.092421064229361027e-01
5.096313492628300468e-01
6.274826876040521251e-01
5.998144164632172037e-01
5.569159070188887117e-01
4.190826182129374078e-01
3.545706324841879642e-01
3.975665271382009536e-01
3.567356165136770230e-01
4.179153733522566472e-01
3.432144844290505592e-01
2.844024266920935906e-01
3.012649616149778442e-01
3.368199170632940054e-01
2.672805396992491422e-01
2.380320750552857301e-01
2.403961009305049246e-01
2.062791526038384726e-01
1.028668145903737646e-01
9.144454611804336830e-02
1.152191374100380306e-01
1.007969890091355708e-01
1.871514192661982157e-01
1.247768580410075212e-01
1.398640683774494964e-01
2.287194243662224458e-01
1.660013225803523285e-01
2.209752693338851159e-01
3.330799292165888548e-01
3.184141793605262949e-01
4.060551669692270549e-01
3.938510070944259978e-01
3.864219095577838825e-01
3.676210103898944759e-01
3.349376469398397949e-01
2.619528131747557720e-01
2.837760710234277228e-01
2.654216647383473293e-01
3.307201859149146994e-01
4.434122009647240570e-01
4.456169779591669378e-01
4.792538259523719257e-01
4.112138729339424592e-01
4.451762612965358690e-01
3.852503556040915433e-01
3.887573919409805234e-01
4.977670091468509583e-01
5.152704874730940077e-01
5.496777322337428329e-01
6.062390390884011548e-01
5.436687622496005901e-01
5.651605398925066970e-01
6.866007883416538338e-01
6.749625606264531008e-01
6.072171592287434194e-01
5.539757326025297468e-01
4.180742265566032012e-01
4.355383598641459630e-01
4.841016837315051946e-01
5.201449367389989753e-01
3.804539849913114447e-01
3.306937033453545838e-01
3.577119156589014803e-01
3.403313055571896006e-01
3.031665520812317771e-01
3.317649028059441174e-01
2.829599685662524400e-01
1.513354728956664841e-01
1.613315219443696158e-01
1.204023458138331198e-01
9.164027473557015413e-02
3.772158924610713449e-02
1.584650545894392693e-01
2.873447186080405058e-02
6.664588639869684084e-03
9.245502695257389048e-02
2.043001789603568485e-01
2.955521436961507931e-01
2.536592106500332178e-01
3.131452619258677794e-01
2.633419904790731403e-01
3.692375392630196096e-01
2.805138272364587904e-01
2.976365952887380928e-01
3.518732689624650689e-01
2.968228394576311047e-01
3.704946375352277110e-01
2.991271093513988011e-01
3.728155127082916076e-01
4.721813663814402040e-01
4.664221607219994348e-01
5.358154814975348845e-01
5.083329564764378361e-01
3.829583712761257530e-01
6.105770794475727792e-01
5.659346817328793078e-01
5.592610008913921904e-01
4.972859081313825147e-01
5.642330444042414905e-01
5.745517131261003163e-01
6.216541955342169690e-01
6.510265301900565182e-01
7.768090010752234376e-01
7.290308333713815259e-01
6.869614005026635217e-01
6.221833110352106289e-01
5.284586496276957313e-01
4.961059966463030046e-01
5.687051974910221075e-01
5.694569502387691884e-01
4.396519320833784383e-01
3.357753955578235971e-01
3.487227470416172093e-01
4.092046488610037169e-01
3.633086742191370955e-01
4.288369009189896275e-01
2.882270165104033888e-01
2.243066990591395804e-01
4.798509467840111897e-02
4.761035131523567998e-02
4.230648958041352548e-02
7.793284930973931601e-02
1.718009900334309392e-01
9.139193753354971084e-02
1.377792307533227123e-01
1.779491204046518560e-01
2.712240197604430247e-01
2.606553745602983585e-01
3.478092675648875032e-01
2.202731186869734126e-01
2.747414774287612049e-01
2.437431342105562393e-01
2.349290264155192154e-01
1.955138655901038358e-01
2.461776279458800509e-01
3.154308864191003869e-01
3.406051962256338439e-01
2.827600419884600536e-01
4.413552993357718890e-01
4.934071196768933243e-01
5.617871357120309828e-01
5.961464646972993719e-01
5.184702093459244709e-01
4.132219150242899541e-01
4.829571694533255632e-01
6.164756620979195967e-01
5.341824103044656713e-01
5.834261668040178206e-01
5.578611642263144876e-01
6.181600845227877006e-01
5.553255698369992110e-01
7.113368131124263583e-01
7.473390887116863057e-01
7.855650471646339339e-01
7.346888475158762644e-01
7.079928886725841419e-01
6.175292524988577059e-01
6.198427250857586612e-01
5.197109539824604774e-01
4.677857872601619560e-01
4.765839814129214091e-01
4.088106312055508895e-01
3.827104705678933683e-01
3.899385892538579923e-01
4.187407271323982383e-01
3.600453126857207087e-01
3.262018295421257319e-01
1.775696986846222181e-01
8.089609314236773097e-02
1.132436298553756437e-01
1.527980229793125533e-01
8.770403172074477116e-02
1.814613794595690555e-01
1.164170214347373666e-01
1.999897836704045140e-01
1.304668752757028316e-01
1.625681142920369915e-01
2.166815626704475251e-01
2.780454082819980299e-01
3.148642599839792666e-01
3.212523046864084186e-01
3.511059110123369020e-01
3.397888464391189967e-01
2.598174948108167848e-01
2.566671520846267041e-01
3.591852030958988529e-01
3.614805878276488582e-01
3.648490685140281520e-01
3.659776184977836522e-01
4.631723764792229914e-01
3.840941722648834045e-01
4.579991129579197850e-01
4.217498756774838431e-01
4.713082098585262836e-01
4.767106161826560329e-01
5.245566622843638172e-01
6.206999019184993305e-01
5.488808913860443450e-01
5.909052769009395245e-01
5.071032087845567249e-01
5.813522248793615566e-01
6.871203174586453244e-01
7.798280717636387749e-01
7.285562508247601654e-01
7.442916785090647469e-01
7.259947058709236289e-01
6.668004101124149763e-01
6.243673148289038410e-01
5.786323453571580178e-01
5.351365824413670813e-01
4.383973768113621494e-01
3.604381114172198197e-01
5.088741302456505355e-01
5.517271639645191517e-01
3.918051255633194785e-01
3.814647023196771070e-01
3.473070486857516292e-01
2.806566011871755029e-01
1.977982795206189581e-01
1.245434894365775591e-01
1.367928532004453190e-01
1.161308430222594557e-01
1.543891270014890738e-01
1.446141076797804181e-01
1.554106470701766551e-01
2.062485140779234671e-01
2.579417076481781979e-01
1.874048671186608339e-01
2.150437698757486360e-01
2.820370612687851386e-01
3.861997103059771064e-01
3.721759769844714127e-01
4.276738426166315499e-01
3.285622111371890308e-01
3.221856731395680296e-01
2.815154321822699868e-01
4.031228303764677334e-01
3.693893311188130579e-01
3.005667615967756445e-01
3.288494497263045879e-01
2.375777942382783781e-01
3.309187759132703466e-01
3.912319895709253648e-01
4.498008727394610107e-01
5.573447393686898899e-01
5.419877139438287195e-01
6.143679142091399425e-01
6.055976838998748946e-01
5.729010461466362836e-01
4.527917652879279720e-01
5.989197390422151823e-01
6.423617247737701819e-01
7.072419129402476301e-01
6.515167525068591425e-01
7.024682456670969799e-01
7.029627553220209046e-01
6.709399034085877789e-01
6.237918095362998683e-01
6.406663900202667072e-01
6.142071555351911183e-01
5.534416756107374269e-01
6.678571728584323797e-01
5.696640933312395738e-01
5.221557484457410858e-01
4.034085014745903974e-01
4.050043175989516131e-01
3.276224363514944615e-01
1.482989433781750077e-01
1.015089211613057901e-01
1.231553508179846351e-01
1.836507218117490459e-01
7.926924967237611308e-02
8.981218640754623506e-02
1.232323576500035378e-01
1.202277230530982843e-01
2.081480906426350086e-01
2.251492853829776264e-01
2.282935111316257148e-01
1.841130066973827861e-01
4.200300175397488900e-01
4.107069421890487959e-01
4.795953563679530296e-01
4.176002268294237707e-01
4.083028950354975484e-01
3.251831708798092468e-01
2.760248458799345328e-01
2.920951384438406073e-01
3.103546780918886583e-01
2.803362019948290040e-01
3.538391948443891932e-01
2.439932938466924661e-01
2.417847703395386016e-01
4.333076476413743050e-01
5.060610902582918236e-01
4.418100417674201141e-01
5.411003208101147210e-01
5.880316100944862345e-01
4.723910192086023252e-01
4.819589940410617390e-01
4.942565930698429311e-01
5.928204370703782367e-01
6.783879491691344743e-01
6.806146719277073043e-01
7.226315149115104530e-01
6.955258889813893397e-01
6.444155528612394157e-01
6.008714154700144361e-01
6.486122369833612344e-01
5.437330122324477433e-01
6.231154040893500667e-01
5.641749304782442964e-01
5.859930596462032959e-01
5.912020002139390940e-01
5.809490305345513805e-01
3.667690311634178579e-01
3.021786740328416543e-01
2.619448827533941149e-01
1.440252389613501938e-01
1.593778417876062226e-01
3.524508814451009220e-02
1.099169093574520889e-01
1.184609879203338129e-01
1.076128842387122087e-01
1.767457382777658514e-01
1.032514098159525995e-01
2.207611763781885117e-01
1.870353086350512173e-01
2.372496545477120744e-01
1.965911662942553817e-01
4.810379557355655145e-01
5.089157684679692650e-01
4.087324127760320058e-01
4.029229955767318350e-01
3.788770871871890433e-01
3.234300358939999342e-01
2.530999777145448992e-01
3.652965530457870647e-01
3.392649057512671651e-01
4.006014880714092175e-01
3.260352319889037176e-01
2.405360467984659079e-01
2.942685213778414854e-01
3.576006979158374843e-01
5.585717203684651411e-01
5.289403234111675900e-01
5.915438063811196967e-01
5.478116904931971121e-01
4.874556837550158561e-01
4.861223577393128936e-01
5.393416471945150503e-01
6.373494292130165162e-01
6.601830379486182121e-01
6.429566861547715284e-01
6.148152030938422996e-01
6.311318940425740820e-01
6.461759568728819847e-01
6.387571247423383669e-01
6.125364953553177338e-01
5.514522231779021011e-01
5.752670209942724044e-01
5.977577335765253963e-01
5.758958831851925808e-01
5.652090170571857364e-01
5.001854562626915079e-01
4.409086838820679977e-01
3.066366598055932369e-01
2.529311246175289241e-01
2.076450173694257273e-01
1.917180522111952834e-01
2.039583448207404615e-01
1.926939682849253266e-01
1.962132550435589651e-01
9.514898086759579487e-02
1.678998510534369382e-01
2.871103579704191722e-01
2.058474325939212424e-01
1.564399699413728806e-01
1.805750787092939291e-01
2.506324168860328827e-01
5.132389547177232947e-01
4.657459248463669543e-01
4.272159814566912628e-01
4.544132446678374460e-01
4.351377758222799708e-01
4.974139512819201192e-01
4.533865626015615713e-01
4.345631941911101137e-01
4.438565034337096926e-01
3.962525081313955089e-01
3.048918325395484352e-01
3.061884127688590529e-01
3.607257204527503647e-01
3.439679032549561311e-01
4.406282755167957865e-01
4.924323228290906629e-01
5.481371687327897257e-01
5.224513992672821239e-01
5.301800108223823083e-01
5.311725121437589348e-01
6.186760419724363080e-01
5.450913692310273007e-01
6.847327544497888718e-01
7.226856273957832366e-01
6.606663611195550123e-01
6.735534787412438273e-01
6.846316615229413038e-01
6.107543310068216380e-01
6.038849062001691026e-01
6.183539001622718745e-01
6.101896557647726871e-01
6.493719380124907126e-01
6.032033991747978163e-01
5.597424803066347598e-01
4.604099803415555581e-01
3.935607572988521485e-01
3.079375324361501298e-01
3.602413311772040272e-01
3.007660502247437306e-01
2.090288500602063837e-01
2.440187095444692478e-01
2.220878509365563636e-01
4.316311833115701879e-02
1.267707785683437061e-01
9.734188342540343875e-02
2.189981991828505170e-01
1.574266752015289761e-01
8.360504897405052205e-02
1.730552687380340349e-01
1.292104108037666066e-01
4.693187523554865348e-01
4.776163298653002265e-01
4.977988423016185826e-01
5.281389594881855665e-01
5.114058558325372816e-01
4.743210415045583939e-01
5.841354875888612463e-01
4.873220272147384402e-01
5.551363225981297278e-01
4.373201043038493219e-01
4.398510575271493694e-01
4.493648774555535352e-01
3.616920430056633218e-01
4.032800095665231566e-01
4.797033088103863641e-01
5.399344674862314175e-01
5.342089395255230633e-01
5.543938576361205905e-01
5.340609089398693499e-01
4.985474026134715242e-01
6.132698551902929784e-01
5.872334874779938652e-01
7.215609348393708933e-01
7.520717501824368822e-01
6.646836442646623100e-01
6.603419548877618173e-01
6.429300109085033244e-01
5.787150675978329772e-01
6.204351874256012200e-01
5.962048075510644196e-01
6.965259173711695340e-01
7.018203138129063268e-01
5.827853619107953298e-01
5.332712550900705617e-01
4.546941848611943948e-01
3.156737945936607392e-01
3.679385302928893098e-01
4.012938470223083032e-01
3.843983408013348924e-01
2.726163242468594983e-01
2.982184791854992079e-01
2.091192234252923499e-01
1.815288779829307142e-01
2.388830477991148171e-01
1.930183045939782571e-01
1.097406730577294709e-01
1.015336868991665725e-01
1.340439435121461020e-01
2.032677627436213219e-01
1.085648318886994201e-01
4.716670806255388038e-01
5.041387142909499186e-01
5.449630750875682494e-01
5.969137752510963457e-01
5.151813957920292619e-01
5.070100364765189882e-01
6.000614284606207161e-01
5.917015056614879365e-01
5.866173499239940581e-01
5.888040919798473993e-01
5.336353640959150546e-01
5.229445200839548669e-01
4.543439162654159258e-01
3.918862587022091670e-01
3.996454879340440858e-01
4.900168292464283093e-01
5.139068299643408944e-01
4.997283022962668020e-01
5.363047080489508067e-01
4.985611405284767761e-01
5.711751984301750573e-01
6.174931742062201856e-01
6.330894712263880342e-01
5.564109925723367267e-01
6.812500227088882365e-01
6.700298529983969020e-01
4.950020109516787281e-01
5.194522923927412661e-01
5.893982862873862194e-01
6.013148798733131128e-01
6.737585822650008494e-01
6.031634402235941383e-01
5.731719489993570837e-01
5.110481290947127553e-01
4.345082145524203354e-01
3.681866409433313114e-01
3.855681435059228335e-01
4.443805321605656111e-01
3.704079322355594561e-01
3.051392359469483062e-01
2.950511216244853796e-01
2.498618017739067387e-01
2.531770223283842380e-01
2.787329401815861196e-01
2.881646332234104046e-01
1.855155600297639928e-01
2.888057470024879558e-02
9.436542392450175676e-02
1.537810417584863920e-01
1.237698823659170583e-01
4.853583233905932048e-01
3.887925667499737559e-01
5.174349729609876158e-01
5.367774775386139341e-01
4.575213783626981279e-01
4.645387809173556759e-01
4.998330795392978976e-01
5.933755507219027336e-01
6.289410423619911095e-01
6.865599884540721787e-01
6.451065249744958319e-01
4.990715822885950503e-01
3.933957137294683548e-01
4.570436519378807128e-01
5.269871103367113063e-01
4.985378662488640922e-01
5.352741242550178580e-01
4.434184992932168612e-01
3.832634602938535529e-01
3.970665594811219612e-01
4.716137124122873336e-01
5.103664516332676593e-01
5.327341928188574771e-01
5.226416526929602568e-01
6.115254865634915937e-01
6.667973692223477800e-01
5.681885952241655380e-01
6.487289688318902403e-01
5.830963970389922979e-01
5.707292779915624781e-01
6.170386915621035584e-01
5.683283511789508635e-01
6.007234588931462671e-01
4.911490853539279833e-01
5.127540471192320037e-01
4.525138137184673837e-01
5.636029272018814318e-01
4.626753972188720754e-01
3.931519243618757931e-01
3.535455279191721534e-01
2.040246344103564535e-01
2.701569974838611832e-01
2.996517114112320912e-01
2.972045298662279178e-01
1.860068964056736385e-01
7.144882080761470744e-02
8.785206110365721688e-02
1.570506479123277011e-01
2.348339425882279285e-01
1.335853909355781688e-01
3.866249567814804555e-01
3.930569567034766232e-01
3.439634152509947196e-01
3.920592952279591814e-01
4.673078947799492178e-01
5.567895566401901419e-01
5.635477577134131444e-01
6.815853864217644720e-01
6.952633608817040400e-01
6.919459708485711236e-01
6.267609595065718464e-01
5.486897705227234967e-01
4.694933585588361713e-01
4.751623724259140258e-01
4.704475187998852226e-01
5.015322500101333514e-01
4.864441019653204523e-01
3.577980442863465393e-01
3.436009234584875838e-01
3.263545493575410461e-01
2.890405067460318778e-01
4.229950394283131798e-01
5.529285874443577997e-01
6.733645349725350115e-01
7.263937337976605901e-01
6.341036300800834136e-01
6.810080021214561796e-01
7.104570575340150018e-01
5.381785759238654210e-01
6.014965798336123770e-01
6.277137963203908155e-01
6.049394771991842834e-01
5.942988503075256057e-01
5.517120510005090184e-01
6.161266042750638272e-01
5.409042065656202158e-01
5.251917651837951784e-01
4.804206779749134459e-01
4.304093050140147536e-01
2.638123411282118913e-01
3.174166688128520764e-01
3.066682105718094853e-01
3.271897124100087151e-01
2.886867690175310974e-01
1.948296829975100231e-01
1.150678370458757815e-01
1.292610700135812807e-01
1.766073899331796482e-01
2.580007802437310760e-01
2.216890446717895979e-01
3.665179186443039416e-01
4.670927615279485967e-01
3.424757304424371762e-01
3.176833695457657591e-01
4.481189083044789245e-01
5.183129417052531052e-01
4.889171526103122112e-01
5.830367328266492510e-01
6.030744811346460121e-01
6.852126814727921289e-01
5.941633201234924888e-01
6.023953895410849579e-01
5.534654274695319787e-01
4.950969073717358948e-01
4.805893214010604209e-01
4.943749204886431214e-01
3.269631724725280408e-01
3.408685383845342365e-01
3.033050441908106132e-01
4.006168701342994187e-01
3.385395786731607015e-01
4.835049266195207696e-01
4.342839861852832994e-01
6.291212988598449130e-01
6.897515030821848026e-01
6.614528898487773700e-01
6.643473017092984545e-01
6.427934451063744836e-01
6.239348481498785404e-01
6.061448446965235215e-01
5.217179842801169531e-01
5.552373467892273151e-01
6.899940410591576256e-01
6.355919144791207787e-01
6.278148336374590466e-01
5.566174099971787914e-01
5.317414037635592727e-01
4.930989380202036587e-01
4.101855942192332849e-01
3.900965392066348958e-01
3.040626393438949360e-01
3.078911073528555753e-01
3.348587975968123076e-01
2.754265742651975102e-01
1.556101242310649058e-01
1.757435346665452980e-01
1.227727165777454388e-01
1.546075904138239088e-01
1.664089278136242356e-01
1.873635569358846897e-01
3.557904342317581015e-01
3.615056842052902786e-01
3.871227124645824080e-01
4.670248542844113726e-01
4.493872169319986232e-01
5.100156479874360382e-01
4.959382235292536523e-01
5.439798272461289219e-01
6.418699981298626733e-01
6.415542158887204138e-01
5.695335103731334891e-01
5.301671693413813058e-01
4.937267926091192249e-01
4.814441137470779619e-01
5.092740657443212138e-01
3.803532788222692140e-01
2.869588022564897867e-01
2.534622350329159834e-01
2.097174534428667969e-01
3.792578488120330604e-01
3.955039295256332355e-01
5.414922961320998152e-01
4.562566727406913158e-01
6.230124611915550670e-01
6.168526092139945405e-01
6.136401935753524883e-01
5.742148942224747366e-01
5.474115660948805084e-01
5.039582271262876834e-01
5.457328545125902375e-01
4.692492482222015426e-01
5.236788107674464898e-01
6.009108614784244295e-01
6.513677110825799588e-01
6.204215345754845456e-01
5.882915356230485893e-01
5.650519517135292880e-01
5.017804054585893736e-01
4.618827944617907022e-01
3.527790277363421212e-01
2.856148286071120146e-01
3.944648063371068991e-01
3.407660000851888138e-01
2.394413304178762414e-01
2.663951018595767661e-01
1.989371149580045073e-01
1.329993153023055208e-01
6.792094160543586667e-02
1.619940675191209878e-01
1.103861960360443401e-01
3.209424166523361932e-01
3.883121142333875175e-01
4.226432485806713157e-01
4.499035365249545171e-01
4.574201697589716509e-01
5.453291147380433523e-01
6.513942746886578483e-01
5.821649935016465216e-01
6.341720967393019714e-01
7.135776856700951631e-01
6.701078990509753419e-01
5.353979967794620931e-01
4.743103347415320581e-01
4.329556799042916237e-01
3.780367010534260164e-01
3.080623414463400378e-01
2.854756926629785641e-01
2.258546190663279218e-01
3.006767236859578807e-01
3.642955426192212576e-01
4.019001702125809539e-01
5.169278176354741294e-01
5.388848930904762691e-01
5.837904548202952348e-01
6.418809497802974162e-01
6.274998071003593525e-01
5.648347978011690751e-01
5.761482575991783150e-01
5.440615146082937725e-01
6.740327785859410170e-01
6.351764298188804503e-01
6.511292845963331244e-01
7.031306524061543550e-01
6.745349554511198553e-01
7.080334282006937041e-01
6.371314280340265590e-01
5.371189038393685555e-01
4.724749528244918118e-01
4.656303080274479256e-01
3.109221756310470153e-01
3.258188967622604459e-01
3.078358003629992901e-01
3.434059353674864812e-01
2.479913154080371773e-01
3.351180934159115332e-01
2.868722857383974034e-01
1.227679200114049074e-01
1.985016754521103377e-01
1.540707641806177974e-01
9.562600300217599658e-02
2.823040076332044568e-01
3.852023077295331221e-01
5.023322903687676977e-01
4.612072472232144893e-01
4.418306780830588698e-01
4.703646094433642233e-01
6.465947368226482306e-01
7.228633685607048776e-01
6.703918366327467071e-01
7.050550246430469237e-01
6.502856380374478773e-01
5.572515228515595442e-01
5.332868091093168061e-01
4.711141558713971556e-01
4.087552576585362085e-01
3.264186126163944324e-01
3.407138641694250070e-01
2.949958739694206189e-01
3.301914296089437650e-01
3.893957676263987144e-01
3.725699719680174438e-01
4.509697021562952823e-01
5.031297277508645083e-01
5.657749746601117291e-01
5.437364066163531406e-01
5.143363450144555760e-01
6.317214726736969377e-01
6.705101880321430174e-01
6.942733129350543431e-01
7.949770596623600971e-01
7.655342460766243473e-01
7.287445119333458843e-01
7.490131662976561300e-01
6.216585992102564573e-01
5.884131624433464047e-01
6.244507606860578708e-01
5.524782756579329490e-01
4.213216603018432038e-01
4.369415489944876718e-01
4.202057440417553691e-01
3.959896262057974181e-01
3.517095031968385244e-01
2.881090555949986642e-01
2.936221513416140683e-01
3.253505131287567353e-01
2.618143071723813553e-01
2.370577490716925251e-01
2.223205420656292619e-01
1.969399188965729186e-01
3.330653555675763822e-02
3.957980961753855276e-01
5.152711342506746117e-01
4.931258118937253965e-01
4.089516666613004503e-01
4.807153046102662919e-01
4.997624415185755176e-01
5.510521226861950783e-01
7.069792991075833921e-01
6.199320459140187367e-01
6.778946319480742000e-01
5.694406300550671762e-01
6.244730799956954570e-01
5.827919263905309011e-01
4.927609586653889928e-01
4.402920089422293071e-01
4.180313407739223996e-01
4.229399147195484487e-01
4.232180439220198376e-01
4.272128200133173959e-01
3.931915582351507288e-01
4.442045790659165938e-01
3.953148899268882355e-01
5.205773996319441599e-01
5.872732094925452451e-01
6.400102768976544398e-01
5.783148079551464482e-01
6.449743373233349786e-01
7.408507100707093507e-01
7.779207662332960904e-01
7.757901946750725974e-01
7.919897176117458582e-01
7.621018057943111934e-01
7.721420188719928523e-01
6.420915066156990259e-01
6.194067367272749758e-01
6.071740585476329555e-01
5.853892404526904736e-01
4.921569418601839940e-01
4.635912447139790005e-01
4.365149694237195344e-01
4.097511943619289720e-01
3.679655401146501026e-01
3.099671613096818823e-01
4.542659851680636574e-01
3.300251212965335523e-01
2.289736564476655689e-01
1.870873510158985731e-01
1.545542767496378700e-01
1.377274256453288881e-01
1.585422308975291683e-01
5.462343186577799381e-01
5.497307585832764687e-01
3.845957914571259129e-01
4.390858445898181417e-01
4.036939171841089635e-01
4.492729206783571128e-01
4.698962601190107558e-01
5.948589113240375648e-01
5.771204112737352565e-01
6.372679336626967395e-01
6.309439957230331686e-01
5.980306263061073713e-01
5.766254303527249547e-01
5.736589653737705907e-01
4.885337466599063982e-01
5.169242077449743844e-01
4.873549310887690944e-01
4.889653628664292206e-01
5.123692199812363013e-01
5.464565760078013978e-01
5.313461341944079042e-01
5.107512749384753858e-01
5.881180508902141835e-01
5.394114873793907083e-01
6.911441864130598578e-01
6.007406658224427876e-01
7.088368289615686324e-01
7.212272251642336540e-01
7.902209217140857556e-01
7.839806528711275035e-01
7.982314098195592011e-01
7.329689516877829769e-01
6.072863852439419619e-01
6.374615311963777176e-01
5.848658968328784846e-01
5.492764040910537160e-01
5.066037186869685183e-01
5.949247453148475140e-01
4.856803230070300126e-01
4.690267000666759611e-01
3.682250151929323256e-01
4.445482097424403589e-01
3.732487044883188165e-01
2.480655775110222061e-01
4.088619926053286835e-01
2.337444798186268935e-01
2.592851374550138588e-01
2.366983734963895858e-01
2.257733957829097249e-01
1.801782033300852459e-01
5.366839406293213433e-01
5.762784803675927714e-01
4.645775391715803448e-01
4.509059997550415866e-01
4.854063584797367326e-01
4.767381105919540896e-01
4.741284835877552784e-01
6.098140670150297149e-01
6.242460304734477328e-01
6.211049926604400584e-01
5.809184029777255676e-01
5.342923213114155745e-01
6.050597074311583334e-01
6.325842025871953878e-01
4.624146814812290507e-01
4.690713045577368789e-01
5.532226703058064077e-01
6.760782655151290621e-01
7.359270196737683900e-01
7.107300712066604298e-01
7.153783082506223190e-01
6.199911070423589354e-01
6.600668664142366193e-01
5.803869121908589168e-01
6.095823397208304240e-01
6.637145190770894487e-01
8.152810129185372734e-01
8.277282822998414114e-01
8.217057810483259228e-01
7.893075695308771067e-01
6.944318917758448562e-01
7.051531062530989047e-01
6.210590290121476009e-01
6.135999767084421297e-01
5.340725930239377250e-01
5.334470724963580324e-01
4.475916209018573899e-01
5.253365225572640407e-01
5.677374198551381479e-01
5.400904863243874976e-01
5.721585292891724350e-01
5.017961891153795984e-01
4.415928338396522546e-01
3.921178726218501609e-01
3.214580901512892330e-01
4.074944428105191641e-01
3.857257511715947440e-01
3.056880380779716799e-01
2.187249995322239626e-01
2.369499871909326871e-01
5.941853861782641077e-01
5.767900234057212749e-01
5.371290810001604354e-01
4.982185301284849932e-01
5.037220617242433862e-01
5.787867079094107803e-01
6.377850710900575537e-01
5.553362884374054564e-01
6.043735430446500745e-01
5.408337997352046234e-01
4.831596447876507217e-01
5.562607777102136497e-01
5.412713716125993058e-01
3.980175396271922184e-01
4.841525758037803495e-01
5.844648056495433952e-01
7.366951261347667312e-01
7.369507269094186519e-01
8.478626463996098428e-01
6.689965510787005964e-01
6.443250728846328101e-01
6.849030315597474106e-01
6.951116956008174252e-01
7.289588286645144466e-01
7.486757342306658014e-01
7.527376272435313265e-01
8.878563451735033141e-01
9.030599781736035059e-01
9.398121067559658259e-01
7.906733289364485939e-01
7.436785302212902682e-01
6.722527370112035827e-01
6.770653704924899374e-01
6.072998812508919597e-01
5.479613605255470032e-01
4.527998982491732161e-01
4.873494434461940750e-01
5.813965094552812074e-01
6.397741055155161671e-01
4.503867668809196090e-01
4.265726273827492587e-01
5.703410120247213166e-01
4.891401836454508656e-01
4.279846551384068887e-01
4.621680128772397422e-01
4.506098293910975605e-01
3.796816565401737731e-01
3.217285365762287963e-01
3.782305288391943909e-01
2.334735814366230011e-01
6.724193744625451830e-01
6.065242783586939357e-01
5.606429475427995301e-01
6.453323769739468529e-01
5.713568703860880671e-01
6.448928180942645749e-01
6.179501605414750021e-01
5.171503066905394075e-01
5.296391104341866551e-01
5.803313453653446974e-01
5.245169366312621984e-01
5.560206431198435606e-01
5.332776082448923427e-01
4.949614648186880794e-01
5.140039830717558766e-01
6.249883688521696845e-01
6.116817123779094700e-01
6.920229717336753295e-01
6.499135273332267149e-01
6.776230030378667113e-01
6.918719403517752387e-01
6.660930069231634221e-01
7.562414880996142230e-01
7.959862636804037050e-01
8.206441303151129629e-01
8.182773006912219538e-01
9.004533084381650676e-01
9.721809698079661999e-01
8.896104700121929554e-01
7.792868780966474285e-01
7.997515284996712381e-01
6.029572638202008728e-01
4.799631164787563353e-01
4.302515189689360975e-01
4.771079594819361835e-01
4.799423698183964970e-01
5.300735598078140098e-01
5.679411888215168958e-01
6.461382091754923618e-01
6.221580412203183696e-01
6.013323363064231319e-01
5.123074143290615723e-01
5.232641296063192948e-01
4.446127931491383745e-01
4.316315652393358793e-01
3.791397580131016243e-01
3.736643980596644488e-01
3.851817412426155052e-01
3.602196701156919478e-01
2.292651891913813911e-01
5.563731813463417275e-01
5.474415953466593709e-01
5.376265649728914076e-01
6.327842540119744674e-01
6.065562086188688307e-01
6.058911987612906058e-01
5.814055906904532778e-01
6.041666435288385317e-01
6.562068256717032977e-01
6.325260902987358547e-01
5.754490428220804255e-01
6.393306587541813801e-01
6.117343089051419103e-01
5.490124109668528263e-01
6.177811313089813794e-01
6.394256999045426770e-01
5.658052056337468105e-01
6.527436319459499758e-01
6.735241290513634960e-01
5.841025318149734025e-01
5.366556288645356609e-01
6.457811170249035948e-01
7.631038836907578782e-01
8.341679718854371206e-01
7.704664374082830225e-01
8.031855812796431238e-01
8.993307429361120375e-01
8.270361156425051208e-01
8.240042261130184897e-01
7.829444415228048459e-01
7.658050146804250558e-01
4.955328947337890311e-01
4.554660384507520088e-01
5.416889713133660189e-01
4.752956430456644066e-01
4.817078031984338704e-01
5.787224259569325735e-01
5.594066123170767790e-01
6.708578533216635886e-01
6.783003218106919974e-01
5.401606516427629456e-01
5.274675641637498469e-01
4.250380735665846288e-01
4.753094112448921216e-01
3.439991844397516374e-01
2.585625320928576776e-01
2.529721230729399806e-01
2.629964356160809924e-01
3.465025969075778423e-01
2.699511565385241951e-01
5.634996524788049577e-01
6.098491966546901732e-01
5.553883711385355637e-01
5.633084942934940553e-01
5.467710353950804292e-01
6.187903011784537943e-01
7.004673551679031496e-01
6.864181157707824887e-01
6.470172165959129362e-01
6.180683016911604488e-01
5.618735068402684885e-01
6.453433592330656277e-01
5.759100301877840833e-01
5.729309008956046112e-01
5.426540864587645618e-01
4.835391038357332305e-01
4.058916465887140168e-01
4.776909598429991410e-01
5.623380421143777674e-01
5.392379191034524233e-01
5.425512017718437940e-01
5.639075160303781420e-01
6.337701154901582701e-01
6.687853061853623604e-01
7.336464877066293244e-01
8.777391665504119533e-01
8.464343704152047509e-01
7.383720224770013996e-01
8.123860831910020286e-01
7.060282114510174623e-01
6.856103912146461754e-01
5.409855283424194194e-01
5.041806716702376123e-01
6.954619036944003074e-01
5.548101282255994970e-01
5.108082145150345532e-01
5.739449345669089819e-01
5.932482272900611031e-01
6.047025647695145611e-01
5.698731903890315031e-01
5.630867539419365242e-01
5.593641444241965743e-01
4.239177400466659362e-01
3.375896937332728553e-01
3.995402410826248696e-01
2.266182681166323820e-01
2.646668275193854725e-01
2.916983818445414434e-01
2.393965051151019652e-01
2.846549506613106351e-01
4.982463234591837375e-01
4.893698084194368358e-01
4.508443078995219011e-01
5.490073013789394940e-01
5.427986337231917036e-01
6.600013008820110327e-01
6.405134074793087384e-01
6.885965804221072517e-01
7.271556984991204287e-01
6.478638153963424129e-01
5.493371217834367437e-01
5.562661050551571673e-01
6.198454782780089545e-01
6.051916158401441370e-01
5.131772407148487147e-01
3.657687298496051231e-01
4.171327108075195689e-01
5.307147691676967760e-01
6.175489092427008941e-01
5.934810255765466946e-01
5.551720373191749713e-01
5.252157967315150833e-01
5.524522414410082405e-01
5.373780378232430044e-01
7.735847405774940455e-01
8.070061096146129431e-01
9.183465380304166592e-01
8.096366974298454533e-01
6.796656908170117806e-01
7.681198899407878367e-01
6.386143425985240096e-01
5.646513821085815676e-01
6.607661821495492971e-01
7.368365775748456636e-01
5.406201242513417604e-01
5.385972551007621734e-01
5.028935140364221290e-01
5.751825347672450128e-01
6.672453580159360964e-01
5.727252178416250006e-01
6.262845037725086605e-01
4.984245532956441682e-01
5.432431950814849975e-01
3.833542267947238069e-01
3.243097926217420879e-01
2.964036216853024319e-01
2.037888920293009776e-01
3.208936384743429349e-01
2.272574723577904798e-01
2.787060939103203627e-01
3.896033241219258869e-01
4.319141270556560164e-01
4.547831831417385451e-01
4.843783458560304012e-01
5.682437098199468739e-01
5.551515589610113155e-01
6.910978076554781246e-01
7.007702752111482081e-01
5.427919203328480657e-01
6.766139943654366773e-01
6.266000754533234129e-01
6.724654047425129288e-01
6.219836046443276700e-01
4.630667782987071823e-01
4.306778810824066217e-01
3.420834533381763576e-01
4.066046422503085123e-01
4.714018438635939612e-01
5.583185497869357361e-01
4.743350383548147198e-01
5.068675766236447888e-01
4.900286248373658116e-01
5.553174732108907552e-01
5.054085641400639650e-01
6.320531876883015432e-01
8.306000626176246460e-01
7.779811702450414312e-01
7.972184233831434153e-01
8.017361142015808628e-01
7.426145435645502557e-01
7.296570325292515147e-01
7.222857105256357269e-01
7.870135738843093698e-01
7.065221506276735397e-01
6.142180103245546974e-01
6.090078944476494671e-01
5.349507181294985703e-01
5.770629185915667758e-01
5.734123816015834763e-01
4.564084265806417351e-01
5.287702495773332068e-01
5.992321967520564119e-01
5.036946240534134756e-01
4.242607526179019151e-01
3.289734435020082448e-01
2.535179272583110710e-01
2.542349874536976029e-01
3.266483236243388211e-01
4.068362217435743666e-01
3.887113233237262655e-01
3.277338397336121423e-01
3.063181103897406055e-01
4.593464070383125875e-01
5.038952327877519455e-01
5.040701749021215816e-01
4.986481258084822787e-01
5.446654252168711130e-01
6.546211006777173935e-01
6.082266574122849878e-01
5.493598864648310265e-01
6.399258683495974154e-01
6.434460358008399217e-01
5.624599166630300795e-01
5.086395799773587578e-01
3.886739457195233505e-01
4.225503471824569868e-01
3.480089252543414613e-01
3.730298506056614061e-01
3.704836776424391687e-01
3.975113750075280894e-01
4.005311941095359707e-01
4.343711168740359008e-01
4.882949850139479686e-01
5.565553095788332572e-01
6.353093783497929525e-01
7.364743436854327419e-01
8.437440991618727626e-01
7.989819965227338283e-01
7.128377358330222346e-01
7.818388237913264094e-01
8.606180324107489676e-01
8.180113833352355979e-01
8.315532074471035928e-01
7.151573205685930468e-01
6.678277869278771428e-01
6.561513781065116957e-01
6.185467446575996231e-01
5.543549900755067039e-01
6.194560996885125626e-01
5.505722819660103795e-01
5.898577354230358782e-01
5.919973660285992034e-01
5.693117885571548076e-01
5.157507334961258794e-01
3.926909325040552901e-01
3.758079124765971724e-01
4.619810920215839944e-01
5.376868683079981670e-01
5.337909232342938903e-01
5.747353275079188917e-01
2.323632722843447518e-01
3.750480677615856129e-01
4.267700846673451176e-01
3.687834549239139559e-01
4.379569117619345198e-01
5.195420350150337097e-01
5.008175525368414593e-01
6.595505780491748293e-01
6.851486887311953877e-01
5.493699030664982441e-01
6.314774972091322658e-01
6.112482138834328671e-01
5.246274629969787107e-01
4.596184638736487416e-01
3.904456558214368100e-01
3.140980008870115636e-01
2.985707412914624936e-01
3.536263946718014584e-01
4.257703863102181296e-01
4.771645667128624480e-01
4.107162447057646770e-01
4.320729299200414264e-01
4.415090276192349394e-01
5.868676161246164646e-01
5.575654787567329018e-01
6.023475114555030263e-01
6.845465786211687442e-01
7.426618276657277473e-01
7.254511903959280916e-01
7.750285675116216355e-01
8.236295461352349800e-01
8.377323592751224623e-01
7.531771166891647606e-01
7.051806607236001945e-01
7.122799800110757307e-01
6.926789987153568751e-01
7.076133971041903559e-01
6.072368629081916769e-01
6.593242261916312241e-01
7.040110868164813906e-01
6.476023541417315066e-01
6.393016122769367149e-01
6.156485162708347225e-01
5.883333181593923822e-01
5.368802608706232382e-01
5.890068150822407311e-01
6.114518716199965898e-01
6.649212367699799398e-01
6.593736296940537756e-01
5.745636282518133964e-01
2.986117351646700446e-01
3.325929506363772270e-01
3.377298418638857713e-01
3.180289157106685471e-01
3.880325259725959097e-01
4.268616894972717124e-01
6.055077674372745244e-01
7.141321868737622314e-01
6.566749924585609799e-01
6.430230682105555484e-01
6.724327571617657595e-01
5.954445173555270587e-01
6.210233042250573599e-01
5.507499768207779756e-01
4.330923484533612533e-01
2.683628883250644970e-01
2.475905070268663022e-01
3.432067584272525118e-01
3.807965883964350984e-01
4.239467628208266614e-01
3.838170330664358310e-01
4.275328054848448467e-01
4.392855136979814112e-01
4.263213958273507354e-01
4.827879736999789451e-01
5.194279552442766512e-01
5.235631497619448460e-01
7.051193783159157569e-01
7.194417572726334864e-01
7.342083276306575756e-01
8.134932590351023896e-01
7.952797476754857042e-01
7.975080601070190234e-01
6.694368372783883192e-01
6.381214633274144843e-01
7.059619073086456087e-01
7.797143303867231090e-01
7.189024323092780833e-01
7.218246600405733293e-01
6.781253554435749953e-01
6.767041822314794342e-01
6.298673031313509751e-01
6.278622003902927240e-01
6.647270434769203540e-01
5.385669224936733279e-01
6.178371528283358449e-01
6.152784668394969403e-01
6.249292493130984560e-01
6.990894623147397846e-01
6.526032590085786289e-01
3.592588321237083493e-01
2.500652064423892207e-01
2.704531667729886402e-01
2.885574869898600014e-01
3.284988996442718134e-01
4.534000481109664582e-01
6.097319945247462458e-01
6.012921349062783083e-01
5.779570815659559324e-01
5.439764669812406916e-01
6.499099926582239117e-01
5.888280997047571352e-01
5.691718209240510529e-01
5.014170353452576112e-01
3.664849120592765797e-01
3.210340099624885424e-01
3.144601397391916797e-01
3.847268915270179446e-01
3.766790664912005870e-01
3.742041596984836960e-01
3.526760236817265137e-01
4.641856819012475932e-01
4.949250985412827486e-01
4.576157572772907578e-01
5.026261379509870952e-01
4.815117092381442920e-01
6.451348681129357443e-01
6.469108542683423835e-01
6.726286856212316811e-01
6.967189368648645242e-01
8.368121915617934281e-01
8.126072083431374882e-01
8.274409081347113837e-01
7.325572508277199413e-01
6.354665673435198059e-01
7.354641734879234782e-01
7.272097870556964994e-01
6.635574405610086268e-01
6.663540688548998947e-01
7.062451962981804998e-01
7.758685404349057180e-01
6.312596798372870355e-01
5.228771095815123449e-01
6.328650363630933251e-01
6.263626364929629764e-01
5.978529153365094162e-01
6.437216216954292358e-01
6.933754049523234153e-01
7.951633220623517406e-01
7.168888037013730896e-01
3.991957331710663248e-01
2.967912089773211970e-01
2.569171947288712565e-01
3.130891936427805389e-01
2.990775282523089329e-01
3.449331193774969329e-01
5.270193450686786463e-01
4.437417312620084431e-01
4.955615773687945813e-01
5.034558090420547805e-01
5.270343979059712858e-01
4.640523227613124746e-01
3.686976996939479445e-01
3.539024380137469894e-01
2.762166518524020176e-01
2.719577532266252984e-01
3.134648327965649517e-01
3.100681032745880583e-01
2.872599252667272784e-01
3.461270734899207224e-01
3.351856263349748954e-01
3.613371831265189682e-01
4.172561424645382377e-01
4.674732798099183739e-01
6.022842615114356590e-01
6.651915802640864239e-01
5.946034485631020994e-01
5.653436232295460107e-01
6.357289160118263505e-01
7.261214086474712115e-01
7.720115272696441711e-01
9.077645408875967270e-01
9.016065550706405807e-01
8.820492406840145794e-01
7.487424042230714782e-01
6.881909366308174292e-01
6.407249357668193257e-01
6.473628950827855499e-01
5.997709138744716784e-01
6.320765945869970537e-01
6.517897971946571278e-01
6.705410688920578899e-01
5.853226607784176583e-01
5.364713667019392895e-01
5.699944331359027005e-01
6.188106314446378819e-01
6.880421493761432750e-01
6.742415793602025698e-01
7.641064066428155943e-01
8.132532845702816759e-01
3.925162830302841299e-01
3.458006158103515970e-01
2.810842028153688332e-01
2.601350884976774136e-01
1.817973162484273209e-01
3.174339341601684072e-01
3.717039565258726252e-01
4.048819112916736684e-01
4.486567344921961187e-01
4.058815665584119547e-01
4.679324423551883827e-01
4.108312789086472905e-01
4.216245707324428604e-01
3.473540894255084388e-01
3.081815325954020413e-01
2.701206019463980312e-01
3.613306449525686137e-01
2.140699435756524549e-01
2.289237310029930139e-01
2.689484423290933734e-01
2.297305103043139618e-01
2.701125348246710134e-01
2.537590481095844397e-01
4.165739101974801906e-01
4.610810960352698107e-01
5.786958631971271805e-01
5.679437481799430865e-01
5.348688410464025322e-01
5.270544627504585300e-01
6.158245960245848361e-01
7.477387423046305548e-01
8.257834596361134372e-01
8.938853924215182101e-01
8.108774682717388993e-01
8.376694372543523892e-01
7.194468059598594367e-01
6.175736768812666311e-01
6.813740776027377155e-01
7.080680659945487454e-01
6.574673647554628575e-01
6.240529430327862448e-01
6.760106684611499883e-01
5.733536227834621357e-01
6.116493751156514280e-01
5.346474865647720121e-01
5.996703418207046665e-01
6.591146965170708860e-01
7.603976641412880655e-01
6.785316337366872341e-01
7.497806778974501762e-01
3.545938251080765768e-01
3.262098748270036985e-01
2.365307437648562494e-01
1.542346172129605564e-01
1.600061463782248838e-01
2.257845333108293995e-01
3.744820702822364566e-01
3.866171905905804174e-01
3.924136922571042074e-01
4.274184459912154788e-01
3.314644971786216976e-01
3.953166296926834411e-01
4.258595699312059946e-01
4.121176943325806086e-01
3.231569678842584614e-01
2.325776372746898302e-01
2.047474335258685774e-01
2.126846477307764993e-01
2.347465558985405987e-01
2.962025091327176729e-01
3.352150387753997096e-01
3.358314356346883689e-01
3.216712857717001217e-01
3.907635689913159238e-01
4.341695704062558114e-01
5.531109905037790986e-01
5.789744748701562971e-01
5.606646368216632315e-01
4.931572544592552343e-01
6.388456862581600726e-01
6.318208634572368698e-01
8.046407081024892216e-01
8.785310947868169018e-01
7.512900586295530037e-01
7.567727274912294799e-01
6.497216626763679947e-01
6.345951146277177823e-01
6.915590986404142049e-01
6.853637810232280358e-01
5.923672685411025540e-01
6.248696270277985798e-01
6.421983517896389104e-01
6.113122050946532271e-01
5.428582237156343027e-01
5.402859182941406324e-01
6.030219274969423893e-01
6.465842519248531373e-01
8.039320525178639265e-01
7.636540104473165114e-01
7.344057592206133522e-01
3.504666980233306917e-01
2.399363368380366401e-01
2.273302827137894111e-01
2.656363142395146704e-01
1.754874734842560013e-01
2.458967108864442142e-01
3.547511012118577112e-01
2.796624110846899214e-01
4.169769504670537419e-01
3.365682724010310989e-01
3.169134460715034018e-01
3.701277810522844991e-01
3.724654677665925062e-01
4.033385323935431699e-01
3.359539386274855710e-01
2.915559001699212227e-01
2.438321556939479218e-01
3.143854218841491965e-01
1.906537097882312903e-01
2.866935802790440135e-01
3.118967547765658654e-01
2.858336999517079313e-01
2.861317624547685123e-01
3.280348154817913642e-01
4.423011341473600533e-01
4.571331857589362446e-01
5.069241348131886538e-01
5.388538736753736291e-01
4.810249779939576031e-01
6.218464177818965322e-01
7.891271753040030035e-01
7.602969935366661325e-01
8.317759047271712225e-01
7.530425230679150816e-01
7.397415728732864570e-01
6.705895782602862010e-01
7.702695929155974897e-01
7.021663685888068773e-01
7.125722263293648995e-01
6.835349616995877176e-01
5.922226631454547974e-01
4.945576798185506995e-01
5.723739753742390635e-01
6.045896144500009228e-01
5.619671621637043479e-01
5.734031463962347974e-01
7.047084128191647423e-01
7.997528465000532938e-01
8.312363223593504102e-01
7.931447247006608858e-01
2.565139021343951775e-01
1.730437099494871733e-01
9.522959342323913945e-02
1.666616721068628071e-01
2.918321703712702386e-01
3.073800488558445232e-01
3.111500321785607981e-01
2.319902404406309904e-01
2.632617427400333887e-01
2.914350417142133609e-01
2.907895280139656813e-01
3.703988993501494131e-01
3.583876359290555924e-01
3.951794400341565594e-01
3.446825279768863659e-01
2.975091384817213358e-01
3.479818453084252416e-01
2.704770528319055956e-01
2.361734010956645369e-01
1.943795760406211715e-01
2.558139278315394449e-01
3.279293133095311230e-01
3.523498772612444485e-01
4.019810434660203713e-01
4.840138514982950113e-01
5.150154222552346672e-01
5.564399317653688781e-01
5.695067394164097241e-01
5.182579683198623721e-01
6.446787615231863722e-01
7.780710498739467074e-01
7.355308084724132556e-01
7.731829910913808890e-01
8.111179336620489844e-01
7.397357481884238029e-01
6.547223184249598704e-01
7.072676493135261477e-01
7.924529764343680727e-01
6.874172011637185165e-01
6.516340900757929822e-01
5.553945720621696891e-01
5.142943055361817173e-01
5.626798822675644907e-01
6.661606167062544825e-01
5.942093043899784321e-01
5.885121357285036936e-01
6.371879820537375005e-01
6.812042265881749215e-01
6.732749478586712577e-01
6.721554182185032200e-01
2.058809819333568547e-01
1.602001974436726983e-01
1.963235379011920301e-01
1.614907941545855596e-01
1.957698030918165466e-01
2.118857241312440132e-01
2.473086949116853617e-01
2.225963453741604814e-01
2.747428248867340717e-01
2.366005737790909114e-01
3.246985768460413646e-01
3.930279682483204251e-01
3.637025346168881179e-01
3.305109255616145991e-01
3.376440179181566248e-01
2.801664438631752962e-01
4.018272386987570277e-01
3.327252175058860728e-01
3.166031703453048296e-01
2.054106649058232148e-01
1.656654540039978474e-01
3.128897208843979261e-01
3.949480135377826939e-01
3.943169399104515804e-01
4.348734884386479260e-01
4.635332100713256409e-01
5.357894286758816405e-01
6.066351606209947622e-01
5.177602596650269229e-01
6.389171728311845433e-01
6.611739699186340857e-01
6.776589834802497769e-01
7.140082504060198954e-01
6.673800925119010019e-01
8.315668283705667241e-01
8.705063998348109289e-01
8.293070042214230053e-01
8.168939598436052441e-01
6.776521860371382822e-01
7.590304007522727936e-01
6.451086803570695860e-01
5.850769928900994010e-01
6.619777866718780102e-01
6.711108927107620747e-01
5.951405678075605277e-01
5.854093921350020935e-01
5.895252494636277207e-01
6.223467520809060627e-01
6.594452449172066855e-01
6.807827751417681039e-01
2.810233116658625852e-01
2.191480000557257113e-01
2.502909510513245395e-01
2.995406182187454469e-01
1.775390330542818140e-01
2.340766553448763720e-01
1.783332946676829678e-01
1.315630377870439516e-01
2.858190034893853260e-01
3.431067067508918322e-01
3.738715448515975148e-01
3.527669630421056413e-01
4.290981048758917837e-01
3.008373934116001513e-01
3.143590176844874851e-01
3.479884684827274088e-01
4.319628741216863244e-01
2.991513379542007356e-01
1.238363345145136463e-01
1.725613855424740217e-01
2.207371991005542267e-01
3.006885311291235263e-01
3.150844326345376145e-01
3.686191961581541388e-01
3.310091870707052575e-01
4.403797417843451356e-01
5.508743980674356555e-01
5.297568451022228730e-01
4.429765127341869224e-01
5.358846359779683155e-01
5.897782499296424508e-01
6.298330133959273436e-01
7.354566476148970411e-01
7.470360430177669375e-01
9.190384929177572992e-01
9.224965374195792656e-01
8.174410452886751166e-01
8.526471491094153032e-01
7.727303886476540873e-01
7.192595184777176298e-01
6.989146331376021593e-01
6.689307450643141584e-01
5.876178140230364777e-01
5.739966987804997478e-01
6.423092776246540625e-01
6.182935281091653801e-01
6.404584869879084152e-01
6.900464570403908038e-01
7.728627080673866612e-01
6.923875191341490876e-01
2.347868389010174806e-01
1.931520449800127603e-01
2.020643077324522363e-01
1.851101290448007863e-01
1.881675945974723152e-01
1.861808652179516854e-01
2.074983017857346401e-01
1.400512583250987098e-01
2.012997299002996510e-01
3.121166936700935368e-01
3.822045674863254749e-01
2.524100330648620383e-01
2.808505404604346722e-01
2.780121680023291963e-01
1.884538900300212205e-01
2.982437245022038774e-01
3.840510748252984330e-01
1.856211194893591654e-01
6.415495435089278720e-02
1.755338080942981105e-01
2.786653053823239246e-01
2.270986386835455728e-01
2.277970690528851039e-01
3.278035723601340212e-01
3.391042202730383814e-01
3.796846117019955225e-01
5.416355578250554581e-01
5.296306587811885347e-01
3.996137939308701537e-01
4.906328831903465915e-01
4.844601356682800564e-01
6.301807951307882849e-01
7.574870525809788147e-01
8.234958219253023515e-01
9.260878388651057058e-01
1.012216948026960051e+00
9.504136164204907145e-01
8.571181265717533471e-01
7.445888922555820022e-01
7.357578974698871788e-01
6.522024184588364193e-01
5.668926098207376363e-01
5.502125080873084828e-01
4.810147603532105021e-01
4.986999785754476777e-01
6.052933138019130910e-01
6.197929362306423551e-01
6.611951102761337573e-01
7.039864929362193990e-01
5.818258917222067783e-01
2.246003215471954195e-01
1.960112379446634912e-01
1.802257293109329750e-01
1.913298859797358809e-01
6.762444370795490933e-02
2.272517366621066570e-01
1.860474970413721896e-01
9.825678281387834057e-02
1.733753194926335728e-01
1.784591721491968763e-01
2.466781729165121728e-01
2.607130614413680769e-01
1.697429438264118073e-01
2.357342423752530336e-01
2.223566319265052882e-01
2.672062959945630256e-01
2.868956095918934190e-01
2.255213759005288698e-01
2.137474233754277919e-01
2.557675174435697918e-01
2.874330264788143574e-01
2.201151415913526477e-01
2.574803371945940667e-01
2.708325396848275113e-01
2.485094064807399916e-01
3.465168931992068102e-01
3.906838302287350406e-01
4.976286779787673642e-01
4.582688098540590449e-01
4.787855090151724724e-01
5.670057958245726670e-01
6.199873444473983364e-01
7.142461934118267131e-01
8.712914024526672296e-01
8.481063676067233104e-01
8.712573024113980935e-01
8.739957384874876833e-01
8.633127166939630337e-01
7.859761604238113541e-01
6.541665657117090582e-01
5.643023971871805600e-01
6.266519182659979759e-01
5.709256332027294878e-01
4.845752506851717656e-01
4.780328702798243845e-01
7.412678913740785580e-01
7.533757618837719772e-01
6.108287840293796789e-01
5.954754904628132284e-01
6.155177079372992077e-01
1.896595470954782758e-01
2.398645158339964556e-01
2.898599239506736147e-01
2.092020039941383802e-01
1.738447670627518982e-01
1.727261152163539759e-01
2.081620456999593860e-01
2.355679305181271332e-01
2.422680916771171866e-01
1.542857617951325644e-01
2.291431740901611613e-01
1.895244139141668005e-01
2.756686914692064727e-01
2.715161272516110613e-01
3.101110641496657161e-01
2.857216493171970129e-01
2.736344824977677281e-01
2.788892287991633911e-01
2.629763629645885392e-01
3.555295814382218866e-01
2.524923764271694848e-01
2.815021509492180996e-01
2.386913310233118035e-01
2.991232221382850720e-01
1.980162227683678333e-01
3.534293644674251222e-01
3.790644996550021628e-01
3.727739919089416709e-01
4.730836067567720793e-01
4.952425353571061617e-01
5.724859713065940658e-01
6.955625887639478311e-01
6.809763534205205415e-01
7.324273785225896560e-01
7.892022302944045054e-01
8.388936943153302295e-01
7.927877320240702685e-01
7.459701475486998357e-01
7.572207632137624156e-01
7.189002350359391391e-01
7.078407676506326407e-01
6.311119405190264153e-01
4.522623207068047213e-01
5.123931575937945571e-01
5.982385104666341213e-01
6.014999483967511384e-01
6.612966066843928292e-01
6.365207810435488112e-01
6.207349224080895844e-01
5.796565370374954229e-01
2.224488789121117638e-01
2.769123597418553517e-01
1.810139466968865851e-01
2.439698893292185922e-01
1.934106990479451949e-01
2.366980578531089896e-01
1.993819590316812107e-01
1.363423442033079303e-01
2.442055962586047457e-01
2.997579485106741659e-01
1.592677910355708437e-01
1.324675934203599081e-01
2.219621115796033828e-01
2.104549023210396663e-01
3.024584753243577118e-01
2.532453412583909880e-01
2.400445572019634655e-01
2.770163034206668540e-01
1.766087861898461564e-01
2.359716025940793160e-01
3.584080339566723117e-01
3.392752434875608292e-01
2.444378938373280019e-01
3.144356504584450707e-01
4.004825327114142630e-01
4.500988230473405571e-01
3.924069063742824937e-01
3.751777481887867971e-01
4.239704766313385775e-01
4.388926700136898118e-01
5.424866087846477170e-01
5.703134707154915439e-01
5.880244280064633733e-01
6.767693770387509522e-01
6.960312484196089500e-01
7.283066363167517432e-01
8.446204047329031184e-01
7.931548161555628251e-01
8.156341673502376377e-01
7.772190829186134131e-01
7.449243630272653904e-01
5.735706560045769065e-01
4.915554227794478037e-01
5.045741118215678611e-01
5.348397688773676162e-01
5.652417639755684675e-01
6.080112420469945267e-01
5.988028266478575556e-01
6.287099849711792476e-01
5.797933712747589396e-01
