-5.281300000000000239e+01
8.575003100000000433e-02
-3.071890000000000214e+02
3.795652789999999777e-01
-2.914499999999999957e+01
5.700597500000000040e-02
-1.449939999999999998e+02
1.832819640000000194e-01
-1.141419999999999959e+02
1.795098359999999782e-01
-2.973269999999999982e+02
3.207980710000000180e-01
-3.637019999999999982e+02
7.031391959999999663e-01
-2.129530000000000030e+02
3.210587910000000100e-01
-6.757800000000000296e+01
8.274591599999998881e-02
-2.992919999999999732e+02
3.115907360000000348e-01
-3.002330000000000041e+02
4.157747110000000190e-01
