1.515000000000000000e+03 1.950000000000000000e+03 1.554000000000000000e+03 9.810000000000000000e+02
3.689000000000000000e+03 1.655000000000000000e+03 5.960000000000000000e+02 6.000000000000000000e+01
1.036000000000000000e+03 7.710000000000000000e+02 1.779000000000000000e+03 2.414000000000000000e+03
0.000000000000000000e+00 1.605000000000000000e+03 1.859000000000000000e+03 2.536000000000000000e+03
1.530000000000000000e+02 7.830000000000000000e+02 2.084000000000000000e+03 2.980000000000000000e+03
3.183000000000000000e+03 4.580000000000000000e+02 5.110000000000000000e+02 1.848000000000000000e+03
7.580000000000000000e+02 2.840000000000000000e+02 3.909000000000000000e+03 1.049000000000000000e+03
1.638000000000000000e+03 4.620000000000000000e+02 5.780000000000000000e+02 3.322000000000000000e+03
1.062000000000000000e+03 2.603000000000000000e+03 1.186000000000000000e+03 1.149000000000000000e+03
3.732000000000000000e+03 2.710000000000000000e+02 6.840000000000000000e+02 1.313000000000000000e+03
2.535000000000000000e+03 1.518000000000000000e+03 1.946000000000000000e+03 1.000000000000000000e+00
