9.440488467610879623e-04
6.100000000000000000e+01
9.417252543953694892e-04
4.700000000000000000e+01
9.588672392729082018e-04
3.800000000000000000e+01
2.172377226356416325e-03
1.560000000000000000e+02
1.067987368629322439e-03
1.010000000000000000e+02
9.433660901715739365e-04
6.400000000000000000e+01
9.289949584690331344e-04
6.000000000000000000e+01
9.464598854521170902e-04
5.300000000000000000e+01
3.788231485923174938e-03
2.800000000000000000e+01
9.693543837916479469e-04
7.900000000000000000e+01
1.388321109128652121e-02
6.800000000000000000e+01
