-1.032789999999999964e+02
1.749991589999999875e-01
-1.411390000000000100e+02
1.935996789999999967e-01
-3.833439999999999941e+02
5.683256639999999527e-01
-3.688199999999999932e+02
3.835395999999999250e-01
-9.475799999999999557e+01
1.126914359999999921e-01
-5.482390000000000327e+02
1.035137878999999872e+00
-1.431930000000000121e+02
1.733257510000000001e-01
-1.437170000000000130e+02
2.028629110000000346e-01
-1.435639999999999930e+02
1.841519040000000051e-01
-1.867299999999999898e+02
2.605251000000000094e-01
-2.888969999999999914e+02
4.835823910000000558e-01
