1.189451271439949083e-03
2.050000000000000000e+02
1.635868186871955801e-03
1.330000000000000000e+02
1.300627574330627360e-02
1.600000000000000000e+01
9.298002101355977086e-03
3.900000000000000000e+01
2.929655503022264226e-02
2.700000000000000000e+01
1.179209141286002935e-03
1.030000000000000000e+02
9.165736470909870842e-03
1.830000000000000000e+02
9.032664645040620888e-03
1.850000000000000000e+02
9.115672797959105053e-03
1.880000000000000000e+02
7.796474908386151308e-03
7.700000000000000000e+01
8.322145945978218912e-03
6.500000000000000000e+01
