1.149544715392895270e-03
6.200000000000000000e+01
1.237792112805108716e-03
2.620000000000000000e+02
1.459611062228700689e-03
1.360000000000000000e+02
9.686885012976157155e-04
1.410000000000000000e+02
1.264243711890167439e-02
4.900000000000000000e+01
1.445315523353621692e-02
8.400000000000000000e+01
1.902447518899057222e-02
1.030000000000000000e+02
1.878498362423122389e-02
2.800000000000000000e+01
2.705265253890315469e-02
3.290000000000000000e+02
1.424549863176685508e-03
1.430000000000000000e+02
