1.867000000000000000e+03 1.323000000000000000e+03 2.057000000000000000e+03 7.530000000000000000e+02
3.900000000000000000e+02 2.916000000000000000e+03 2.693000000000000000e+03 1.000000000000000000e+00
1.686000000000000000e+03 1.648000000000000000e+03 0.000000000000000000e+00 2.666000000000000000e+03
4.420000000000000000e+02 3.923000000000000000e+03 0.000000000000000000e+00 1.635000000000000000e+03
9.370000000000000000e+02 2.967000000000000000e+03 2.094000000000000000e+03 2.000000000000000000e+00
8.500000000000000000e+02 6.440000000000000000e+02 1.980000000000000000e+02 4.308000000000000000e+03
1.174000000000000000e+03 0.000000000000000000e+00 2.294000000000000000e+03 2.532000000000000000e+03
1.163000000000000000e+03 0.000000000000000000e+00 2.301000000000000000e+03 2.536000000000000000e+03
1.162000000000000000e+03 0.000000000000000000e+00 2.303000000000000000e+03 2.535000000000000000e+03
7.830000000000000000e+02 0.000000000000000000e+00 2.458000000000000000e+03 2.759000000000000000e+03
0.000000000000000000e+00 2.160000000000000000e+02 2.675000000000000000e+03 3.109000000000000000e+03
