1.500000000000000000e+03 1.500000000000000000e+03 1.500000000000000000e+03 1.500000000000000000e+03
1.738000000000000000e+03 9.400000000000000000e+02 1.233000000000000000e+03 2.089000000000000000e+03
1.284000000000000000e+03 2.040000000000000000e+03 1.391000000000000000e+03 1.285000000000000000e+03
1.241000000000000000e+03 7.190000000000000000e+02 1.804000000000000000e+03 2.236000000000000000e+03
6.460000000000000000e+02 2.432000000000000000e+03 8.420000000000000000e+02 2.080000000000000000e+03
2.755000000000000000e+03 7.900000000000000000e+02 1.922000000000000000e+03 5.330000000000000000e+02
1.200000000000000000e+02 1.977000000000000000e+03 2.144000000000000000e+03 1.759000000000000000e+03
3.034000000000000000e+03 2.337000000000000000e+03 3.430000000000000000e+02 2.860000000000000000e+02
1.039000000000000000e+03 6.390000000000000000e+02 3.358000000000000000e+03 9.640000000000000000e+02
3.646000000000000000e+03 0.000000000000000000e+00 6.980000000000000000e+02 1.656000000000000000e+03
0.000000000000000000e+00 1.123000000000000000e+03 1.409000000000000000e+03 3.468000000000000000e+03
1.029000000000000000e+03 2.300000000000000000e+03 2.670000000000000000e+03 1.000000000000000000e+00
1.129000000000000000e+03 2.332000000000000000e+03 0.000000000000000000e+00 2.539000000000000000e+03
2.210000000000000000e+03 2.440000000000000000e+03 1.348000000000000000e+03 2.000000000000000000e+00
7.120000000000000000e+02 1.180000000000000000e+02 1.700000000000000000e+01 5.153000000000000000e+03
