8.610000000000000000e+02 1.047000000000000000e+03 2.378000000000000000e+03 1.714000000000000000e+03
9.310000000000000000e+02 1.068000000000000000e+03 3.325000000000000000e+03 6.760000000000000000e+02
1.562000000000000000e+03 2.635000000000000000e+03 0.000000000000000000e+00 1.803000000000000000e+03
1.376000000000000000e+03 7.490000000000000000e+02 1.814000000000000000e+03 2.061000000000000000e+03
4.249000000000000000e+03 7.240000000000000000e+02 1.026000000000000000e+03 1.000000000000000000e+00
2.064000000000000000e+03 3.950000000000000000e+02 0.000000000000000000e+00 3.541000000000000000e+03
1.402000000000000000e+03 1.365000000000000000e+03 1.677000000000000000e+03 1.556000000000000000e+03
1.443000000000000000e+03 1.318000000000000000e+03 1.635000000000000000e+03 1.604000000000000000e+03
1.453000000000000000e+03 1.319000000000000000e+03 1.636000000000000000e+03 1.592000000000000000e+03
0.000000000000000000e+00 4.300000000000000000e+01 2.938000000000000000e+03 3.019000000000000000e+03
1.235000000000000000e+03 1.342000000000000000e+03 1.756000000000000000e+03 1.667000000000000000e+03
