-3.545700000000000074e+01
6.920815099999999553e-02
-1.944350000000000023e+02
3.091317749999999975e-01
-3.771480000000000246e+02
4.787440960000000079e-01
-2.360900000000000176e+01
4.370811899999999667e-02
-3.049789999999999850e+02
3.334145589999999992e-01
-6.500510000000000446e+02
1.028880399000000168e+00
-2.164999999999999858e+01
3.962149999999999700e-02
-2.584400000000000119e+01
4.489766400000000379e-02
-2.626200000000000045e+01
4.882535600000000031e-02
-3.129139999999999873e+02
5.272486039999999541e-01
-1.672100000000000009e+01
2.635515899999999953e-02
