1.058523741227475681e-03
3.040000000000000000e+02
1.080004467040283911e-03
4.050000000000000000e+02
6.514581610275684345e-03
4.090000000000000000e+02
9.415972787944281537e-04
7.200000000000000000e+01
6.388720406516716632e-03
3.200000000000000000e+01
2.230544929122652703e-02
2.300000000000000000e+01
1.837767413551436935e-03
3.600000000000000000e+01
1.811418753174409094e-03
4.400000000000000000e+01
1.773329206661191336e-03
3.900000000000000000e+01
5.268841001283158104e-02
1.700000000000000000e+01
1.799646446724659449e-03
4.600000000000000000e+01
