1.133784304952426252e-03
1.790000000000000000e+02
1.164899508455455096e-03
3.470000000000000000e+02
8.593432487167606409e-03
1.530000000000000000e+02
5.527900513043720009e-03
1.050000000000000000e+02
3.652624220691193246e-02
1.000000000000000000e+01
3.010787504164071440e-02
1.260000000000000000e+02
4.394087136385608355e-02
2.400000000000000000e+01
3.496934226765877757e-02
2.800000000000000000e+01
5.357786248596219797e-02
2.000000000000000000e+01
1.001869971386551558e-03
5.200000000000000000e+01
