1.500000000000000000e+03 1.500000000000000000e+03 1.500000000000000000e+03 1.500000000000000000e+03
6.240000000000000000e+02 3.311000000000000000e+03 1.321000000000000000e+03 7.440000000000000000e+02
1.679000000000000000e+03 1.173000000000000000e+03 1.083000000000000000e+03 2.065000000000000000e+03
2.335000000000000000e+03 1.063000000000000000e+03 1.942000000000000000e+03 6.600000000000000000e+02
2.487000000000000000e+03 8.840000000000000000e+02 1.691000000000000000e+03 9.380000000000000000e+02
2.780000000000000000e+02 1.125000000000000000e+03 1.312000000000000000e+03 3.285000000000000000e+03
9.130000000000000000e+02 1.287000000000000000e+03 3.538000000000000000e+03 2.620000000000000000e+02
1.402000000000000000e+03 2.568000000000000000e+03 0.000000000000000000e+00 2.030000000000000000e+03
1.379000000000000000e+03 0.000000000000000000e+00 2.129000000000000000e+03 2.492000000000000000e+03
1.713000000000000000e+03 2.584000000000000000e+03 1.701000000000000000e+03 2.000000000000000000e+00
0.000000000000000000e+00 2.089000000000000000e+03 2.265000000000000000e+03 1.646000000000000000e+03
1.029000000000000000e+03 9.100000000000000000e+02 0.000000000000000000e+00 4.061000000000000000e+03
2.904000000000000000e+03 2.665000000000000000e+03 4.290000000000000000e+02 2.000000000000000000e+00
1.700000000000000000e+03 3.573000000000000000e+03 7.260000000000000000e+02 1.000000000000000000e+00
1.011000000000000000e+03 1.337000000000000000e+03 1.858000000000000000e+03 1.794000000000000000e+03
