5.260000000000000000e+02 1.091000000000000000e+03 1.166000000000000000e+03 3.217000000000000000e+03
6.890000000000000000e+02 1.463000000000000000e+03 3.430000000000000000e+02 3.505000000000000000e+03
7.920000000000000000e+02 1.787000000000000000e+03 2.540000000000000000e+02 3.167000000000000000e+03
2.420000000000000000e+02 1.475000000000000000e+03 4.281000000000000000e+03 2.000000000000000000e+00
1.145000000000000000e+03 1.475000000000000000e+03 1.584000000000000000e+03 1.796000000000000000e+03
1.070000000000000000e+03 1.427000000000000000e+03 1.822000000000000000e+03 1.681000000000000000e+03
2.830000000000000000e+02 1.546000000000000000e+03 3.804000000000000000e+03 3.670000000000000000e+02
1.120000000000000000e+03 1.508000000000000000e+03 1.676000000000000000e+03 1.696000000000000000e+03
1.119000000000000000e+03 1.507000000000000000e+03 1.677000000000000000e+03 1.697000000000000000e+03
1.038000000000000000e+03 1.584000000000000000e+03 1.722000000000000000e+03 1.656000000000000000e+03
1.037000000000000000e+03 1.603000000000000000e+03 1.719000000000000000e+03 1.641000000000000000e+03
