9.944229859215072097e-04
1.080000000000000000e+02
1.221546479454548983e-03
1.370000000000000000e+02
1.172431509732431432e-03
1.410000000000000000e+02
1.199162409050186446e-03
3.110000000000000000e+02
1.035893249086933124e-03
3.130000000000000000e+02
1.232790200321825852e-03
4.000000000000000000e+01
1.143519482327918016e-03
1.001000000000000000e+03
8.924407691392136771e-04
4.300000000000000000e+01
9.000320591490348909e-04
4.300000000000000000e+01
1.708508657078887253e-03
3.100000000000000000e+01
1.771889434181519530e-03
4.500000000000000000e+01
