-1.566270000000000095e+02
2.585038709999999962e-01
-2.289190000000000111e+02
3.623184389999999921e-01
-1.548489999999999895e+02
2.664721990000000207e-01
-4.487900000000000205e+02
5.779739000000000404e-01
-1.526999999999999957e+01
2.518309999999999993e-02
-1.768400000000000105e+01
2.617214399999999788e-02
-3.300590000000000259e+02
6.824175190000001390e-01
-1.630399999999999849e+01
2.667958399999999924e-02
-1.645799999999999841e+01
2.752023600000000000e-02
-1.789699999999999847e+01
2.496039100000000191e-02
-1.781800000000000139e+01
2.685887599999999681e-02
