1.500000000000000000e+03 1.500000000000000000e+03 1.500000000000000000e+03 1.500000000000000000e+03
1.408000000000000000e+03 1.376000000000000000e+03 1.811000000000000000e+03 1.405000000000000000e+03
1.106000000000000000e+03 1.458000000000000000e+03 1.505000000000000000e+03 1.931000000000000000e+03
2.935000000000000000e+03 7.540000000000000000e+02 6.950000000000000000e+02 1.616000000000000000e+03
9.680000000000000000e+02 2.775000000000000000e+03 1.602000000000000000e+03 6.550000000000000000e+02
2.527000000000000000e+03 2.854000000000000000e+03 6.170000000000000000e+02 2.000000000000000000e+00
4.140000000000000000e+02 4.500000000000000000e+01 2.527000000000000000e+03 3.014000000000000000e+03
0.000000000000000000e+00 1.539000000000000000e+03 1.081000000000000000e+03 3.380000000000000000e+03
1.570000000000000000e+03 2.600000000000000000e+01 0.000000000000000000e+00 4.404000000000000000e+03
4.790000000000000000e+02 3.316000000000000000e+03 0.000000000000000000e+00 2.205000000000000000e+03
1.811000000000000000e+03 0.000000000000000000e+00 2.457000000000000000e+03 1.732000000000000000e+03
7.900000000000000000e+01 1.674000000000000000e+03 3.734000000000000000e+03 5.130000000000000000e+02
4.547000000000000000e+03 5.870000000000000000e+02 8.650000000000000000e+02 1.000000000000000000e+00
1.593000000000000000e+03 1.742000000000000000e+03 0.000000000000000000e+00 2.665000000000000000e+03
9.250000000000000000e+02 4.008000000000000000e+03 1.065000000000000000e+03 2.000000000000000000e+00
