-3.327110000000000127e+02
4.253194790000000003e-01
-8.937500000000000000e+01
1.793383750000000221e-01
-3.030319999999999823e+02
3.492189759999999588e-01
-3.767359999999999900e+02
4.353263039999999973e-01
-1.233160000000000025e+02
1.606041440000000042e-01
-6.642960000000000491e+02
1.142626384000000161e+00
-2.339900000000000091e+01
4.203379900000001057e-02
-2.049899999999999878e+01
3.652999900000000050e-02
-1.161430000000000007e+02
1.970845509999999690e-01
-2.068129999999999882e+02
3.307840309999999784e-01
-1.251020000000000039e+02
2.299075960000000196e-01
