2.059466579916298390e-03
2.250000000000000000e+02
1.137366920327511797e-03
8.200000000000000000e+01
2.735600060762194245e-03
1.800000000000000000e+02
1.713581811555200951e-02
4.300000000000000000e+01
1.359139907549581847e-02
6.800000000000000000e+01
1.412719572857013559e-03
7.900000000000000000e+01
1.853037597930663402e-02
2.770000000000000000e+02
1.125879691275066038e-03
8.000000000000000000e+01
3.500204146339135763e-02
1.000000000000000000e+01
2.430683260376477126e-02
3.600000000000000000e+01
