1.501157208966088716e-03
1.270000000000000000e+02
2.448132647037284861e-03
2.700000000000000000e+01
1.297396447369869067e-02
1.900000000000000000e+01
2.056002817187765723e-03
1.130000000000000000e+02
8.205633698831982237e-02
1.300000000000000000e+01
1.248535283955829259e-02
2.000000000000000000e+01
1.025382399189394677e-03
3.800000000000000000e+01
8.622542826393871703e-04
8.100000000000000000e+01
3.556667110393054582e-02
3.000000000000000000e+01
5.038839735621092331e-02
5.600000000000000000e+01
5.473312512357487308e-02
1.100000000000000000e+01
