1.560257420650753820e-03
5.000000000000000000e+01
6.203394219784152779e-03
2.500000000000000000e+01
1.556071039528886908e-03
4.000000000000000000e+01
1.093538895381368677e-03
2.710000000000000000e+02
1.897044850693514187e-03
2.320000000000000000e+02
1.197095769131538857e-03
3.290000000000000000e+02
3.976561675671811021e-03
2.850000000000000000e+02
3.951040383532446534e-03
7.900000000000000000e+01
2.862153281258868285e-03
1.500000000000000000e+02
3.757416766375790921e-03
1.480000000000000000e+02
