-2.636599999999999966e+01
4.934004399999999957e-02
-1.589259999999999877e+02
2.660145239999999744e-01
-1.951570000000000107e+02
2.593423510000000265e-01
-2.967570000000000050e+02
3.290819509999999837e-01
-7.982299999999999329e+01
8.435767099999999519e-02
-1.521779999999999973e+02
2.634883160000000002e-01
-1.459720000000000084e+02
2.660332160000000168e-01
-5.707480000000000473e+02
7.761244959999999971e-01
-5.553650000000000091e+02
7.707777749999998873e-01
-5.520979999999999563e+02
8.251383960000000517e-01
-3.438000000000000256e+01
6.247959999999999625e-02
