1.500000000000000000e+03 1.500000000000000000e+03 1.500000000000000000e+03 1.500000000000000000e+03
7.660000000000000000e+02 2.608000000000000000e+03 1.742000000000000000e+03 8.840000000000000000e+02
2.091000000000000000e+03 1.130000000000000000e+03 2.114000000000000000e+03 6.650000000000000000e+02
6.910000000000000000e+02 1.115000000000000000e+03 2.879000000000000000e+03 1.315000000000000000e+03
2.610000000000000000e+03 8.650000000000000000e+02 1.635000000000000000e+03 8.900000000000000000e+02
1.258000000000000000e+03 1.257000000000000000e+03 1.234000000000000000e+03 2.251000000000000000e+03
3.456000000000000000e+03 7.000000000000000000e+02 1.842000000000000000e+03 2.000000000000000000e+00
1.439000000000000000e+03 1.207000000000000000e+03 3.520000000000000000e+02 3.002000000000000000e+03
2.619000000000000000e+03 2.961000000000000000e+03 2.360000000000000000e+02 1.840000000000000000e+02
2.306000000000000000e+03 -1.000000000000000000e+00 1.797000000000000000e+03 1.898000000000000000e+03
4.980000000000000000e+02 2.737000000000000000e+03 8.720000000000000000e+02 1.893000000000000000e+03
0.000000000000000000e+00 3.826000000000000000e+03 8.560000000000000000e+02 1.318000000000000000e+03
1.157000000000000000e+03 1.120000000000000000e+03 3.721000000000000000e+03 2.000000000000000000e+00
0.000000000000000000e+00 2.610000000000000000e+03 7.660000000000000000e+02 2.624000000000000000e+03
2.930000000000000000e+03 5.940000000000000000e+02 0.000000000000000000e+00 2.476000000000000000e+03
