1.288118045142442724e-03
1.850000000000000000e+02
4.343283574368319265e-03
7.400000000000000000e+01
1.393275193864452165e-02
3.000000000000000000e+01
1.167167451952834953e-03
3.000000000000000000e+01
1.325533856553286552e-02
3.100000000000000000e+01
5.438692041346671058e-03
1.240000000000000000e+02
3.800770475762452194e-02
2.900000000000000000e+01
1.405541162307585856e-02
1.670000000000000000e+02
2.520394932773896424e-02
1.040000000000000000e+02
1.328117475972711084e-02
6.300000000000000000e+01
