-3.075000000000000000e+02
3.981220000000000314e-01
-3.331499999999999773e+02
4.241495000000000126e-01
-3.226600000000000250e+02
3.970984000000000180e-01
-3.098890000000000100e+02
4.078446789999999877e-01
-3.061229999999999905e+02
4.641938709999999246e-01
-3.612149999999999750e+02
5.534407749999998849e-01
-1.747899999999999920e+01
2.751555899999999846e-02
-1.760500000000000043e+01
3.148897500000000238e-02
-2.970899999999999963e+01
4.902631899999999876e-02
-2.018299999999999983e+01
3.276351099999999517e-02
-2.054299999999999926e+01
3.722415099999999699e-02
