1.500000000000000000e+03 1.500000000000000000e+03 1.500000000000000000e+03 1.500000000000000000e+03
1.694000000000000000e+03 7.330000000000000000e+02 1.222000000000000000e+03 2.351000000000000000e+03
1.797000000000000000e+03 1.098000000000000000e+03 5.840000000000000000e+02 2.521000000000000000e+03
6.930000000000000000e+02 7.920000000000000000e+02 3.821000000000000000e+03 6.940000000000000000e+02
6.360000000000000000e+02 2.283000000000000000e+03 2.063000000000000000e+03 1.018000000000000000e+03
6.840000000000000000e+02 4.061000000000000000e+03 2.270000000000000000e+02 1.028000000000000000e+03
0.000000000000000000e+00 3.300000000000000000e+02 2.096000000000000000e+03 3.574000000000000000e+03
0.000000000000000000e+00 2.765000000000000000e+03 3.420000000000000000e+02 2.893000000000000000e+03
4.157000000000000000e+03 7.520000000000000000e+02 5.570000000000000000e+02 5.340000000000000000e+02
2.330000000000000000e+03 2.674000000000000000e+03 9.950000000000000000e+02 1.000000000000000000e+00
2.526000000000000000e+03 0.000000000000000000e+00 2.288000000000000000e+03 1.186000000000000000e+03
2.959000000000000000e+03 0.000000000000000000e+00 1.890000000000000000e+02 2.852000000000000000e+03
0.000000000000000000e+00 2.020000000000000000e+03 1.872000000000000000e+03 2.108000000000000000e+03
1.864000000000000000e+03 2.347000000000000000e+03 0.000000000000000000e+00 1.789000000000000000e+03
6.520000000000000000e+02 6.660000000000000000e+02 0.000000000000000000e+00 4.682000000000000000e+03
