9.834164931244071713e-04
2.600000000000000000e+02
1.556875943773090376e-03
8.700000000000000000e+01
1.490211587063613183e-03
8.700000000000000000e+01
1.106358865113286905e-02
3.800000000000000000e+01
1.503631856073987111e-02
2.890000000000000000e+02
1.039467691030928741e-03
1.010000000000000000e+02
1.034434730592861907e-03
1.000000000000000000e+02
1.003950367971730758e-03
3.300000000000000000e+01
1.083573958211150184e-03
6.400000000000000000e+01
1.087517992384234118e-03
6.400000000000000000e+01
3.787857053742698602e-03
3.900000000000000000e+01
