1.131252875884159381e-03
2.680000000000000000e+02
1.043056550712890326e-03
3.790000000000000000e+02
2.293126407327960789e-03
1.330000000000000000e+02
8.084678733170773748e-03
1.060000000000000000e+02
1.142583911737191267e-02
1.030000000000000000e+02
2.543324087622300493e-03
6.000000000000000000e+01
9.809447229259768072e-03
2.600000000000000000e+02
1.047242380204937507e-03
3.500000000000000000e+01
1.571070722928917876e-02
2.800000000000000000e+01
5.388728301603492796e-03
9.200000000000000000e+01
