-3.003700000000000045e+02
3.588170999999999999e-01
-5.092860000000000014e+02
5.285862040000001150e-01
-6.468830000000000382e+02
8.719173110000000282e-01
-3.102069999999999936e+02
5.063901509999999551e-01
-2.359809999999999945e+02
3.660686389999999735e-01
-4.635199999999999676e+01
6.678409599999998725e-02
-4.457399999999999807e+01
6.518052400000000357e-02
-1.728900000000000148e+01
2.800547899999999979e-02
-4.658299999999999841e+01
8.571311099999999461e-02
-4.670700000000000074e+01
8.164715100000000114e-02
-2.021000000000000085e+01
3.560589999999999589e-02
