1.500000000000000000e+03 1.500000000000000000e+03 1.500000000000000000e+03 1.500000000000000000e+03
1.447000000000000000e+03 2.538000000000000000e+03 1.443000000000000000e+03 5.720000000000000000e+02
1.222000000000000000e+03 3.564000000000000000e+03 6.830000000000000000e+02 5.310000000000000000e+02
9.100000000000000000e+02 6.840000000000000000e+02 1.469000000000000000e+03 2.937000000000000000e+03
1.470000000000000000e+03 1.615000000000000000e+03 8.320000000000000000e+02 2.083000000000000000e+03
3.280000000000000000e+03 1.131000000000000000e+03 1.870000000000000000e+02 1.402000000000000000e+03
1.450000000000000000e+03 4.880000000000000000e+02 3.831000000000000000e+03 2.310000000000000000e+02
0.000000000000000000e+00 3.190000000000000000e+03 2.540000000000000000e+02 2.556000000000000000e+03
0.000000000000000000e+00 1.518000000000000000e+03 2.808000000000000000e+03 1.674000000000000000e+03
2.089000000000000000e+03 0.000000000000000000e+00 1.951000000000000000e+03 1.960000000000000000e+03
0.000000000000000000e+00 4.600000000000000000e+01 1.027000000000000000e+03 4.927000000000000000e+03
1.648000000000000000e+03 2.524000000000000000e+03 0.000000000000000000e+00 1.828000000000000000e+03
1.228000000000000000e+03 1.413000000000000000e+03 1.211000000000000000e+03 2.148000000000000000e+03
0.000000000000000000e+00 4.245000000000000000e+03 1.126000000000000000e+03 6.290000000000000000e+02
1.894000000000000000e+03 9.540000000000000000e+02 0.000000000000000000e+00 3.152000000000000000e+03
