-4.272500000000000142e+01
8.413337499999999636e-02
-2.674139999999999873e+02
3.941866040000000515e-01
-5.762980000000000018e+02
8.245971960000001433e-01
-1.657870000000000061e+02
2.499016309999999852e-01
-1.496799999999999997e+01
2.262297599999999603e-02
-8.671599999999999397e+01
9.586934399999998135e-02
-1.533999999999999986e+01
2.245639999999999789e-02
-1.584900000000000020e+01
2.548019899999999852e-02
-1.562700000000000067e+01
2.558587099999999961e-02
-8.571599999999999397e+01
9.213734399999999602e-02
-1.551399999999999935e+01
2.497580400000000075e-02
