1.702894012691993659e-03
5.300000000000000000e+01
1.048906629866450937e-03
9.100000000000000000e+01
1.257491847094282644e-03
1.570000000000000000e+02
1.095965746523843570e-03
9.100000000000000000e+01
1.205902519335161046e-03
1.360000000000000000e+02
3.331851199023230098e-02
1.200000000000000000e+01
1.216699658193202320e-03
1.250000000000000000e+02
1.245025672810407946e-03
2.290000000000000000e+02
2.848697857869402980e-02
2.300000000000000000e+01
1.186235142142512064e-03
1.350000000000000000e+02
