1.182808925223724928e-03
5.800000000000000000e+01
1.016591892906083773e-03
1.870000000000000000e+02
6.367944158639782248e-03
2.070000000000000000e+02
1.438671343667156585e-02
5.400000000000000000e+01
1.192457802247360189e-03
6.600000000000000000e+01
1.383455096570897127e-03
9.700000000000000000e+01
1.168900799598716509e-03
4.700000000000000000e+01
1.022471967436889770e-03
4.300000000000000000e+01
1.135382927227061509e-03
4.800000000000000000e+01
9.764776893454937823e-04
1.530000000000000000e+02
1.186065111054621698e-03
3.800000000000000000e+01
