1.200000000000000000e+03 1.265000000000000000e+03 9.270000000000000000e+02 2.608000000000000000e+03
3.810000000000000000e+02 4.900000000000000000e+01 1.948000000000000000e+03 3.622000000000000000e+03
3.232000000000000000e+03 1.650000000000000000e+03 0.000000000000000000e+00 1.118000000000000000e+03
0.000000000000000000e+00 1.059000000000000000e+03 2.336000000000000000e+03 2.605000000000000000e+03
1.036000000000000000e+03 1.482000000000000000e+03 1.572000000000000000e+03 1.910000000000000000e+03
8.700000000000000000e+02 4.071000000000000000e+03 1.057000000000000000e+03 2.000000000000000000e+00
1.122000000000000000e+03 1.584000000000000000e+03 1.486000000000000000e+03 1.808000000000000000e+03
1.228000000000000000e+03 1.512000000000000000e+03 1.466000000000000000e+03 1.794000000000000000e+03
1.236000000000000000e+03 1.512000000000000000e+03 1.461000000000000000e+03 1.791000000000000000e+03
8.710000000000000000e+02 4.404000000000000000e+03 6.620000000000000000e+02 6.300000000000000000e+01
1.228000000000000000e+03 1.505000000000000000e+03 1.468000000000000000e+03 1.799000000000000000e+03
