1.377901235001438183e-03
1.220000000000000000e+02
2.278280780721851639e-02
1.800000000000000000e+01
1.361613092641557419e-03
2.150000000000000000e+02
1.974604912906589849e-02
1.720000000000000000e+02
2.003523309402256702e-02
2.500000000000000000e+01
1.631569303973231730e-02
1.530000000000000000e+02
4.775574011761218179e-02
1.000000000000000000e+01
3.276405224802957095e-02
1.230000000000000000e+02
1.140566987659023769e-03
2.830000000000000000e+02
3.562528082761450693e-02
1.500000000000000000e+01
