8.030000000000000000e+02 3.040000000000000000e+02 1.237000000000000000e+03 3.656000000000000000e+03
1.589000000000000000e+03 3.350000000000000000e+02 3.620000000000000000e+03 4.560000000000000000e+02
1.291000000000000000e+03 1.380000000000000000e+02 3.218000000000000000e+03 1.353000000000000000e+03
1.557000000000000000e+03 1.225000000000000000e+03 1.385000000000000000e+03 1.833000000000000000e+03
0.000000000000000000e+00 2.518000000000000000e+03 7.600000000000000000e+02 2.722000000000000000e+03
1.189000000000000000e+03 1.797000000000000000e+03 1.200000000000000000e+03 1.814000000000000000e+03
1.183000000000000000e+03 1.729000000000000000e+03 1.437000000000000000e+03 1.651000000000000000e+03
1.186000000000000000e+03 1.735000000000000000e+03 1.428000000000000000e+03 1.651000000000000000e+03
1.173000000000000000e+03 1.785000000000000000e+03 1.411000000000000000e+03 1.631000000000000000e+03
1.172000000000000000e+03 1.786000000000000000e+03 1.411000000000000000e+03 1.631000000000000000e+03
1.175000000000000000e+03 1.788000000000000000e+03 1.417000000000000000e+03 1.620000000000000000e+03
