-2.698140000000000214e+02
4.222214040000000779e-01
-3.070040000000000191e+02
5.265859840000000069e-01
-1.735219999999999914e+02
3.065335160000000614e-01
-3.591899999999999693e+01
6.887043900000000551e-02
-2.104840000000000089e+02
2.583217439999999643e-01
-2.473300000000000054e+01
3.345571099999999215e-02
-2.188200000000000145e+01
3.187207599999999919e-02
-2.306700000000000017e+01
3.619851099999999572e-02
-2.585699999999999932e+01
3.930255099999999807e-02
-2.588800000000000168e+01
3.826545600000001018e-02
-3.048600000000000065e+01
6.448580400000000767e-02
