1.500000000000000000e+03 1.500000000000000000e+03 1.500000000000000000e+03 1.500000000000000000e+03
6.320000000000000000e+02 2.177000000000000000e+03 1.503000000000000000e+03 1.688000000000000000e+03
1.422000000000000000e+03 1.938000000000000000e+03 1.033000000000000000e+03 1.607000000000000000e+03
7.170000000000000000e+02 2.297000000000000000e+03 1.994000000000000000e+03 9.920000000000000000e+02
3.097000000000000000e+03 6.670000000000000000e+02 8.120000000000000000e+02 1.424000000000000000e+03
7.730000000000000000e+02 5.500000000000000000e+02 9.500000000000000000e+02 3.727000000000000000e+03
2.136000000000000000e+03 1.927000000000000000e+03 1.935000000000000000e+03 2.000000000000000000e+00
9.210000000000000000e+02 2.620000000000000000e+02 3.587000000000000000e+03 1.230000000000000000e+03
2.133000000000000000e+03 5.840000000000000000e+02 0.000000000000000000e+00 3.283000000000000000e+03
2.124000000000000000e+03 2.996000000000000000e+03 0.000000000000000000e+00 8.800000000000000000e+02
5.670000000000000000e+02 2.502000000000000000e+03 0.000000000000000000e+00 2.931000000000000000e+03
4.214000000000000000e+03 9.910000000000000000e+02 7.940000000000000000e+02 1.000000000000000000e+00
0.000000000000000000e+00 1.427000000000000000e+03 2.254000000000000000e+03 2.319000000000000000e+03
3.000000000000000000e+00 4.648000000000000000e+03 1.347000000000000000e+03 2.000000000000000000e+00
2.767000000000000000e+03 4.590000000000000000e+02 2.772000000000000000e+03 2.000000000000000000e+00
