1.608461576929464884e-02
1.600000000000000000e+01
1.344646916393941755e-03
9.400000000000000000e+01
1.004129913165719779e-03
5.600000000000000000e+01
1.036995181402223078e-03
3.040000000000000000e+02
1.975227827452909115e-03
1.970000000000000000e+02
1.520901413841281840e-03
1.650000000000000000e+02
5.774517798592873098e-03
3.900000000000000000e+01
4.852139615208675774e-03
6.500000000000000000e+01
2.083450977982096580e-02
4.800000000000000000e+01
1.876302055604894478e-02
5.800000000000000000e+01
