9.784236504757513539e-04
8.600000000000000000e+01
5.308980181988273987e-05
1.000000000000000000e+00
1.111095871083948900e-07
1.000000000000000000e+00
7.537006375108522109e-03
6.700000000000000000e+01
2.299509830369460186e-03
9.900000000000000000e+01
3.384899557416812602e-03
1.180000000000000000e+02
9.920680451511530284e-04
3.800000000000000000e+01
7.225635650467869889e-03
9.500000000000000000e+01
1.043609707522769785e-03
1.530000000000000000e+02
1.028068307553048604e-03
1.450000000000000000e+02
9.899114191760549804e-04
1.630000000000000000e+02
