1.500000000000000000e+03 1.500000000000000000e+03 1.500000000000000000e+03 1.500000000000000000e+03
7.300000000000000000e+02 1.692000000000000000e+03 1.326000000000000000e+03 2.252000000000000000e+03
8.480000000000000000e+02 7.560000000000000000e+02 1.607000000000000000e+03 2.789000000000000000e+03
2.334000000000000000e+03 1.897000000000000000e+03 7.180000000000000000e+02 1.051000000000000000e+03
2.071000000000000000e+03 1.425000000000000000e+03 8.300000000000000000e+02 1.674000000000000000e+03
1.326000000000000000e+03 2.936000000000000000e+03 0.000000000000000000e+00 1.738000000000000000e+03
1.965000000000000000e+03 4.260000000000000000e+02 1.000000000000000000e+02 3.509000000000000000e+03
2.366000000000000000e+03 8.660000000000000000e+02 2.356000000000000000e+03 4.120000000000000000e+02
2.260000000000000000e+02 2.947000000000000000e+03 1.961000000000000000e+03 8.660000000000000000e+02
3.664000000000000000e+03 0.000000000000000000e+00 1.326000000000000000e+03 1.010000000000000000e+03
8.000000000000000000e+01 2.340000000000000000e+02 2.707000000000000000e+03 2.979000000000000000e+03
1.194000000000000000e+03 3.634000000000000000e+03 1.171000000000000000e+03 1.000000000000000000e+00
0.000000000000000000e+00 1.577000000000000000e+03 7.990000000000000000e+02 3.624000000000000000e+03
1.341000000000000000e+03 0.000000000000000000e+00 2.065000000000000000e+03 2.594000000000000000e+03
1.664000000000000000e+03 0.000000000000000000e+00 1.049000000000000000e+03 3.287000000000000000e+03
