1.106341439320066488e-03
5.200000000000000000e+01
1.245052970497766967e-03
4.900000000000000000e+01
1.187940512555372237e-03
6.100000000000000000e+01
1.261547324618667466e-03
6.400000000000000000e+01
8.174275699768168485e-04
3.500000000000000000e+01
1.940133904480478280e-03
3.500000000000000000e+01
7.961190741339488428e-04
3.400000000000000000e+01
2.072350184433325096e-03
3.000000000000000000e+01
1.853586462911562547e-03
3.900000000000000000e+01
1.964939150712112677e-03
2.900000000000000000e+01
1.956498272710034333e-03
3.400000000000000000e+01
