1.152234185660444511e-03
1.320000000000000000e+02
1.418714020720272459e-03
1.080000000000000000e+02
8.164409545580345734e-03
1.080000000000000000e+02
9.599956458805970413e-03
2.010000000000000000e+02
1.134960847110833481e-03
5.300000000000000000e+01
2.061616370548721711e-02
1.310000000000000000e+02
1.019143557802621716e-03
3.300000000000000000e+01
3.095170097008726959e-02
4.100000000000000000e+01
5.746556844287908916e-02
1.000000000000000000e+01
2.354145091102558679e-02
2.300000000000000000e+01
