8.750000000000000000e+02 1.846000000000000000e+03 1.479000000000000000e+03 1.800000000000000000e+03
1.174000000000000000e+03 1.883000000000000000e+03 1.645000000000000000e+03 1.298000000000000000e+03
1.174000000000000000e+03 1.883000000000000000e+03 1.644000000000000000e+03 1.299000000000000000e+03
1.101000000000000000e+03 1.754000000000000000e+03 1.633000000000000000e+03 1.512000000000000000e+03
8.220000000000000000e+02 1.568000000000000000e+03 1.893000000000000000e+03 1.717000000000000000e+03
9.720000000000000000e+02 1.691000000000000000e+03 1.853000000000000000e+03 1.484000000000000000e+03
9.040000000000000000e+02 1.732000000000000000e+03 1.837000000000000000e+03 1.527000000000000000e+03
9.760000000000000000e+02 1.552000000000000000e+03 1.676000000000000000e+03 1.796000000000000000e+03
9.420000000000000000e+02 1.584000000000000000e+03 1.655000000000000000e+03 1.819000000000000000e+03
9.610000000000000000e+02 1.565000000000000000e+03 1.657000000000000000e+03 1.817000000000000000e+03
9.490000000000000000e+02 1.569000000000000000e+03 1.657000000000000000e+03 1.825000000000000000e+03
