1.500000000000000000e+03 1.500000000000000000e+03 1.500000000000000000e+03 1.500000000000000000e+03
2.323000000000000000e+03 1.065000000000000000e+03 1.359000000000000000e+03 1.253000000000000000e+03
1.615000000000000000e+03 3.328000000000000000e+03 5.440000000000000000e+02 5.130000000000000000e+02
7.250000000000000000e+02 6.850000000000000000e+02 4.029000000000000000e+03 5.610000000000000000e+02
7.610000000000000000e+02 1.414000000000000000e+03 3.119000000000000000e+03 7.060000000000000000e+02
5.970000000000000000e+02 2.003000000000000000e+03 1.291000000000000000e+03 2.109000000000000000e+03
9.290000000000000000e+02 4.260000000000000000e+02 8.450000000000000000e+02 3.800000000000000000e+03
8.350000000000000000e+02 2.621000000000000000e+03 2.542000000000000000e+03 2.000000000000000000e+00
2.014000000000000000e+03 2.181000000000000000e+03 0.000000000000000000e+00 1.805000000000000000e+03
4.670000000000000000e+02 1.330000000000000000e+03 2.106000000000000000e+03 2.097000000000000000e+03
0.000000000000000000e+00 1.860000000000000000e+03 3.920000000000000000e+02 3.748000000000000000e+03
6.690000000000000000e+02 1.981000000000000000e+03 2.028000000000000000e+03 1.322000000000000000e+03
0.000000000000000000e+00 3.043000000000000000e+03 1.206000000000000000e+03 1.751000000000000000e+03
2.520000000000000000e+03 2.139000000000000000e+03 1.339000000000000000e+03 2.000000000000000000e+00
8.710000000000000000e+02 0.000000000000000000e+00 2.650000000000000000e+03 2.479000000000000000e+03
