-2.046570000000000107e+02
2.924033510000000335e-01
-3.888650000000000091e+02
5.610307749999999816e-01
-1.168379999999999939e+02
2.027597559999999854e-01
-1.179890000000000043e+02
2.176288790000000251e-01
-4.004519999999999982e+02
4.835036960000000383e-01
-2.743199999999999861e+01
4.811137600000000430e-02
-2.755000000000000071e+01
4.590149999999999786e-02
-2.628800000000000026e+01
4.594505599999999107e-02
-1.839240000000000066e+02
1.989482239999999791e-01
-3.486200000000000188e+01
5.925095599999999352e-02
-3.030300000000000082e+01
5.028119100000000286e-02
