1.193585543120795128e-03
4.460000000000000000e+02
7.224138752619058829e-03
1.650000000000000000e+02
2.683122730309665804e-02
1.270000000000000000e+02
1.858588109740058961e-02
3.000000000000000000e+01
2.567840347999958764e-02
3.900000000000000000e+01
9.614871969984406909e-04
2.300000000000000000e+01
9.089182738261784075e-04
2.700000000000000000e+01
1.023131436227151013e-03
2.700000000000000000e+01
1.394690952210280756e-02
5.100000000000000000e+01
9.425804931764878661e-04
3.600000000000000000e+01
1.838468702882340875e-03
2.800000000000000000e+01
