1.500000000000000000e+03 1.500000000000000000e+03 1.500000000000000000e+03 1.500000000000000000e+03
8.280000000000000000e+02 2.609000000000000000e+03 1.422000000000000000e+03 1.141000000000000000e+03
7.810000000000000000e+02 7.810000000000000000e+02 5.990000000000000000e+02 3.839000000000000000e+03
1.147000000000000000e+03 1.367000000000000000e+03 5.140000000000000000e+02 2.972000000000000000e+03
3.442000000000000000e+03 8.930000000000000000e+02 8.300000000000000000e+02 8.350000000000000000e+02
8.100000000000000000e+02 0.000000000000000000e+00 3.188000000000000000e+03 2.002000000000000000e+03
2.632000000000000000e+03 8.270000000000000000e+02 0.000000000000000000e+00 2.541000000000000000e+03
0.000000000000000000e+00 2.089000000000000000e+03 1.396000000000000000e+03 2.515000000000000000e+03
1.920000000000000000e+03 1.961000000000000000e+03 2.117000000000000000e+03 2.000000000000000000e+00
1.392000000000000000e+03 6.230000000000000000e+02 3.983000000000000000e+03 2.000000000000000000e+00
1.196000000000000000e+03 2.735000000000000000e+03 0.000000000000000000e+00 2.069000000000000000e+03
2.351000000000000000e+03 3.181000000000000000e+03 4.660000000000000000e+02 2.000000000000000000e+00
0.000000000000000000e+00 2.125000000000000000e+03 2.915000000000000000e+03 9.600000000000000000e+02
6.390000000000000000e+02 3.667000000000000000e+03 1.693000000000000000e+03 1.000000000000000000e+00
2.337000000000000000e+03 0.000000000000000000e+00 2.365000000000000000e+03 1.298000000000000000e+03
