9.754419383322879148e-04
5.700000000000000000e+01
7.281597513882218792e-03
1.500000000000000000e+02
1.862609279461409622e-03
4.310000000000000000e+02
9.007046825000819502e-04
4.800000000000000000e+01
9.147700181817060034e-04
7.400000000000000000e+01
8.835538953453844508e-04
4.200000000000000000e+01
5.454287849377278952e-02
2.400000000000000000e+01
2.431868900789052601e-02
7.500000000000000000e+01
1.091756111954949584e-03
5.500000000000000000e+01
1.112638155102404006e-03
6.700000000000000000e+01
1.057187186463374919e-03
5.600000000000000000e+01
