-6.307600000000000051e+01
8.875222399999999068e-02
-1.520329999999999870e+02
1.899459110000000228e-01
-1.505780000000000030e+02
1.769719160000000069e-01
-2.412399999999999878e+01
3.989862400000000059e-02
-2.287199999999999989e+01
3.602761599999999148e-02
-2.010000000000000142e+01
3.579600000000000143e-02
-3.926510000000000105e+02
4.857131990000000399e-01
-4.332269999999999754e+02
6.592494709999998648e-01
-2.046999999999999886e+01
2.790109999999999466e-02
-2.264799999999999969e+01
3.124209600000000045e-02
-2.493400000000000105e+01
3.557764399999999855e-02
