1.500000000000000000e+03 1.500000000000000000e+03 1.500000000000000000e+03 1.500000000000000000e+03
1.113000000000000000e+03 1.008000000000000000e+03 9.530000000000000000e+02 2.926000000000000000e+03
1.259000000000000000e+03 1.918000000000000000e+03 5.930000000000000000e+02 2.230000000000000000e+03
1.904000000000000000e+03 7.990000000000000000e+02 2.144000000000000000e+03 1.153000000000000000e+03
6.580000000000000000e+02 5.430000000000000000e+02 3.699000000000000000e+03 1.100000000000000000e+03
1.785000000000000000e+03 2.482000000000000000e+03 1.731000000000000000e+03 2.000000000000000000e+00
3.240000000000000000e+03 1.528000000000000000e+03 0.000000000000000000e+00 1.232000000000000000e+03
0.000000000000000000e+00 2.234000000000000000e+03 1.891000000000000000e+03 1.875000000000000000e+03
1.081000000000000000e+03 3.342000000000000000e+03 0.000000000000000000e+00 1.577000000000000000e+03
1.720000000000000000e+03 0.000000000000000000e+00 1.411000000000000000e+03 2.869000000000000000e+03
1.217000000000000000e+03 1.839000000000000000e+03 2.942000000000000000e+03 2.000000000000000000e+00
0.000000000000000000e+00 1.102000000000000000e+03 1.705000000000000000e+03 3.193000000000000000e+03
1.564000000000000000e+03 1.252000000000000000e+03 0.000000000000000000e+00 3.184000000000000000e+03
3.362000000000000000e+03 0.000000000000000000e+00 1.329000000000000000e+03 1.309000000000000000e+03
0.000000000000000000e+00 2.368000000000000000e+03 2.180000000000000000e+02 3.414000000000000000e+03
