9.691883474897343117e-04
1.700000000000000000e+02
1.487455656802327657e-02
2.500000000000000000e+01
9.366793147153456081e-03
1.410000000000000000e+02
6.527659085117168414e-03
3.500000000000000000e+01
9.728685935026024209e-04
1.580000000000000000e+02
4.997061707380949513e-02
9.000000000000000000e+00
5.297148202666946554e-02
1.700000000000000000e+01
9.160455780261242409e-04
6.300000000000000000e+01
8.621100702316402981e-04
3.700000000000000000e+01
8.921884628737308028e-04
3.700000000000000000e+01
8.841872866145782453e-04
3.800000000000000000e+01
