1.179066010911672489e-03
6.600000000000000000e+01
8.770314964708751659e-04
2.020000000000000000e+02
9.655070044525536658e-04
5.500000000000000000e+01
9.559974029372782581e-04
8.500000000000000000e+01
1.344249228473376554e-03
6.100000000000000000e+01
2.478954082116799004e-02
2.300000000000000000e+01
1.163452814537636925e-03
1.020000000000000000e+02
1.108316147619086475e-03
1.160000000000000000e+02
8.092934757883944383e-03
4.100000000000000000e+01
9.028875642017026139e-04
4.900000000000000000e+01
