-8.479900000000000659e+01
9.029659899999999129e-02
-1.621550000000000011e+02
2.233689749999999974e-01
-1.622669999999999959e+02
2.547677110000000078e-01
-7.558579999999999472e+02
9.766138359999998464e-01
-8.660299999999999443e+01
1.038273910000000050e-01
-2.050120000000000005e+02
2.830138560000000081e-01
-1.772259999999999991e+02
2.491329240000000333e-01
-2.560600000000000165e+01
3.795076399999999101e-02
-2.609900000000000020e+01
4.409519900000000853e-02
-2.623900000000000077e+01
4.570387899999999587e-02
-2.652499999999999858e+01
4.436937499999999562e-02
