1.500000000000000000e+03 1.500000000000000000e+03 1.500000000000000000e+03 1.500000000000000000e+03 3.230000000000000000e+02 3.720000000000000000e+02 3.380000000000000000e+02 3.700000000000000000e+02
8.090000000000000000e+02 2.217000000000000000e+03 1.255000000000000000e+03 1.719000000000000000e+03 3.810000000000000000e+02 3.430000000000000000e+02 3.480000000000000000e+02 3.840000000000000000e+02
2.069000000000000000e+03 7.540000000000000000e+02 1.526000000000000000e+03 1.651000000000000000e+03 3.740000000000000000e+02 3.390000000000000000e+02 3.580000000000000000e+02 3.440000000000000000e+02
1.358000000000000000e+03 2.220000000000000000e+03 1.357000000000000000e+03 1.065000000000000000e+03 3.340000000000000000e+02 3.300000000000000000e+02 3.320000000000000000e+02 3.500000000000000000e+02
5.490000000000000000e+02 1.226000000000000000e+03 3.636000000000000000e+03 5.890000000000000000e+02 3.560000000000000000e+02 3.610000000000000000e+02 3.210000000000000000e+02 3.730000000000000000e+02
1.351000000000000000e+03 1.627000000000000000e+03 2.080000000000000000e+02 2.814000000000000000e+03 3.450000000000000000e+02 3.560000000000000000e+02 3.400000000000000000e+02 3.630000000000000000e+02
3.408000000000000000e+03 1.712000000000000000e+03 4.240000000000000000e+02 4.560000000000000000e+02 3.450000000000000000e+02 3.560000000000000000e+02 3.400000000000000000e+02 3.630000000000000000e+02
8.600000000000000000e+01 8.650000000000000000e+02 2.010000000000000000e+03 3.039000000000000000e+03 3.450000000000000000e+02 3.560000000000000000e+02 3.400000000000000000e+02 3.630000000000000000e+02
7.690000000000000000e+02 3.510000000000000000e+02 4.440000000000000000e+02 4.436000000000000000e+03 3.450000000000000000e+02 3.560000000000000000e+02 3.400000000000000000e+02 3.630000000000000000e+02
2.050000000000000000e+02 3.329000000000000000e+03 9.790000000000000000e+02 1.487000000000000000e+03 3.450000000000000000e+02 3.560000000000000000e+02 3.400000000000000000e+02 3.630000000000000000e+02
6.700000000000000000e+02 2.966000000000000000e+03 2.018000000000000000e+03 3.460000000000000000e+02 3.450000000000000000e+02 3.570000000000000000e+02 3.400000000000000000e+02 3.640000000000000000e+02
1.225000000000000000e+03 2.739000000000000000e+03 4.100000000000000000e+01 1.995000000000000000e+03 3.450000000000000000e+02 3.560000000000000000e+02 3.400000000000000000e+02 3.630000000000000000e+02
3.400000000000000000e+01 2.028000000000000000e+03 2.213000000000000000e+03 1.725000000000000000e+03 3.450000000000000000e+02 3.560000000000000000e+02 3.400000000000000000e+02 3.630000000000000000e+02
9.160000000000000000e+02 4.204000000000000000e+03 5.330000000000000000e+02 3.470000000000000000e+02 3.450000000000000000e+02 3.560000000000000000e+02 3.400000000000000000e+02 3.630000000000000000e+02
1.415000000000000000e+03 7.600000000000000000e+01 3.069000000000000000e+03 1.440000000000000000e+03 3.450000000000000000e+02 3.560000000000000000e+02 3.400000000000000000e+02 3.630000000000000000e+02
