1.256000000000000000e+03 1.702000000000000000e+03 6.200000000000000000e+02 2.422000000000000000e+03
1.986000000000000000e+03 4.270000000000000000e+02 0.000000000000000000e+00 3.587000000000000000e+03
0.000000000000000000e+00 8.070000000000000000e+02 2.033000000000000000e+03 3.160000000000000000e+03
1.909000000000000000e+03 3.191000000000000000e+03 8.980000000000000000e+02 2.000000000000000000e+00
1.282000000000000000e+03 1.773000000000000000e+03 1.326000000000000000e+03 1.619000000000000000e+03
1.267000000000000000e+03 1.792000000000000000e+03 1.310000000000000000e+03 1.631000000000000000e+03
1.205000000000000000e+03 1.448000000000000000e+03 1.830000000000000000e+03 1.517000000000000000e+03
1.236000000000000000e+03 1.401000000000000000e+03 1.849000000000000000e+03 1.514000000000000000e+03
1.237000000000000000e+03 1.405000000000000000e+03 1.856000000000000000e+03 1.502000000000000000e+03
1.116000000000000000e+03 1.427000000000000000e+03 1.834000000000000000e+03 1.623000000000000000e+03
1.209000000000000000e+03 1.360000000000000000e+03 1.901000000000000000e+03 1.530000000000000000e+03
