1.277329708729528848e-03
1.450000000000000000e+02
4.024142903229978308e-02
2.700000000000000000e+01
2.446537231286623551e-02
1.600000000000000000e+01
2.563559236117268769e-02
2.300000000000000000e+01
1.244331215824123977e-03
7.000000000000000000e+01
1.155520678857119548e-03
7.400000000000000000e+01
7.751807321388340302e-04
3.400000000000000000e+01
9.974309014982513707e-04
3.300000000000000000e+01
1.051659820131190535e-03
3.300000000000000000e+01
1.779611471086160268e-03
2.700000000000000000e+01
1.864954438157666880e-03
3.500000000000000000e+01
