1.064000000000000000e+03 1.743000000000000000e+03 1.070000000000000000e+03 2.123000000000000000e+03
1.355000000000000000e+03 3.089000000000000000e+03 4.560000000000000000e+02 1.100000000000000000e+03
1.665000000000000000e+03 3.042000000000000000e+03 0.000000000000000000e+00 1.293000000000000000e+03
1.661000000000000000e+03 3.036000000000000000e+03 0.000000000000000000e+00 1.303000000000000000e+03
1.186000000000000000e+03 1.392000000000000000e+03 1.606000000000000000e+03 1.816000000000000000e+03
1.186000000000000000e+03 1.391000000000000000e+03 1.606000000000000000e+03 1.817000000000000000e+03
1.281000000000000000e+03 1.357000000000000000e+03 1.506000000000000000e+03 1.856000000000000000e+03
1.169000000000000000e+03 1.705000000000000000e+03 1.556000000000000000e+03 1.570000000000000000e+03
1.189000000000000000e+03 1.656000000000000000e+03 1.547000000000000000e+03 1.608000000000000000e+03
1.213000000000000000e+03 1.597000000000000000e+03 1.527000000000000000e+03 1.663000000000000000e+03
1.211000000000000000e+03 1.611000000000000000e+03 1.517000000000000000e+03 1.661000000000000000e+03
