1.115485548332809324e-03
1.610000000000000000e+02
1.117841018635313838e-03
3.350000000000000000e+02
1.551642830155408386e-03
1.160000000000000000e+02
2.296564064210511978e-03
1.010000000000000000e+02
2.922147633252703252e-03
8.200000000000000000e+01
1.729247881248930502e-02
7.200000000000000000e+01
1.404791699872549871e-02
6.700000000000000000e+01
2.717674161678706318e-02
2.100000000000000000e+01
3.293157405981068930e-02
2.300000000000000000e+01
1.752885453671174792e-02
3.800000000000000000e+01
