1.039238378592125152e-03
2.400000000000000000e+02
1.349221763987286903e-03
4.110000000000000000e+02
1.573015657870120449e-03
3.630000000000000000e+02
1.531857195704634540e-03
4.180000000000000000e+02
8.982631822336751464e-04
3.200000000000000000e+01
8.940644220011896050e-04
3.200000000000000000e+01
9.019519255645042826e-04
4.000000000000000000e+01
8.631361632281230999e-04
3.600000000000000000e+01
8.082379956054189154e-04
3.600000000000000000e+01
1.893845795811493430e-03
3.400000000000000000e+01
2.032260852527711329e-03
3.100000000000000000e+01
