-2.319300000000000139e+01
3.377975100000000369e-02
-8.601399999999999579e+01
1.161298040000000031e-01
-4.036899999999999977e+02
5.106878999999999724e-01
-4.036039999999999850e+02
4.734991840000000174e-01
-1.600000000000000000e+01
2.721399999999999861e-02
-1.542300000000000004e+01
2.459207100000000007e-02
-1.534699999999999953e+01
2.471859100000000156e-02
-2.163800000000000168e+01
3.217695600000000655e-02
-1.840299999999999869e+01
2.718859099999999807e-02
-1.647200000000000131e+01
2.663721599999999828e-02
-1.756899999999999906e+01
2.937123900000000384e-02
