1.251122501586036289e-03
5.400000000000000000e+01
1.126597674301064653e-03
2.020000000000000000e+02
1.121840702735748749e-03
8.100000000000000000e+01
2.314331259172687418e-03
1.560000000000000000e+02
6.132315552511435897e-02
1.800000000000000000e+01
1.200237369762174487e-03
1.470000000000000000e+02
1.080833890999328799e-02
5.300000000000000000e+01
1.604103704208249825e-02
5.700000000000000000e+01
5.957710644663390988e-03
4.600000000000000000e+01
9.689950070921600316e-04
5.900000000000000000e+01
