2.990000000000000000e+02 5.750000000000000000e+02 1.245000000000000000e+03 3.881000000000000000e+03
1.220000000000000000e+03 2.336000000000000000e+03 8.300000000000000000e+02 1.614000000000000000e+03
1.470000000000000000e+03 2.704000000000000000e+03 1.085000000000000000e+03 7.410000000000000000e+02
5.280000000000000000e+02 0.000000000000000000e+00 9.470000000000000000e+02 4.525000000000000000e+03
1.669000000000000000e+03 2.805000000000000000e+03 1.524000000000000000e+03 2.000000000000000000e+00
1.374000000000000000e+03 2.145000000000000000e+03 1.146000000000000000e+03 1.335000000000000000e+03
1.287000000000000000e+03 2.009000000000000000e+03 1.094000000000000000e+03 1.610000000000000000e+03
1.286000000000000000e+03 2.006000000000000000e+03 1.095000000000000000e+03 1.613000000000000000e+03
1.225000000000000000e+03 1.779000000000000000e+03 1.196000000000000000e+03 1.800000000000000000e+03
1.256000000000000000e+03 1.877000000000000000e+03 1.138000000000000000e+03 1.729000000000000000e+03
1.268000000000000000e+03 1.883000000000000000e+03 1.106000000000000000e+03 1.743000000000000000e+03
