-3.174669999999999845e+02
4.644309110000000573e-01
-5.496200000000000330e+01
5.835655600000000387e-02
-8.650900000000000034e+01
1.123379189999999944e-01
-5.449020000000000437e+02
6.854203960000000428e-01
-1.196509999999999962e+02
1.564351989999999692e-01
-4.857200000000000273e+01
6.119081599999999510e-02
-3.669899999999999807e+01
4.807639899999999883e-02
-3.683100000000000307e+01
4.883243899999999832e-02
-2.790399999999999991e+01
5.505078399999999844e-02
-2.994999999999999929e+01
3.893350000000000283e-02
-3.001099999999999923e+01
4.018287899999999774e-02
