1.243864043462987023e-03
1.500000000000000000e+02
1.099971865040244448e-03
1.530000000000000000e+02
1.150880912046338368e-03
1.570000000000000000e+02
5.826110628320460560e-03
5.200000000000000000e+01
6.806833030398464976e-03
4.200000000000000000e+01
1.054018076385747002e-03
1.110000000000000000e+02
1.118845841367722277e-03
8.400000000000000000e+01
1.122824233696874049e-03
8.100000000000000000e+01
1.079047174140073534e-03
5.000000000000000000e+01
1.063523495677891123e-03
4.800000000000000000e+01
1.020555969196926521e-03
4.900000000000000000e+01
