1.325000000000000000e+03 6.220000000000000000e+02 1.078000000000000000e+03 2.975000000000000000e+03
0.000000000000000000e+00 1.347000000000000000e+03 3.534000000000000000e+03 1.119000000000000000e+03
1.732000000000000000e+03 3.649000000000000000e+03 6.180000000000000000e+02 1.000000000000000000e+00
4.385000000000000000e+03 8.790000000000000000e+02 7.340000000000000000e+02 2.000000000000000000e+00
1.517000000000000000e+03 6.880000000000000000e+02 3.794000000000000000e+03 1.000000000000000000e+00
1.440000000000000000e+03 1.787000000000000000e+03 1.081000000000000000e+03 1.692000000000000000e+03
1.141000000000000000e+03 1.746000000000000000e+03 1.713000000000000000e+03 1.400000000000000000e+03
1.126000000000000000e+03 1.678000000000000000e+03 1.731000000000000000e+03 1.465000000000000000e+03
1.172000000000000000e+03 1.754000000000000000e+03 1.649000000000000000e+03 1.425000000000000000e+03
1.167000000000000000e+03 1.764000000000000000e+03 1.649000000000000000e+03 1.420000000000000000e+03
1.137000000000000000e+03 1.819000000000000000e+03 1.656000000000000000e+03 1.388000000000000000e+03
