-1.059429999999999978e+02
1.989397509999999980e-01
-3.446759999999999877e+02
5.957050240000000274e-01
-1.412860000000000014e+02
2.015962040000000011e-01
-3.010950000000000273e+02
3.316719749999999522e-01
-3.549429999999999836e+02
7.099277509999999403e-01
-3.486699999999999733e+01
5.421331100000000014e-02
-2.585800000000000054e+01
3.633383600000000130e-02
-2.088800000000000168e+01
3.234545600000000160e-02
-2.599099999999999966e+01
3.657891900000000140e-02
-2.697800000000000153e+01
4.266351599999999855e-02
-2.971300000000000097e+01
4.045463099999999784e-02
