1.078720150932439750e-03
2.850000000000000000e+02
1.310201003499187906e-03
1.830000000000000000e+02
3.078439488366505744e-02
5.600000000000000000e+01
1.782098859258343920e-03
1.210000000000000000e+02
3.148954774261517736e-02
9.400000000000000000e+01
2.178582765627007020e-02
2.700000000000000000e+01
2.597187630740413478e-02
3.600000000000000000e+01
8.855925820531431380e-04
4.000000000000000000e+01
2.792070142512325867e-02
2.600000000000000000e+01
2.393515082709374645e-02
3.500000000000000000e+01
