1.500000000000000000e+03 1.500000000000000000e+03 1.500000000000000000e+03 1.500000000000000000e+03
5.240000000000000000e+02 3.533000000000000000e+03 9.570000000000000000e+02 9.860000000000000000e+02
1.878000000000000000e+03 8.440000000000000000e+02 2.256000000000000000e+03 1.022000000000000000e+03
2.606000000000000000e+03 1.671000000000000000e+03 8.150000000000000000e+02 9.080000000000000000e+02
1.188000000000000000e+03 2.039000000000000000e+03 1.220000000000000000e+03 1.553000000000000000e+03
1.179000000000000000e+03 3.900000000000000000e+02 1.071000000000000000e+03 3.360000000000000000e+03
2.110000000000000000e+02 1.188000000000000000e+03 3.505000000000000000e+03 1.096000000000000000e+03
0.000000000000000000e+00 1.339000000000000000e+03 1.600000000000000000e+03 3.061000000000000000e+03
4.176000000000000000e+03 0.000000000000000000e+00 3.580000000000000000e+02 1.466000000000000000e+03
1.331000000000000000e+03 1.976000000000000000e+03 2.692000000000000000e+03 1.000000000000000000e+00
1.555000000000000000e+03 2.272000000000000000e+03 0.000000000000000000e+00 2.173000000000000000e+03
1.577000000000000000e+03 2.982000000000000000e+03 1.439000000000000000e+03 2.000000000000000000e+00
1.039000000000000000e+03 1.523000000000000000e+03 1.913000000000000000e+03 1.525000000000000000e+03
3.180000000000000000e+03 0.000000000000000000e+00 1.935000000000000000e+03 8.850000000000000000e+02
1.215000000000000000e+03 0.000000000000000000e+00 2.724000000000000000e+03 2.061000000000000000e+03
