1.143765840653579663e-03
9.200000000000000000e+01
1.185482901340975236e-03
1.410000000000000000e+02
1.122354574606843547e-03
1.370000000000000000e+02
1.117494426375015065e-03
7.100000000000000000e+01
1.065065159394502827e-03
1.010000000000000000e+02
3.786338818980265059e-02
1.400000000000000000e+01
8.188864414241810163e-02
8.000000000000000000e+00
5.430628611425559332e-02
1.100000000000000000e+01
8.248148287249549735e-04
3.400000000000000000e+01
4.023541433396284756e-02
1.000000000000000000e+01
4.038391304474734517e-02
1.800000000000000000e+01
