-2.223600000000000065e+01
3.290630400000000427e-02
-4.723499999999999943e+01
5.570177499999998810e-02
-5.379299999999999926e+01
6.162215099999999307e-02
-2.053300000000000125e+01
2.979091100000000325e-02
-3.267900000000000205e+01
4.156595899999999955e-02
-5.067200000000000273e+02
8.554376000000001312e-01
-9.150400000000000489e+01
1.312979839999999787e-01
-5.981190000000000282e+02
8.296888389999999003e-01
-2.423999999999999844e+01
4.126439999999999969e-02
-5.932709999999999582e+02
9.643995589999998508e-01
-5.896950000000000500e+02
8.302519750000000309e-01
