1.352679909794066984e-03
3.280000000000000000e+02
6.969902059740862472e-03
7.100000000000000000e+01
1.185399782905551544e-03
2.890000000000000000e+02
1.602673313545004835e-02
8.400000000000000000e+01
9.246186101578561523e-03
1.880000000000000000e+02
2.060035968354516703e-02
6.000000000000000000e+01
6.775829196517904607e-02
1.300000000000000000e+01
2.510932117090400664e-02
4.600000000000000000e+01
2.817655537853409192e-02
1.000000000000000000e+01
7.652475172654699294e-03
3.600000000000000000e+01
