-3.820450000000000159e+02
6.332929749999999247e-01
-6.999299999999999500e+01
1.316789510000000163e-01
-6.095900000000000318e+01
1.286053189999999957e-01
-1.642829999999999870e+02
2.658549109999999716e-01
-3.062789999999999964e+02
4.505351590000000184e-01
-2.187350000000000136e+02
3.454567750000000492e-01
-2.447270000000000039e+02
3.864204710000000431e-01
-4.545249999999999773e+02
5.397133750000000507e-01
-1.718679999999999950e+02
2.135565759999999980e-01
-3.658430000000000177e+02
4.167483510000000169e-01
-1.612099999999999866e+01
2.638635900000000159e-02
