1.471334156513887277e-03
1.520000000000000000e+02
1.307241250668432627e-03
1.280000000000000000e+02
1.322156531288870215e-03
1.220000000000000000e+02
1.292014503635231359e-03
1.700000000000000000e+02
1.119099340219593952e-02
1.890000000000000000e+02
2.097719592997979166e-02
2.700000000000000000e+01
1.469702158851874524e-02
3.000000000000000000e+01
8.974733326477782672e-03
1.460000000000000000e+02
3.881510942851540413e-02
1.800000000000000000e+01
4.705352174119305925e-02
1.400000000000000000e+01
1.132634125110681782e-03
4.200000000000000000e+01
