8.630000000000000000e+02 8.130000000000000000e+02 1.110000000000000000e+02 4.213000000000000000e+03
1.370000000000000000e+03 4.380000000000000000e+02 1.455000000000000000e+03 2.737000000000000000e+03
1.275000000000000000e+03 5.100000000000000000e+02 1.499000000000000000e+03 2.716000000000000000e+03
2.260000000000000000e+02 6.720000000000000000e+02 1.888000000000000000e+03 3.214000000000000000e+03
0.000000000000000000e+00 1.199000000000000000e+03 1.385000000000000000e+03 3.416000000000000000e+03
0.000000000000000000e+00 9.120000000000000000e+02 2.994000000000000000e+03 2.094000000000000000e+03
2.130000000000000000e+03 3.146000000000000000e+03 7.230000000000000000e+02 1.000000000000000000e+00
3.690000000000000000e+02 1.260000000000000000e+03 4.370000000000000000e+03 1.000000000000000000e+00
0.000000000000000000e+00 2.608000000000000000e+03 1.790000000000000000e+03 1.602000000000000000e+03
2.794000000000000000e+03 2.961000000000000000e+03 2.430000000000000000e+02 2.000000000000000000e+00
1.212000000000000000e+03 1.604000000000000000e+03 1.415000000000000000e+03 1.769000000000000000e+03
