2.312819883810165733e-01
1.735434248586286421e-01
1.082001788135560916e-01
3.997143967339313042e-02
1.107069199170647583e-01
9.778255648446439185e-02
8.559862202713719448e-02
3.583340349040538275e-02
4.111422281259236727e-02
5.269538041342616830e-02
4.825483850438499339e-02
5.299698377128871790e-02
6.494512432222211695e-02
6.947462332279355501e-02
7.033568557799065035e-02
6.590286219825292058e-02
6.449816034891744931e-02
3.378683806877633838e-02
3.450198234013082677e-02
3.627206309569389747e-02
3.575732636788300778e-02
4.064354932912896817e-02
3.689608808714342492e-02
1.711994352489274243e-02
6.343150750683653784e-03
3.407877113779340938e-02
3.212104538375701313e-02
2.592681778335222814e-02
2.536257664444197327e-02
2.038764816176967185e-02
3.096294042975894500e-02
3.259003635690676387e-02
3.939122284300658472e-02
3.924861011374216474e-02
1.767198682552473255e-02
2.546709172806039048e-02
2.365714159524237928e-02
1.916631853333090191e-03
3.711536358883888408e-03
-2.751915741133269516e-03
-2.758056815008686456e-03
