-5.349135814947668377e-02
0.000000000000000000e+00
-3.011732031166248699e-02
0.000000000000000000e+00
-1.170727869528551297e-02
0.000000000000000000e+00
-1.597715989563706354e-03
0.000000000000000000e+00
-1.225602211752339042e-02
0.000000000000000000e+00
-9.561428352637469860e-03
0.000000000000000000e+00
-7.327124092944697041e-03
0.000000000000000000e+00
-1.284032805706196694e-03
0.000000000000000000e+00
-1.690379317483490552e-03
0.000000000000000000e+00
-2.776803116915698040e-03
0.000000000000000000e+00
-2.328529439084276505e-03
0.000000000000000000e+00
-2.808680288854239603e-03
0.000000000000000000e+00
-4.217869173228886923e-03
0.000000000000000000e+00
-4.826723285844050464e-03
0.000000000000000000e+00
-4.947108665725961744e-03
0.000000000000000000e+00
-4.343187245921913998e-03
0.000000000000000000e+00
-4.160012688394667049e-03
0.000000000000000000e+00
-1.141550426685713961e-03
0.000000000000000000e+00
-1.190386785398699510e-03
0.000000000000000000e+00
-1.315662561217999151e-03
0.000000000000000000e+00
-1.278586388979301419e-03
0.000000000000000000e+00
-1.651898102069339694e-03
0.000000000000000000e+00
-1.361321316134247008e-03
0.000000000000000000e+00
-2.930924662955169610e-04
0.000000000000000000e+00
-4.023556144589859906e-05
0.000000000000000000e+00
-1.161362642262101126e-03
0.000000000000000000e+00
-1.031761556545377672e-03
0.000000000000000000e+00
-6.721998803711493053e-04
0.000000000000000000e+00
-6.432602940451934582e-04
0.000000000000000000e+00
-4.156561975681102882e-04
0.000000000000000000e+00
-9.587036800568010057e-04
0.000000000000000000e+00
-1.062110469744504586e-03
0.000000000000000000e+00
-1.551668437067403724e-03
0.000000000000000000e+00
-1.540453395860543785e-03
0.000000000000000000e+00
-3.122991183615197357e-04
0.000000000000000000e+00
-6.485727610854419940e-04
0.000000000000000000e+00
-5.596603484573471968e-04
0.000000000000000000e+00
-3.673477661211035958e-06
0.000000000000000000e+00
-1.377550214331707272e-05
0.000000000000000000e+00
-7.573040246297072078e-06
0.000000000000000000e+00
-7.606877394815859504e-06
0.000000000000000000e+00
