2.256023554784991614e-05
4.000000000000000000e+00
2.165323511429353975e-03
3.000000000000000000e+00
2.224818390713478866e-03
3.000000000000000000e+00
3.627348189760848385e-06
2.000000000000000000e+00
6.790377511223244511e-06
4.000000000000000000e+00
1.180703980696584665e-07
4.000000000000000000e+00
2.929494053727221825e-07
4.000000000000000000e+00
1.100564256950598008e-05
4.000000000000000000e+00
2.465631958343761365e-03
3.000000000000000000e+00
4.570236597584154126e-06
4.000000000000000000e+00
2.564293134221795611e-06
4.000000000000000000e+00
4.391720255708664311e-06
4.000000000000000000e+00
2.528497363974979706e-03
3.000000000000000000e+00
2.106657216947749323e-03
3.000000000000000000e+00
4.139050452933723534e-06
4.000000000000000000e+00
1.239692943938441871e-06
4.000000000000000000e+00
3.127045374459735960e-06
4.000000000000000000e+00
4.419454318446008889e-06
4.000000000000000000e+00
2.355270316712915896e-06
4.000000000000000000e+00
2.419500463035651264e-03
3.000000000000000000e+00
8.700694582209830830e-06
4.000000000000000000e+00
3.082610900373428109e-06
4.000000000000000000e+00
6.536473757066257884e-06
4.000000000000000000e+00
4.162196091617165195e-06
4.000000000000000000e+00
2.633352736048949483e-03
3.000000000000000000e+00
2.556080501029678320e-03
3.000000000000000000e+00
1.573562861227617571e-06
4.000000000000000000e+00
2.891862650178378402e-06
4.000000000000000000e+00
2.642768768233515198e-03
3.000000000000000000e+00
3.709336900525883607e-06
4.000000000000000000e+00
2.736657608945688991e-03
3.000000000000000000e+00
1.484668634310626345e-06
4.000000000000000000e+00
3.183917788557311113e-06
4.000000000000000000e+00
2.131140023453603760e-06
2.000000000000000000e+00
2.475057442952427467e-03
3.000000000000000000e+00
1.802993898236682213e-06
4.000000000000000000e+00
2.834684508762341792e-06
4.000000000000000000e+00
2.148939153193724083e-03
3.000000000000000000e+00
1.419153962024799487e-05
4.000000000000000000e+00
6.514194388290706073e-05
4.000000000000000000e+00
3.860165989486019633e-05
4.000000000000000000e+00
