2.169514244457116381e-01
2.695518507857903034e-01
1.238267214106753278e-01
1.719314486299027833e-01
9.072188906172576339e-02
1.241075736749568809e-01
3.128221234143171436e-01
1.600203092343407962e-02
1.795819934418171893e-01
1.074985359995535850e-01
7.846671431168571187e-02
3.963457228958063294e-01
9.353032952680828682e-02
1.790396622813576755e-01
1.475918506803905461e-01
1.449846026109606612e-01
4.355263005981657720e-02
1.732948174848903539e-02
4.499892083500987849e-02
8.727327535781062573e-02
8.004464732596658361e-02
2.704063294694632538e-02
1.951340152125906058e-01
8.149924893803725534e-02
3.767267835091755446e-01
3.055627375387838240e-01
1.347961864371373664e-01
1.526040123347339461e-01
2.418785973146234392e-01
3.652595606722073285e-01
9.735162929072949112e-02
6.251331821523911647e-02
4.119001898143891394e-01
1.398997182960400598e-01
5.050156121397627595e-01
9.354936115289774756e-02
2.999810471497595388e-01
9.592769370773104876e-02
2.512061359986625941e-01
4.819326185622062331e-02
2.083571955300779488e-01
1.690959509176303555e-01
2.767196357620005931e-01
1.886436257814902984e-01
2.502738215627623580e-02
3.613752998603906863e-01
1.336305883303055830e-01
2.303733670198678529e-01
6.983494070984877511e-02
1.124907179395296525e-01
5.746971895579518208e-02
6.358348936436331034e-02
9.148055479915580268e-02
1.685244950448120671e-01
1.902725433348169404e-01
