-8.297799529742599933e-02
2.203244934421580981e-01
-4.998856251826551134e-01
-1.976674273681602312e-01
-3.532441091828869562e-01
-4.076614052312022007e-01
-3.137397886223290966e-01
-1.544392729569522560e-01
-1.032325257693300635e-01
3.881673400335694524e-02
-8.080548559670519548e-02
1.852195003967594955e-01
-2.955477502684825675e-01
3.781174363909454161e-01
-4.726124068020738367e-01
5.000000000000000000e-01
5.000000000000000000e-01
4.218171528776254453e-01
2.994257041439730149e-01
-2.070638661375310552e-01
3.860214900360532386e-01
3.681145224738531230e-01
-3.001290040342914356e-01
-2.913581685936510457e-01
3.257717221646077022e-01
3.200543828998360651e-01
-2.710363684700864417e-01
-2.536848253351333127e-01
-2.469478847768932506e-01
3.484128361952394948e-01
3.425201354084521088e-01
-2.506864978636422214e-01
2.989321869160045386e-01
2.997324498520823610e-01
3.029667603569883849e-01
3.024588320711878442e-01
3.098137085644537270e-01
3.051327960107232951e-01
2.804019012997708837e-01
2.680119872171012885e-01
-2.728803935356636234e-01
-2.755312750784963960e-01
-2.840069007308739790e-01
2.936474157562251053e-01
2.879031967465676134e-01
-2.662297517892938670e-01
-2.640370476424672708e-01
-2.541310117588480577e-01
-2.542947065457193401e-01
2.843402848927265025e-01
-2.715888721232692093e-01
2.917413830215507264e-01
2.633885594613181724e-01
2.666482248089685481e-01
2.585843624584099887e-01
