1.040412550012010107e-01
2.489942187601093815e-01
-9.058176547797034406e-01
-3.063762830775007637e-03
5.552579436729361273e-01
-4.218200865225379959e-01
-3.872905300827315656e-01
3.166274781222389034e-02
9.437912449775331947e-01
4.844346524025745504e-01
-2.346825948457200717e-01
2.693408110278294743e-02
5.016068326407063793e-01
3.613900793847261705e-01
-2.286226946072746347e-01
5.947545571489637473e-02
-3.135740921595098207e-02
-1.034317710912265598e-01
8.622532494345496179e-01
4.485880949739440848e-01
-1.654217889470328273e-01
-3.523817852405033424e-01
-2.581658100901700892e-01
-2.753540499155425758e-01
-4.981797516831260597e-01
5.855588321544967778e-01
-5.413479842744706172e-01
-2.479020746875296166e-01
-7.345419370645651924e-02
-5.771892252220195418e-01
-9.726381773796255893e-04
7.774013708721755345e-01
2.004780185439120344e-01
1.891173663142692585e-01
-1.366066157057122064e-03
2.836937328661716107e-01
-3.727204725535956387e-01
-6.625037679505527688e-01
-8.606143680518275607e-01
6.355331976377707193e-01
2.066451294847916897e-01
4.762867402503568881e-01
1.084820644172358878e-01
-3.343794630258591916e-01
2.473111689344876518e-01
-1.966735282393405337e-01
-3.605418333775483042e-01
7.906659603769303213e-02
8.413659179037884517e-01
6.444181258890147035e-01
1.480557820371097844e-01
-6.815031217669511587e-01
2.095306613961404330e-01
-4.719757210166529160e-01
-1.340333456978008320e+00
