-8.196699999999999875e+01
1.576579109999999839e-01
-4.307000000000000028e+01
6.584710000000000563e-02
-7.217000000000000171e+01
1.271731000000000111e-01
-4.717900000000000205e+02
6.114178999999999586e-01
-3.064460000000000264e+02
3.624390839999999669e-01
-1.643069999999999879e+02
2.977427509999999722e-01
-2.532290000000000134e+02
4.192485590000000206e-01
-1.446210000000000093e+02
2.679113590000000156e-01
-1.449970000000000141e+02
2.581549910000000003e-01
-1.414209999999999923e+02
2.495217590000000096e-01
-1.451910000000000025e+02
2.504545189999999866e-01
