8.920000000000000000e+02 1.242000000000000000e+03 1.014000000000000000e+03 2.852000000000000000e+03
8.540000000000000000e+02 1.913000000000000000e+03 8.310000000000000000e+02 2.402000000000000000e+03
8.400000000000000000e+02 1.746000000000000000e+03 6.780000000000000000e+02 2.736000000000000000e+03
7.540000000000000000e+02 1.710000000000000000e+02 4.270000000000000000e+02 4.648000000000000000e+03
3.946000000000000000e+03 8.860000000000000000e+02 1.166000000000000000e+03 2.000000000000000000e+00
1.812000000000000000e+03 1.350000000000000000e+03 2.837000000000000000e+03 1.000000000000000000e+00
1.936000000000000000e+03 9.430000000000000000e+02 3.119000000000000000e+03 2.000000000000000000e+00
1.798000000000000000e+03 1.530000000000000000e+02 2.742000000000000000e+03 1.307000000000000000e+03
1.799000000000000000e+03 1.510000000000000000e+02 2.742000000000000000e+03 1.308000000000000000e+03
1.798000000000000000e+03 1.930000000000000000e+02 2.716000000000000000e+03 1.293000000000000000e+03
1.804000000000000000e+03 1.630000000000000000e+02 2.749000000000000000e+03 1.284000000000000000e+03
