9.283894695086541277e-04
7.200000000000000000e+01
9.518652332024425807e-04
1.250000000000000000e+02
1.054841821066776790e-03
2.150000000000000000e+02
1.274838901658218717e-03
2.910000000000000000e+02
1.139036809725720890e-03
1.150000000000000000e+02
1.540793607678143592e-02
5.900000000000000000e+01
9.298481424084964128e-03
7.700000000000000000e+01
1.155301434178991442e-03
2.900000000000000000e+02
1.146537952470349326e-03
2.030000000000000000e+02
1.158750294574463187e-03
2.520000000000000000e+02
1.163113449162600684e-03
2.670000000000000000e+02
