1.500000000000000000e+03 1.500000000000000000e+03 1.500000000000000000e+03 1.500000000000000000e+03 3.160000000000000000e+02 3.620000000000000000e+02 3.740000000000000000e+02 3.520000000000000000e+02
2.111000000000000000e+03 7.130000000000000000e+02 9.080000000000000000e+02 2.268000000000000000e+03 3.760000000000000000e+02 3.910000000000000000e+02 3.060000000000000000e+02 3.450000000000000000e+02
1.007000000000000000e+03 1.373000000000000000e+03 2.288000000000000000e+03 1.332000000000000000e+03 3.730000000000000000e+02 3.630000000000000000e+02 3.180000000000000000e+02 3.590000000000000000e+02
1.255000000000000000e+03 1.454000000000000000e+03 1.690000000000000000e+03 1.601000000000000000e+03 3.430000000000000000e+02 3.650000000000000000e+02 3.360000000000000000e+02 3.680000000000000000e+02
2.265000000000000000e+03 8.140000000000000000e+02 6.500000000000000000e+02 2.271000000000000000e+03 3.500000000000000000e+02 3.630000000000000000e+02 3.590000000000000000e+02 3.350000000000000000e+02
1.282000000000000000e+03 6.380000000000000000e+02 2.158000000000000000e+03 1.922000000000000000e+03 3.480000000000000000e+02 3.620000000000000000e+02 3.310000000000000000e+02 3.680000000000000000e+02
1.917000000000000000e+03 3.131000000000000000e+03 6.060000000000000000e+02 3.460000000000000000e+02 3.450000000000000000e+02 3.560000000000000000e+02 3.390000000000000000e+02 3.630000000000000000e+02
3.830000000000000000e+02 2.506000000000000000e+03 9.870000000000000000e+02 2.124000000000000000e+03 3.450000000000000000e+02 3.560000000000000000e+02 3.390000000000000000e+02 3.630000000000000000e+02
4.000000000000000000e+00 5.620000000000000000e+02 1.591000000000000000e+03 3.843000000000000000e+03 3.450000000000000000e+02 3.560000000000000000e+02 3.400000000000000000e+02 3.630000000000000000e+02
3.280000000000000000e+02 3.970000000000000000e+02 4.252000000000000000e+03 1.023000000000000000e+03 3.450000000000000000e+02 3.560000000000000000e+02 3.400000000000000000e+02 3.630000000000000000e+02
3.383000000000000000e+03 8.340000000000000000e+02 1.437000000000000000e+03 3.460000000000000000e+02 3.450000000000000000e+02 3.560000000000000000e+02 3.390000000000000000e+02 3.630000000000000000e+02
1.369000000000000000e+03 1.450000000000000000e+02 1.119000000000000000e+03 3.367000000000000000e+03 3.450000000000000000e+02 3.570000000000000000e+02 3.390000000000000000e+02 3.630000000000000000e+02
6.090000000000000000e+02 4.475000000000000000e+03 5.700000000000000000e+02 3.460000000000000000e+02 3.450000000000000000e+02 3.560000000000000000e+02 3.400000000000000000e+02 3.630000000000000000e+02
1.084000000000000000e+03 2.511000000000000000e+03 2.500000000000000000e+01 2.380000000000000000e+03 3.430000000000000000e+02 3.560000000000000000e+02 3.420000000000000000e+02 3.620000000000000000e+02
3.040000000000000000e+03 2.281000000000000000e+03 3.340000000000000000e+02 3.450000000000000000e+02 3.430000000000000000e+02 3.560000000000000000e+02 3.420000000000000000e+02 3.630000000000000000e+02
