1.014674204948372641e-03
2.450000000000000000e+02
9.596700731908174367e-03
7.000000000000000000e+01
9.514935637749339856e-03
1.070000000000000000e+02
4.295627646751638135e-02
1.400000000000000000e+01
6.514192703558627402e-03
6.800000000000000000e+01
2.769167228338795250e-02
2.500000000000000000e+01
6.676731929436470481e-03
9.900000000000000000e+01
1.021897132631497188e-02
3.400000000000000000e+01
8.100193176670772433e-02
1.000000000000000000e+01
5.522004633426989828e-02
2.300000000000000000e+01
