1.306920717312041189e-03
1.530000000000000000e+02
4.122859407202679981e-03
1.800000000000000000e+02
1.782810917804854376e-03
3.000000000000000000e+01
9.638990462798773320e-03
3.900000000000000000e+01
5.504066983079713288e-03
4.800000000000000000e+01
9.675528559720601544e-04
3.800000000000000000e+01
9.641574327567495892e-04
4.600000000000000000e+01
1.769698117270801898e-03
3.200000000000000000e+01
7.630583196891992104e-04
3.000000000000000000e+01
1.612723861999929053e-03
3.500000000000000000e+01
1.640248910225229574e-03
4.000000000000000000e+01
