-6.908199999999999363e+01
8.459127600000000691e-02
-3.974540000000000077e+02
5.595438839999998804e-01
-1.844300000000000139e+01
3.186675099999999872e-02
-5.448150000000000546e+02
7.924087749999998431e-01
-7.859809999999999945e+02
1.056092639000000055e+00
-4.139399999999999835e+01
8.893876399999998961e-02
-3.864200000000000301e+01
6.687583599999999406e-02
-1.537299999999999933e+01
2.723387099999999977e-02
-1.601800000000000068e+01
2.725167599999999551e-02
-1.617500000000000071e+01
2.940637500000000196e-02
-1.456700000000000017e+01
2.739951100000000486e-02
