2.366000000000000000e+03 1.663000000000000000e+03 0.000000000000000000e+00 1.971000000000000000e+03
2.721000000000000000e+03 1.677000000000000000e+03 0.000000000000000000e+00 1.602000000000000000e+03
2.722000000000000000e+03 1.679000000000000000e+03 0.000000000000000000e+00 1.599000000000000000e+03
8.580000000000000000e+02 1.575000000000000000e+03 1.724000000000000000e+03 1.843000000000000000e+03
1.043000000000000000e+03 1.600000000000000000e+03 1.736000000000000000e+03 1.621000000000000000e+03
1.019000000000000000e+03 1.601000000000000000e+03 1.713000000000000000e+03 1.667000000000000000e+03
9.950000000000000000e+02 1.559000000000000000e+03 1.674000000000000000e+03 1.772000000000000000e+03
9.880000000000000000e+02 1.562000000000000000e+03 1.678000000000000000e+03 1.772000000000000000e+03
9.740000000000000000e+02 1.588000000000000000e+03 1.674000000000000000e+03 1.764000000000000000e+03
9.610000000000000000e+02 1.569000000000000000e+03 1.813000000000000000e+03 1.657000000000000000e+03
9.920000000000000000e+02 1.487000000000000000e+03 1.727000000000000000e+03 1.794000000000000000e+03
