1.897462662687500945e-03
1.690000000000000000e+02
9.788924234176332902e-04
1.350000000000000000e+02
5.939279569058558521e-03
4.900000000000000000e+01
1.142252929492989589e-03
1.160000000000000000e+02
1.176835907904723484e-02
2.300000000000000000e+01
2.631250403880328048e-02
3.800000000000000000e+01
7.543863869088497827e-03
1.580000000000000000e+02
1.541781054942613707e-02
3.080000000000000000e+02
3.059468957079435752e-02
4.400000000000000000e+01
1.923679706159776848e-02
2.580000000000000000e+02
