-5.270570000000000164e+02
7.373857509999999227e-01
-5.684679999999999609e+02
7.585189760000000669e-01
-5.674339999999999691e+02
7.028936440000000951e-01
-1.755199999999999960e+01
2.695329599999999812e-02
-1.837099999999999866e+01
2.673535899999999674e-02
-1.799699999999999989e+01
2.718899099999999916e-02
-1.678300000000000125e+01
2.510591099999999465e-02
-1.639699999999999847e+01
2.349339099999999889e-02
-1.678300000000000125e+01
2.508191099999999840e-02
-1.918100000000000094e+01
2.809023899999999602e-02
-1.713200000000000145e+01
2.519457599999999978e-02
