5.140964424417344622e-03
1.950000000000000000e+02
4.646238204038520905e-03
1.960000000000000000e+02
4.618011047256889365e-03
1.970000000000000000e+02
8.276004079003561288e-04
3.500000000000000000e+01
7.808747411999516531e-04
3.100000000000000000e+01
7.344463296283214185e-04
3.800000000000000000e+01
8.831093322789963958e-04
3.600000000000000000e+01
7.358532646577699461e-04
3.300000000000000000e+01
8.295670813213153715e-04
3.900000000000000000e+01
9.310065495714697770e-04
3.700000000000000000e+01
2.166343883592641156e-03
3.200000000000000000e+01
