1.500000000000000000e+03 1.500000000000000000e+03 1.500000000000000000e+03 1.500000000000000000e+03
2.434000000000000000e+03 6.180000000000000000e+02 1.966000000000000000e+03 9.820000000000000000e+02
1.238000000000000000e+03 2.058000000000000000e+03 1.330000000000000000e+03 1.374000000000000000e+03
9.920000000000000000e+02 1.355000000000000000e+03 2.731000000000000000e+03 9.220000000000000000e+02
1.046000000000000000e+03 6.180000000000000000e+02 7.400000000000000000e+02 3.596000000000000000e+03
-1.000000000000000000e+00 2.166000000000000000e+03 3.000000000000000000e+01 3.805000000000000000e+03
9.240000000000000000e+02 3.457000000000000000e+03 1.371000000000000000e+03 2.480000000000000000e+02
2.693000000000000000e+03 1.669000000000000000e+03 0.000000000000000000e+00 1.638000000000000000e+03
2.840000000000000000e+02 1.564000000000000000e+03 1.894000000000000000e+03 2.258000000000000000e+03
9.350000000000000000e+02 2.410000000000000000e+03 2.653000000000000000e+03 2.000000000000000000e+00
2.090000000000000000e+03 1.783000000000000000e+03 2.126000000000000000e+03 1.000000000000000000e+00
0.000000000000000000e+00 3.483000000000000000e+03 1.460000000000000000e+02 2.371000000000000000e+03
0.000000000000000000e+00 4.790000000000000000e+02 2.974000000000000000e+03 2.547000000000000000e+03
1.195000000000000000e+03 7.850000000000000000e+02 4.019000000000000000e+03 1.000000000000000000e+00
0.000000000000000000e+00 2.120000000000000000e+03 2.305000000000000000e+03 1.575000000000000000e+03
