-1.585299999999999976e+01
2.705739100000000008e-02
-1.560500000000000114e+02
2.968554999999999944e-01
-8.856300000000000239e+01
1.050000310000000214e-01
-1.858099999999999952e+01
3.532943900000000415e-02
-1.531099999999999994e+01
2.281427900000000328e-02
-1.660099999999999909e+01
3.081779899999999989e-02
-1.639099999999999824e+01
2.812011899999999898e-02
-1.661499999999999844e+01
2.802277500000000324e-02
-5.513049999999999500e+02
7.769539750000000744e-01
-1.662300000000000111e+01
2.530287100000000108e-02
-5.525500000000000256e+01
1.073839749999999926e-01
