1.331257076830278220e-03
3.900000000000000000e+01
4.432649529284410882e-03
8.600000000000000000e+01
1.109863466078441288e-02
4.400000000000000000e+01
1.340949114329860166e-03
1.320000000000000000e+02
4.630561706833870132e-03
1.860000000000000000e+02
6.776716485215432406e-03
3.700000000000000000e+01
9.033447520009403597e-03
6.800000000000000000e+01
1.283714637335742030e-02
1.280000000000000000e+02
1.804006040673181155e-02
1.600000000000000000e+01
1.331060156544148013e-02
9.200000000000000000e+01
