1.873152348324297247e-03
3.100000000000000000e+01
5.154589799559407270e-02
8.000000000000000000e+00
4.828780393279084177e-02
9.000000000000000000e+00
1.379316104110591464e-03
7.000000000000000000e+01
1.130534427680845912e-03
4.800000000000000000e+01
1.110983859751986467e-03
6.700000000000000000e+01
1.139594320490538255e-03
4.900000000000000000e+01
1.105648732131292748e-03
5.400000000000000000e+01
4.277296335296929854e-03
3.900000000000000000e+01
9.069934299087217214e-04
4.200000000000000000e+01
1.922517290593981059e-03
2.900000000000000000e+01
