1.207000000000000000e+03 1.289000000000000000e+03 1.291000000000000000e+03 2.213000000000000000e+03
1.936000000000000000e+03 1.530000000000000000e+03 2.532000000000000000e+03 2.000000000000000000e+00
1.125000000000000000e+03 3.199000000000000000e+03 1.674000000000000000e+03 2.000000000000000000e+00
7.940000000000000000e+02 1.278000000000000000e+03 1.728000000000000000e+03 2.200000000000000000e+03
9.920000000000000000e+02 1.517000000000000000e+03 1.437000000000000000e+03 2.054000000000000000e+03
1.316000000000000000e+03 1.251000000000000000e+03 1.438000000000000000e+03 1.995000000000000000e+03
1.311000000000000000e+03 1.234000000000000000e+03 1.452000000000000000e+03 2.003000000000000000e+03
1.316000000000000000e+03 1.197000000000000000e+03 1.480000000000000000e+03 2.007000000000000000e+03
3.100000000000000000e+01 0.000000000000000000e+00 1.410000000000000000e+03 4.559000000000000000e+03
1.104000000000000000e+03 1.579000000000000000e+03 1.147000000000000000e+03 2.170000000000000000e+03
8.020000000000000000e+02 1.092000000000000000e+03 1.409000000000000000e+03 2.697000000000000000e+03
