1.039149681734859165e-03
9.700000000000000000e+01
1.198498074847753527e-03
1.900000000000000000e+01
3.513852052061309378e-02
2.400000000000000000e+01
1.122214960882788118e-03
6.400000000000000000e+01
3.134530592396100879e-02
7.000000000000000000e+00
2.097045344302235145e-02
2.700000000000000000e+01
1.012834282237415730e-03
9.700000000000000000e+01
1.137659933061675515e-03
1.230000000000000000e+02
2.292660704223454735e-02
5.000000000000000000e+01
1.241802905089001759e-03
5.900000000000000000e+01
