1.236153833638204292e-03
1.050000000000000000e+02
1.235723523257612356e-03
1.750000000000000000e+02
1.131348647585835206e-02
8.000000000000000000e+01
3.283822511690463047e-02
2.800000000000000000e+01
1.570054988697210802e-02
2.900000000000000000e+01
3.073972999618861460e-02
1.800000000000000000e+01
6.994159145657144992e-03
3.650000000000000000e+02
7.881432227364629575e-03
2.640000000000000000e+02
1.247150527836186906e-02
3.200000000000000000e+01
1.634577260640703716e-02
2.200000000000000000e+01
1.039564569981659293e-03
3.200000000000000000e+01
