-6.999899999999999523e+01
1.009069990000000111e-01
-1.024399999999999977e+02
2.017064000000000079e-01
-2.302510000000000048e+02
4.125839989999999236e-01
-3.920500000000000114e+02
5.006874999999999520e-01
-1.253299999999999983e+02
1.901770999999999878e-01
-1.064369999999999976e+02
1.387540310000000277e-01
-1.643309999999999889e+02
2.339894389999999935e-01
-1.641479999999999961e+02
2.446540960000000153e-01
-8.924099999999999966e+01
9.561891899999999667e-02
-1.792069999999999936e+02
1.868721510000000141e-01
-2.693400000000000105e+01
4.484164399999999995e-02
