8.990000000000000000e+02 2.293000000000000000e+03 2.249000000000000000e+03 5.590000000000000000e+02
1.316000000000000000e+03 7.670000000000000000e+02 2.874000000000000000e+03 1.043000000000000000e+03
0.000000000000000000e+00 1.228000000000000000e+03 3.054000000000000000e+03 1.718000000000000000e+03
4.210000000000000000e+02 3.026000000000000000e+03 0.000000000000000000e+00 2.553000000000000000e+03
3.290000000000000000e+02 3.135000000000000000e+03 2.534000000000000000e+03 2.000000000000000000e+00
5.610000000000000000e+02 3.104000000000000000e+03 2.333000000000000000e+03 2.000000000000000000e+00
1.558000000000000000e+03 0.000000000000000000e+00 2.537000000000000000e+03 1.905000000000000000e+03
1.593000000000000000e+03 0.000000000000000000e+00 2.504000000000000000e+03 1.903000000000000000e+03
4.350000000000000000e+02 4.116000000000000000e+03 1.448000000000000000e+03 1.000000000000000000e+00
0.000000000000000000e+00 3.527000000000000000e+03 4.890000000000000000e+02 1.984000000000000000e+03
1.448000000000000000e+03 1.197000000000000000e+03 1.761000000000000000e+03 1.594000000000000000e+03
