1.413242873541966076e-03
1.190000000000000000e+02
2.775486320618226598e-03
1.040000000000000000e+02
3.745535144188177380e-03
2.650000000000000000e+02
1.164057505368550072e-02
3.300000000000000000e+01
1.564379757272737342e-02
1.620000000000000000e+02
2.231709923675652060e-02
8.000000000000000000e+01
7.910244577832056811e-03
9.200000000000000000e+01
1.030289057242908882e-02
1.400000000000000000e+02
1.671897705428702571e-02
1.310000000000000000e+02
9.967713758192817564e-04
9.700000000000000000e+01
