-2.228319999999999936e+02
3.491617760000000348e-01
-2.977889999999999873e+02
3.671544789999999225e-01
-3.823570000000000277e+02
4.819695510000000516e-01
-3.812479999999999905e+02
5.053064959999999939e-01
-1.657709999999999866e+02
2.483025590000000060e-01
-3.404999999999999716e+01
5.427550000000000430e-02
-2.031999999999999886e+02
3.021280000000000077e-01
-2.059979999999999905e+02
3.190019959999998989e-01
-2.929479999999999791e+02
3.061292959999999397e-01
-2.297800000000000153e+01
3.493751599999999485e-02
-3.042000000000000171e+01
5.666760000000000547e-02
