1.196000000000000000e+03 7.650000000000000000e+02 5.440000000000000000e+02 3.495000000000000000e+03
2.992000000000000000e+03 1.384000000000000000e+03 4.900000000000000000e+02 1.134000000000000000e+03
3.200000000000000000e+03 0.000000000000000000e+00 6.130000000000000000e+02 2.187000000000000000e+03
1.680000000000000000e+03 2.365000000000000000e+03 0.000000000000000000e+00 1.955000000000000000e+03
0.000000000000000000e+00 1.318000000000000000e+03 2.635000000000000000e+03 2.047000000000000000e+03
1.514000000000000000e+03 1.674000000000000000e+03 1.231000000000000000e+03 1.581000000000000000e+03
1.681000000000000000e+03 0.000000000000000000e+00 2.707000000000000000e+03 1.612000000000000000e+03
1.791000000000000000e+03 0.000000000000000000e+00 2.586000000000000000e+03 1.623000000000000000e+03
5.176000000000000000e+03 6.600000000000000000e+02 1.620000000000000000e+02 2.000000000000000000e+00
1.252000000000000000e+03 1.471000000000000000e+03 1.923000000000000000e+03 1.354000000000000000e+03
1.476000000000000000e+03 1.255000000000000000e+03 1.802000000000000000e+03 1.467000000000000000e+03
