1.500000000000000000e+03 1.500000000000000000e+03 1.500000000000000000e+03 1.500000000000000000e+03
6.520000000000000000e+02 2.359000000000000000e+03 1.654000000000000000e+03 1.335000000000000000e+03
1.305000000000000000e+03 1.031000000000000000e+03 2.328000000000000000e+03 1.336000000000000000e+03
9.570000000000000000e+02 2.595000000000000000e+03 1.765000000000000000e+03 6.830000000000000000e+02
8.970000000000000000e+02 3.472000000000000000e+03 1.008000000000000000e+03 6.230000000000000000e+02
9.990000000000000000e+02 7.860000000000000000e+02 7.210000000000000000e+02 3.494000000000000000e+03
3.044000000000000000e+03 1.804000000000000000e+03 1.151000000000000000e+03 1.000000000000000000e+00
3.288000000000000000e+03 0.000000000000000000e+00 4.820000000000000000e+02 2.230000000000000000e+03
1.000000000000000000e+02 3.408000000000000000e+03 0.000000000000000000e+00 2.492000000000000000e+03
0.000000000000000000e+00 1.299000000000000000e+03 2.500000000000000000e+03 2.201000000000000000e+03
1.491000000000000000e+03 1.401000000000000000e+03 3.107000000000000000e+03 1.000000000000000000e+00
0.000000000000000000e+00 3.260000000000000000e+02 4.715000000000000000e+03 9.590000000000000000e+02
1.808000000000000000e+03 0.000000000000000000e+00 2.526000000000000000e+03 1.666000000000000000e+03
1.991000000000000000e+03 2.223000000000000000e+03 0.000000000000000000e+00 1.786000000000000000e+03
1.245000000000000000e+03 1.476000000000000000e+03 1.928000000000000000e+03 1.351000000000000000e+03
