2.045000000000000000e+03 1.680000000000000000e+02 2.280000000000000000e+03 1.507000000000000000e+03
2.318000000000000000e+03 3.220000000000000000e+02 1.710000000000000000e+03 1.650000000000000000e+03
3.098000000000000000e+03 1.352000000000000000e+03 1.548000000000000000e+03 2.000000000000000000e+00
2.602000000000000000e+03 1.160000000000000000e+03 2.237000000000000000e+03 1.000000000000000000e+00
4.005000000000000000e+03 3.790000000000000000e+02 1.615000000000000000e+03 1.000000000000000000e+00
1.350000000000000000e+03 1.338000000000000000e+03 1.721000000000000000e+03 1.591000000000000000e+03
1.181000000000000000e+03 1.515000000000000000e+03 1.517000000000000000e+03 1.787000000000000000e+03
1.174000000000000000e+03 1.463000000000000000e+03 1.467000000000000000e+03 1.896000000000000000e+03
1.176000000000000000e+03 1.461000000000000000e+03 1.476000000000000000e+03 1.887000000000000000e+03
1.175000000000000000e+03 1.495000000000000000e+03 1.444000000000000000e+03 1.886000000000000000e+03
1.150000000000000000e+03 1.538000000000000000e+03 1.452000000000000000e+03 1.860000000000000000e+03
