-1.594420000000000073e+02
2.956686360000000402e-01
-2.338369999999999891e+02
4.098184309999999830e-01
-3.142090000000000032e+02
4.183413189999999893e-01
-3.213290000000000077e+02
4.450787589999999350e-01
-3.158919999999999959e+02
3.985983359999999420e-01
-1.962800000000000011e+01
3.491361599999999454e-02
-1.591200000000000081e+01
2.637225600000000017e-02
-1.471799999999999997e+01
2.232647600000000482e-02
-1.463000000000000078e+01
2.290509999999999768e-02
-1.499399999999999977e+01
2.227996399999999932e-02
-1.501200000000000045e+01
2.219985599999999351e-02
