1.500000000000000000e+03 1.500000000000000000e+03 1.500000000000000000e+03 1.500000000000000000e+03 3.230000000000000000e+02 3.860000000000000000e+02 3.510000000000000000e+02 3.760000000000000000e+02
1.209000000000000000e+03 9.200000000000000000e+02 8.100000000000000000e+02 3.061000000000000000e+03 3.320000000000000000e+02 3.590000000000000000e+02 3.060000000000000000e+02 3.440000000000000000e+02
6.890000000000000000e+02 2.960000000000000000e+03 5.420000000000000000e+02 1.809000000000000000e+03 2.830000000000000000e+02 3.280000000000000000e+02 3.500000000000000000e+02 3.790000000000000000e+02
5.770000000000000000e+02 6.270000000000000000e+02 1.445000000000000000e+03 3.351000000000000000e+03 3.120000000000000000e+02 3.710000000000000000e+02 3.620000000000000000e+02 3.660000000000000000e+02
1.524000000000000000e+03 1.875000000000000000e+03 1.319000000000000000e+03 1.282000000000000000e+03 3.610000000000000000e+02 3.180000000000000000e+02 3.510000000000000000e+02 3.270000000000000000e+02
5.930000000000000000e+02 1.465000000000000000e+03 3.343000000000000000e+03 5.990000000000000000e+02 3.440000000000000000e+02 3.590000000000000000e+02 3.390000000000000000e+02 3.640000000000000000e+02
2.591000000000000000e+03 1.142000000000000000e+03 2.110000000000000000e+02 2.056000000000000000e+03 3.450000000000000000e+02 3.560000000000000000e+02 3.400000000000000000e+02 3.630000000000000000e+02
1.331000000000000000e+03 4.100000000000000000e+01 2.678000000000000000e+03 1.950000000000000000e+03 3.440000000000000000e+02 3.560000000000000000e+02 3.400000000000000000e+02 3.630000000000000000e+02
5.900000000000000000e+01 2.146000000000000000e+03 1.842000000000000000e+03 1.953000000000000000e+03 3.440000000000000000e+02 3.560000000000000000e+02 3.400000000000000000e+02 3.630000000000000000e+02
3.353000000000000000e+03 8.520000000000000000e+02 1.452000000000000000e+03 3.430000000000000000e+02 3.420000000000000000e+02 3.550000000000000000e+02 3.390000000000000000e+02 3.630000000000000000e+02
1.789000000000000000e+03 9.870000000000000000e+02 2.039000000000000000e+03 1.185000000000000000e+03 3.320000000000000000e+02 3.750000000000000000e+02 3.450000000000000000e+02 3.730000000000000000e+02
1.753000000000000000e+03 1.800000000000000000e+02 3.100000000000000000e+01 4.036000000000000000e+03 3.450000000000000000e+02 3.560000000000000000e+02 3.400000000000000000e+02 3.630000000000000000e+02
1.080000000000000000e+03 1.532000000000000000e+03 1.264000000000000000e+03 2.124000000000000000e+03 3.440000000000000000e+02 3.580000000000000000e+02 3.400000000000000000e+02 3.640000000000000000e+02
7.730000000000000000e+02 3.326000000000000000e+03 1.554000000000000000e+03 3.470000000000000000e+02 3.450000000000000000e+02 3.580000000000000000e+02 3.430000000000000000e+02 3.630000000000000000e+02
1.861000000000000000e+03 1.150000000000000000e+02 1.642000000000000000e+03 2.382000000000000000e+03 3.440000000000000000e+02 3.560000000000000000e+02 3.400000000000000000e+02 3.630000000000000000e+02
