1.078756299255770280e-03
1.210000000000000000e+02
1.159520684836781289e-03
8.800000000000000000e+01
9.997571430656096957e-04
1.120000000000000000e+02
9.963172546462537721e-04
1.230000000000000000e+02
1.061701439786982186e-03
4.600000000000000000e+01
9.846856620628918234e-04
4.000000000000000000e+01
1.049144821514660887e-03
5.800000000000000000e+01
1.502962563418769153e-03
3.900000000000000000e+01
1.461431813471466851e-03
3.100000000000000000e+01
1.637531558243351948e-03
3.100000000000000000e+01
9.439213377619173027e-04
4.000000000000000000e+01
