1.810722032425204518e-03
1.260000000000000000e+02
1.206218622309617686e-03
5.660000000000000000e+02
1.208600907706072845e-03
2.110000000000000000e+02
1.240696171718462006e-02
2.500000000000000000e+01
1.832034807357707518e-02
8.700000000000000000e+01
1.203240159130915862e-03
3.200000000000000000e+01
1.120425545110282500e-02
1.170000000000000000e+02
2.357339764446719083e-02
3.900000000000000000e+01
2.921333784722457069e-02
9.000000000000000000e+00
4.262910391742710282e-03
1.200000000000000000e+02
