7.280000000000000000e+02 1.151000000000000000e+03 2.107000000000000000e+03 2.014000000000000000e+03
6.570000000000000000e+02 1.244000000000000000e+03 2.171000000000000000e+03 1.928000000000000000e+03
4.280000000000000000e+02 1.775000000000000000e+03 1.478000000000000000e+03 2.319000000000000000e+03
4.170000000000000000e+02 1.779000000000000000e+03 1.473000000000000000e+03 2.331000000000000000e+03
1.136000000000000000e+03 1.438000000000000000e+03 1.494000000000000000e+03 1.932000000000000000e+03
1.074000000000000000e+03 1.684000000000000000e+03 1.033000000000000000e+03 2.209000000000000000e+03
1.136000000000000000e+03 1.930000000000000000e+03 8.170000000000000000e+02 2.117000000000000000e+03
1.173000000000000000e+03 1.635000000000000000e+03 1.064000000000000000e+03 2.128000000000000000e+03
1.191000000000000000e+03 1.630000000000000000e+03 1.084000000000000000e+03 2.095000000000000000e+03
1.195000000000000000e+03 1.626000000000000000e+03 1.089000000000000000e+03 2.090000000000000000e+03
1.154000000000000000e+03 1.621000000000000000e+03 1.842000000000000000e+03 1.383000000000000000e+03
