-2.435999999999999943e+01
3.722039999999999377e-02
-2.482499999999999929e+01
4.143037499999999845e-02
-3.391499999999999915e+01
5.318977500000000164e-02
-3.423199999999999932e+01
5.179817600000000133e-02
-1.483999999999999986e+01
2.472840000000000107e-02
-2.105099999999999838e+01
3.153639899999999968e-02
-3.220400000000000063e+01
4.305038400000000404e-02
-1.705499999999999972e+01
2.646797499999999775e-02
-1.640599999999999881e+01
2.263516399999999928e-02
-1.806800000000000139e+01
2.819337599999999916e-02
-2.107999999999999829e+01
3.168559999999999433e-02
