2.499515502856754570e-02
1.100000000000000000e+01
3.614935115809203570e-02
2.600000000000000000e+01
7.397254310510691100e-02
7.000000000000000000e+00
2.829413100182549476e-02
1.200000000000000000e+01
7.052504596127695188e-03
2.700000000000000000e+01
1.213350719462701413e-02
1.800000000000000000e+01
4.376021075680918554e-02
1.000000000000000000e+00
7.263925115287461765e-02
6.000000000000000000e+00
7.387780360726946272e-02
2.000000000000000000e+00
2.516161984331413692e-02
1.000000000000000000e+01
