2.244292378164208443e-03
3.400000000000000000e+01
1.453215446445391178e-03
4.500000000000000000e+01
1.294252417812337755e-03
3.580000000000000000e+02
1.323706416193574627e-03
4.130000000000000000e+02
1.177045226922090538e-03
3.240000000000000000e+02
1.253908062886699079e-03
3.600000000000000000e+02
4.122651939449722969e-02
1.800000000000000000e+01
4.065145330894025244e-02
1.900000000000000000e+01
5.932365478541919146e-02
1.600000000000000000e+01
4.172931857125138783e-02
1.800000000000000000e+01
2.891369140820525263e-02
2.200000000000000000e+01
