-1.688299999999999912e+01
2.947931100000000110e-02
-1.428050000000000068e+02
2.290529749999999920e-01
-1.583360000000000127e+02
2.822431040000000224e-01
-1.236730000000000018e+02
2.194840710000000306e-01
-1.168160000000000025e+02
2.127681440000000201e-01
-1.285049999999999955e+02
2.189519749999999654e-01
-3.431349999999999909e+02
4.956807749999999624e-01
-3.503570000000000277e+02
5.299915509999999497e-01
-3.157090000000000032e+02
4.208483190000000262e-01
-3.150790000000000077e+02
3.510567589999999405e-01
-3.554010000000000105e+02
4.662261990000000078e-01
