1.349000000000000000e+03 1.355000000000000000e+03 1.345000000000000000e+03 1.951000000000000000e+03
5.880000000000000000e+02 1.920000000000000000e+03 4.170000000000000000e+02 3.075000000000000000e+03
5.050000000000000000e+02 4.490000000000000000e+02 3.173000000000000000e+03 1.873000000000000000e+03
1.130000000000000000e+02 9.680000000000000000e+02 3.003000000000000000e+03 1.916000000000000000e+03
2.410000000000000000e+02 3.980000000000000000e+02 2.869000000000000000e+03 2.492000000000000000e+03
3.110000000000000000e+02 8.570000000000000000e+02 3.029000000000000000e+03 1.803000000000000000e+03
2.465000000000000000e+03 8.530000000000000000e+02 2.681000000000000000e+03 1.000000000000000000e+00
2.530000000000000000e+03 8.550000000000000000e+02 2.613000000000000000e+03 2.000000000000000000e+00
2.687000000000000000e+03 1.419000000000000000e+03 1.892000000000000000e+03 2.000000000000000000e+00
2.990000000000000000e+03 1.518000000000000000e+03 1.490000000000000000e+03 2.000000000000000000e+00
2.842000000000000000e+03 7.410000000000000000e+02 2.416000000000000000e+03 1.000000000000000000e+00
