1.500000000000000000e+03 1.500000000000000000e+03 1.500000000000000000e+03 1.500000000000000000e+03 3.470000000000000000e+02 3.500000000000000000e+02 3.280000000000000000e+02 3.750000000000000000e+02
1.991000000000000000e+03 6.250000000000000000e+02 2.583000000000000000e+03 8.010000000000000000e+02 3.230000000000000000e+02 3.640000000000000000e+02 3.290000000000000000e+02 3.450000000000000000e+02
6.910000000000000000e+02 2.618000000000000000e+03 1.463000000000000000e+03 1.228000000000000000e+03 3.800000000000000000e+02 3.380000000000000000e+02 3.390000000000000000e+02 3.430000000000000000e+02
2.148000000000000000e+03 1.779000000000000000e+03 1.282000000000000000e+03 7.910000000000000000e+02 3.430000000000000000e+02 3.600000000000000000e+02 3.270000000000000000e+02 3.700000000000000000e+02
2.295000000000000000e+03 5.730000000000000000e+02 2.021000000000000000e+03 1.111000000000000000e+03 3.690000000000000000e+02 3.280000000000000000e+02 3.740000000000000000e+02 3.860000000000000000e+02
1.658000000000000000e+03 1.413000000000000000e+03 8.210000000000000000e+02 2.108000000000000000e+03 3.480000000000000000e+02 3.570000000000000000e+02 3.520000000000000000e+02 3.620000000000000000e+02
1.212000000000000000e+03 2.958000000000000000e+03 1.484000000000000000e+03 3.460000000000000000e+02 3.450000000000000000e+02 3.530000000000000000e+02 3.440000000000000000e+02 3.630000000000000000e+02
5.540000000000000000e+02 1.155000000000000000e+03 8.810000000000000000e+02 3.410000000000000000e+03 3.370000000000000000e+02 3.530000000000000000e+02 3.260000000000000000e+02 3.700000000000000000e+02
1.096000000000000000e+03 3.144000000000000000e+03 5.800000000000000000e+02 1.180000000000000000e+03 3.480000000000000000e+02 3.830000000000000000e+02 3.140000000000000000e+02 3.590000000000000000e+02
8.700000000000000000e+02 7.960000000000000000e+02 1.556000000000000000e+03 2.778000000000000000e+03 3.450000000000000000e+02 3.550000000000000000e+02 3.510000000000000000e+02 3.630000000000000000e+02
1.360000000000000000e+03 5.900000000000000000e+02 2.393000000000000000e+03 1.657000000000000000e+03 3.450000000000000000e+02 3.530000000000000000e+02 3.410000000000000000e+02 3.640000000000000000e+02
1.058000000000000000e+03 2.639000000000000000e+03 5.610000000000000000e+02 1.742000000000000000e+03 3.480000000000000000e+02 3.890000000000000000e+02 3.020000000000000000e+02 3.640000000000000000e+02
5.650000000000000000e+02 1.910000000000000000e+03 1.559000000000000000e+03 1.966000000000000000e+03 3.510000000000000000e+02 3.090000000000000000e+02 3.640000000000000000e+02 3.700000000000000000e+02
1.310000000000000000e+03 1.290000000000000000e+03 7.090000000000000000e+02 2.691000000000000000e+03 3.510000000000000000e+02 3.690000000000000000e+02 3.690000000000000000e+02 3.580000000000000000e+02
5.240000000000000000e+02 1.658000000000000000e+03 2.899000000000000000e+03 9.190000000000000000e+02 3.480000000000000000e+02 3.550000000000000000e+02 3.110000000000000000e+02 3.630000000000000000e+02
