1.023968235546220129e-01
3.000000000000000000e+00
1.089400671387297931e-01
3.000000000000000000e+00
1.606903815814298142e-01
4.000000000000000000e+00
1.904474188508815946e-01
1.010000000000000000e+02
7.934405702218082224e-02
3.000000000000000000e+00
1.068447782789978817e-01
8.000000000000000000e+00
1.610226634492781250e-02
3.000000000000000000e+00
1.549869933785333158e-02
3.000000000000000000e+00
6.321710885394435375e-02
5.000000000000000000e+00
5.246067027916908460e-02
3.000000000000000000e+00
6.304651673949153434e-02
1.300000000000000000e+01
1.316142114459511181e-01
1.400000000000000000e+01
1.485760825280027335e-02
4.000000000000000000e+00
1.053850437916254018e-01
2.000000000000000000e+01
5.071265881564128268e-03
3.000000000000000000e+00
7.895115946848020594e-02
1.010000000000000000e+02
2.479833022241125038e-03
4.000000000000000000e+00
1.796508909788783331e-02
4.000000000000000000e+00
2.215494153837305538e-02
3.000000000000000000e+00
1.159606981902219780e-02
4.000000000000000000e+00
1.221767811270996033e-02
4.000000000000000000e+00
1.400309819230692240e-02
1.000000000000000000e+00
2.661604103631797641e-02
4.000000000000000000e+00
2.003595453217440203e-01
1.010000000000000000e+02
2.546637469281758798e-02
1.000000000000000000e+00
4.833722091767252149e-02
5.000000000000000000e+00
1.578558683708832996e-02
4.000000000000000000e+00
2.218034102873709390e-01
1.010000000000000000e+02
1.536046407683772097e-02
6.000000000000000000e+00
6.095429672941274357e-02
1.000000000000000000e+00
9.610853916496157889e-02
1.010000000000000000e+02
1.933190872210595324e-02
9.000000000000000000e+00
5.944023336996696882e-02
1.000000000000000000e+00
8.346177427231840640e-02
1.000000000000000000e+00
5.797040504447591169e-03
1.000000000000000000e+00
1.134217837735647938e-01
1.300000000000000000e+01
6.817449075084151301e-03
5.000000000000000000e+00
1.059116393831036756e-01
1.000000000000000000e+00
2.302413990520844715e-03
1.000000000000000000e+00
1.640336858621399552e-01
1.000000000000000000e+00
