-6.080024931738319260e-01
0.000000000000000000e+00
-5.853935772641297719e-01
0.000000000000000000e+00
-5.949685253058559775e-01
0.000000000000000000e+00
-3.868986265071441277e-01
0.000000000000000000e+00
-3.882121758799076394e-01
0.000000000000000000e+00
-3.102926459221020186e-02
0.000000000000000000e+00
-4.583048649689128173e-03
0.000000000000000000e+00
-4.296012852032995467e-03
0.000000000000000000e+00
-4.318312117819383955e-03
0.000000000000000000e+00
-5.335518495055500271e-02
0.000000000000000000e+00
-5.150642487539372483e-02
0.000000000000000000e+00
-4.351450032520128020e-02
0.000000000000000000e+00
-3.560448497403871648e-02
0.000000000000000000e+00
-3.572093431052025814e-02
0.000000000000000000e+00
-4.045965076695918344e-02
0.000000000000000000e+00
-4.048022086665246239e-02
0.000000000000000000e+00
-7.164720932095734740e-02
0.000000000000000000e+00
-7.163085540857069833e-02
0.000000000000000000e+00
-7.195617190962759480e-02
0.000000000000000000e+00
-7.192144666349223336e-02
0.000000000000000000e+00
-7.195393936995105044e-02
0.000000000000000000e+00
-7.195160753012434796e-02
0.000000000000000000e+00
-7.028420999782250544e-03
0.000000000000000000e+00
-7.234077564720081677e-03
0.000000000000000000e+00
-7.897496035235896826e-04
0.000000000000000000e+00
-7.707732124849645070e-04
0.000000000000000000e+00
-4.129108941337247144e-06
0.000000000000000000e+00
-1.763980929570639670e-06
0.000000000000000000e+00
-3.543528494036925734e-03
0.000000000000000000e+00
-3.957764250341175641e-03
0.000000000000000000e+00
-1.647107443163055166e-04
0.000000000000000000e+00
-2.573386526851970026e-03
0.000000000000000000e+00
-1.337356669791119317e-03
0.000000000000000000e+00
-3.189335792981761375e-04
0.000000000000000000e+00
-7.617844028868994840e-05
0.000000000000000000e+00
-6.980026050597296983e-05
0.000000000000000000e+00
-1.537181792149111212e-04
0.000000000000000000e+00
-1.640716626525829606e-04
0.000000000000000000e+00
-3.676761131628946175e-05
0.000000000000000000e+00
-3.063884620174205998e-05
0.000000000000000000e+00
-1.884508805961219326e-06
0.000000000000000000e+00
