-7.797451462970653724e-01
-7.651101732849523440e-01
-7.713420287433169209e-01
-6.220117575312738012e-01
-6.230667507417705364e-01
-1.761512548698140890e-01
-6.769821747793015876e-02
-6.554397647406659533e-02
-6.571386549138152899e-02
-2.309874129699603373e-01
-2.269502696085504145e-01
-2.086012951187055375e-01
-1.886915074242577484e-01
-1.889998262182276678e-01
-2.011458445182479626e-01
-2.011969703217532657e-01
-2.676699634268988048e-01
-2.676394130328541565e-01
-2.682464760432606288e-01
-2.681817418533413711e-01
-2.682423146521649149e-01
-2.682379680994552151e-01
8.383567856099365112e-02
8.505338067778424327e-02
-2.810248393867683867e-02
-2.776280267705269825e-02
-2.032020900812107032e-03
-1.328149437966466085e-03
5.952754399466624741e-02
6.291076418500395062e-02
1.283396837756371929e-02
-5.072855731096607979e-02
-3.656988747304425885e-02
1.785871158001539963e-02
8.728026139322105775e-03
8.354655020165283399e-03
1.239831356334042400e-02
1.280904612578871726e-02
6.063630209395149198e-03
5.535236779194008597e-03
-1.372774127801518283e-03
