9.215375127876574979e-01 -4.122031042291871006e-01
-2.309958341253565806e+00 -7.400905797259570151e-02
2.701697186094147440e+00 -9.289369254762842587e-01
-1.068515914320107285e-01 1.390061469885919054e+00
2.234847211092212405e+00 1.195069328929301511e+00
-1.726003914463680289e+00 7.073423914460376105e-01
-2.755742251385465025e+00 9.929621066261860030e-01
-6.168332319257654461e-01 1.394639389211713154e-01
-1.601206815909720138e+00 -8.988248443176040381e-02
2.050444345518369182e+00 -1.497426448197351490e-01
-1.757505933679518684e+00 4.055337982833571164e-01
1.454817201494451595e+00 -7.513312674490018050e-01
-6.470752331469524776e-01 9.313184843644831679e-01
-1.906460880285693937e+00 -2.474502279360971668e-01
1.461236487552840302e+00 -2.707288264962916524e-01
-3.000000000000000000e+00 4.825057669689803985e-01
-2.872979829501405291e+00 4.219174348473910263e-01
-3.000000000000000000e+00 -6.470465779189220612e-01
-1.413666450141567665e+00 6.443209435324628309e-01
3.000000000000000000e+00 -3.000007395646366870e-01
-1.778599894156463801e+00 4.056159885985503588e-01
3.000000000000000000e+00 -9.689064256318670465e-02
3.000000000000000000e+00 1.107644214423652573e-01
-1.824293523763523162e+00 3.016137484526581480e-01
2.636404417516572618e+00 -4.763886174120657846e-01
3.000000000000000000e+00 3.748891319333028105e-01
4.233244032653292743e-01 -2.383435221213856536e-01
-2.999999999999999556e+00 4.472050619621483758e-01
