1.362140054397485311e+00
1.668165148415888780e+03
1.981373882754829552e+01
2.164951510094044980e-05
5.605280536507365241e+00
5.692459348936870001e+00
1.355147725120811231e+01
2.388577872365529320e+00
2.611149810059520178e+02
2.529840551800840274e+02
1.344097274261470787e+01
2.546613220812048439e+00
6.486566426307664723e-02
6.923538023703338240e+01
1.441154832207046255e+01
1.330772485816940218e+02
6.195181390446591507e+01
2.375268897202004581e+01
2.888143100771308536e+00
3.949439772119466063e+00
5.568862579329482768e-03
6.791979198155755739e+02
5.866570264645636144e+02
1.108217656738776508e-01
2.318144351213967980e+01
1.209024015378624511e-04
8.864552519000883091e-02
1.660801873398804105e+02
2.436732099772757620e-01
3.207794829915525952e+03
1.241404946651138569e-01
8.391154064649292195e+03
4.347480247914133145e+01
3.329204281349237249e+01
1.525515627760882580e+03
1.395119750342892530e+03
6.347116686912784985e-04
1.212774394091695740e+02
1.907908568161791607e-01
1.428773223148853617e+02
4.040676043464378253e+00
1.557079991268153378e+02
3.471906562236277277e-02
1.642046462943465457e+01
1.957084020619937284e-04
3.221833747443338114e-02
3.346606219336038107e-02
1.528128150606307932e-02
6.248362099670604596e-03
2.663553093568012997e+01
8.265460283156098042e-03
1.417408190283578051e+02
2.798909016871626784e-02
1.820100569813451159e+02
5.927107550689997111e-03
