-3.541599999999999682e+01
4.635294399999999315e-02
-5.341700000000000159e+01
6.415511099999998690e-02
-1.340819999999999936e+02
2.044872759999999956e-01
-1.335339999999999918e+02
1.888048439999999717e-01
-8.888800000000000523e+01
8.945945600000000664e-02
-1.778000000000000114e+01
2.853960000000000524e-02
-1.972270000000000039e+02
2.965874709999999914e-01
-4.015670000000000073e+02
7.695555109999998589e-01
-1.819500000000000028e+01
2.991297499999999790e-02
-3.230729999999999791e+02
3.732496710000000051e-01
-3.196900000000000119e+01
4.805203899999999084e-02
