9.820000000000000000e+02 2.021000000000000000e+03 1.141000000000000000e+03 1.856000000000000000e+03
1.144000000000000000e+03 2.314000000000000000e+03 1.234000000000000000e+03 1.308000000000000000e+03
1.799000000000000000e+03 2.516000000000000000e+03 1.683000000000000000e+03 2.000000000000000000e+00
1.801000000000000000e+03 2.514000000000000000e+03 1.683000000000000000e+03 2.000000000000000000e+00
3.570000000000000000e+02 4.219000000000000000e+03 1.423000000000000000e+03 1.000000000000000000e+00
1.255000000000000000e+03 1.584000000000000000e+03 1.561000000000000000e+03 1.600000000000000000e+03
3.020000000000000000e+02 2.619000000000000000e+03 3.077000000000000000e+03 2.000000000000000000e+00
0.000000000000000000e+00 1.852000000000000000e+03 3.665000000000000000e+03 4.830000000000000000e+02
1.268000000000000000e+03 1.588000000000000000e+03 1.567000000000000000e+03 1.577000000000000000e+03
3.233000000000000000e+03 8.980000000000000000e+02 1.868000000000000000e+03 1.000000000000000000e+00
1.204000000000000000e+03 1.765000000000000000e+03 1.896000000000000000e+03 1.135000000000000000e+03
