1.500000000000000000e+03 1.500000000000000000e+03 1.500000000000000000e+03 1.500000000000000000e+03 3.520000000000000000e+02 3.680000000000000000e+02 3.470000000000000000e+02 3.480000000000000000e+02
1.314000000000000000e+03 6.070000000000000000e+02 3.155000000000000000e+03 9.240000000000000000e+02 3.330000000000000000e+02 3.430000000000000000e+02 3.400000000000000000e+02 3.810000000000000000e+02
1.527000000000000000e+03 1.520000000000000000e+03 2.331000000000000000e+03 6.220000000000000000e+02 3.530000000000000000e+02 3.450000000000000000e+02 3.400000000000000000e+02 3.550000000000000000e+02
2.334000000000000000e+03 6.110000000000000000e+02 1.301000000000000000e+03 1.754000000000000000e+03 3.520000000000000000e+02 3.830000000000000000e+02 3.580000000000000000e+02 3.710000000000000000e+02
2.656000000000000000e+03 1.214000000000000000e+03 5.340000000000000000e+02 1.596000000000000000e+03 3.520000000000000000e+02 3.530000000000000000e+02 3.530000000000000000e+02 3.660000000000000000e+02
6.330000000000000000e+02 8.250000000000000000e+02 8.670000000000000000e+02 3.675000000000000000e+03 3.450000000000000000e+02 3.560000000000000000e+02 3.380000000000000000e+02 3.640000000000000000e+02
8.070000000000000000e+02 2.390000000000000000e+03 1.192000000000000000e+03 1.611000000000000000e+03 3.450000000000000000e+02 3.560000000000000000e+02 3.400000000000000000e+02 3.630000000000000000e+02
1.758000000000000000e+03 2.000000000000000000e+02 8.000000000000000000e+00 4.034000000000000000e+03 3.450000000000000000e+02 3.560000000000000000e+02 3.400000000000000000e+02 3.630000000000000000e+02
2.016000000000000000e+03 2.756000000000000000e+03 8.820000000000000000e+02 3.460000000000000000e+02 3.440000000000000000e+02 3.560000000000000000e+02 3.410000000000000000e+02 3.670000000000000000e+02
8.880000000000000000e+02 3.866000000000000000e+03 9.000000000000000000e+02 3.460000000000000000e+02 3.450000000000000000e+02 3.560000000000000000e+02 3.400000000000000000e+02 3.630000000000000000e+02
1.332000000000000000e+03 2.289000000000000000e+03 1.440000000000000000e+02 2.235000000000000000e+03 3.450000000000000000e+02 3.560000000000000000e+02 3.400000000000000000e+02 3.630000000000000000e+02
1.670000000000000000e+02 5.700000000000000000e+01 3.196000000000000000e+03 2.580000000000000000e+03 3.450000000000000000e+02 3.560000000000000000e+02 3.400000000000000000e+02 3.630000000000000000e+02
2.200000000000000000e+01 2.191000000000000000e+03 2.760000000000000000e+03 1.027000000000000000e+03 3.450000000000000000e+02 3.560000000000000000e+02 3.400000000000000000e+02 3.630000000000000000e+02
1.800000000000000000e+01 2.398000000000000000e+03 5.160000000000000000e+02 3.068000000000000000e+03 3.450000000000000000e+02 3.560000000000000000e+02 3.400000000000000000e+02 3.630000000000000000e+02
2.288000000000000000e+03 1.110000000000000000e+03 2.247000000000000000e+03 3.550000000000000000e+02 3.540000000000000000e+02 3.540000000000000000e+02 3.350000000000000000e+02 3.680000000000000000e+02
