1.357964818188036986e-03
1.200000000000000000e+02
1.267256648846635950e-03
2.310000000000000000e+02
1.408002698259612018e-03
1.150000000000000000e+02
7.072386681208887860e-03
1.440000000000000000e+02
1.259027572076218664e-03
5.300000000000000000e+01
6.910641083979562893e-02
1.000000000000000000e+01
9.368303108625644637e-04
5.400000000000000000e+01
2.900725096381089572e-03
5.900000000000000000e+01
9.280472392115551731e-04
4.400000000000000000e+01
9.498257964233523505e-04
4.200000000000000000e+01
1.714019986960051015e-03
1.000000000000000000e+02
