-5.184539999999999509e+02
5.714218840000000466e-01
-3.301270000000000095e+02
4.289808710000000413e-01
-5.178129999999999882e+02
6.131980310000000323e-01
-2.223590000000000089e+02
2.918561189999999139e-01
-2.879299999999999926e+01
4.156815099999999763e-02
-3.236379999999999768e+02
4.356989560000000261e-01
-1.794300000000000139e+01
2.952175099999999885e-02
-7.852720000000000482e+02
9.789680160000000519e-01
-1.710399999999999920e+01
2.745718400000000253e-02
-1.647100000000000009e+01
2.373915899999999926e-02
-6.259249999999999545e+02
7.299833749999999899e-01
