9.683182456109720119e-04
2.400000000000000000e+01
1.070783148100154817e-03
9.900000000000000000e+01
1.185381489938354752e-03
1.040000000000000000e+02
1.094274689852515938e-03
5.100000000000000000e+01
1.014591055740795894e-03
1.600000000000000000e+02
4.040448650096751387e-02
1.300000000000000000e+01
1.213209791057756008e-03
5.200000000000000000e+01
1.075941812023993365e-03
1.570000000000000000e+02
3.446025557871332246e-02
8.000000000000000000e+00
1.154153164522780245e-02
5.600000000000000000e+01
