1.040000000000000000e+02 3.010000000000000000e+02 3.330000000000000000e+02 5.262000000000000000e+03
3.232000000000000000e+03 7.730000000000000000e+02 1.993000000000000000e+03 2.000000000000000000e+00
2.090000000000000000e+02 2.570000000000000000e+02 2.570000000000000000e+02 5.277000000000000000e+03
0.000000000000000000e+00 1.367000000000000000e+03 1.592000000000000000e+03 3.041000000000000000e+03
1.024000000000000000e+03 1.866000000000000000e+03 1.332000000000000000e+03 1.778000000000000000e+03
3.794000000000000000e+03 3.500000000000000000e+02 1.855000000000000000e+03 1.000000000000000000e+00
1.249000000000000000e+03 1.640000000000000000e+03 1.464000000000000000e+03 1.647000000000000000e+03
3.860000000000000000e+02 3.490000000000000000e+02 0.000000000000000000e+00 5.265000000000000000e+03
1.263000000000000000e+03 1.603000000000000000e+03 1.444000000000000000e+03 1.690000000000000000e+03
1.234000000000000000e+03 1.601000000000000000e+03 1.474000000000000000e+03 1.691000000000000000e+03
0.000000000000000000e+00 9.500000000000000000e+01 2.920000000000000000e+02 5.613000000000000000e+03
