1.899010023349485994e-03
2.290000000000000000e+02
1.925377420132498487e-03
1.010000000000000000e+02
1.205714720691030599e-03
2.970000000000000000e+02
3.172772781321527794e-03
3.900000000000000000e+01
3.291555594938109369e-02
4.000000000000000000e+01
1.222517709232534685e-03
3.720000000000000000e+02
9.485200045990833592e-03
1.160000000000000000e+02
1.883560351772683300e-02
6.600000000000000000e+01
1.232600068212020596e-03
9.100000000000000000e+01
1.061461587263960726e-02
1.300000000000000000e+02
