1.123000000000000000e+03 1.731000000000000000e+03 3.145000000000000000e+03 1.000000000000000000e+00
4.670000000000000000e+02 2.407000000000000000e+03 7.900000000000000000e+01 3.047000000000000000e+03
4.128000000000000000e+03 5.080000000000000000e+02 1.362000000000000000e+03 2.000000000000000000e+00
9.310000000000000000e+02 9.020000000000000000e+02 4.630000000000000000e+02 3.704000000000000000e+03
1.601000000000000000e+03 0.000000000000000000e+00 4.290000000000000000e+02 3.970000000000000000e+03
2.219000000000000000e+03 0.000000000000000000e+00 2.342000000000000000e+03 1.439000000000000000e+03
2.219000000000000000e+03 0.000000000000000000e+00 2.342000000000000000e+03 1.439000000000000000e+03
1.100000000000000000e+03 1.559000000000000000e+03 1.690000000000000000e+03 1.651000000000000000e+03
7.420000000000000000e+02 1.357000000000000000e+03 1.647000000000000000e+03 2.254000000000000000e+03
9.890000000000000000e+02 1.059000000000000000e+03 1.663000000000000000e+03 2.289000000000000000e+03
9.890000000000000000e+02 1.058000000000000000e+03 1.663000000000000000e+03 2.290000000000000000e+03
