-1.639989999999999952e+02
2.864729990000000059e-01
-1.640879999999999939e+02
2.500582559999999788e-01
-3.095810000000000173e+02
3.730154390000000042e-01
-2.749660000000000082e+02
4.292808439999999948e-01
-4.487350000000000136e+02
7.144407749999999169e-01
-3.065710000000000264e+02
4.871289589999999725e-01
-3.066250000000000000e+02
5.227343749999999734e-01
-1.762099999999999866e+01
2.697135899999999684e-02
-2.032799999999999940e+01
3.836441599999999841e-02
-1.976399999999999935e+01
3.879430399999999474e-02
-2.014399999999999835e+01
3.668726399999999721e-02
