6.417955443764608754e-03
2.600000000000000000e+01
1.362490538457279037e-03
9.400000000000000000e+01
1.617396124576534963e-03
1.740000000000000000e+02
1.415756653087840537e-03
6.400000000000000000e+01
2.200452552597969777e-02
4.200000000000000000e+01
6.228954942723971891e-03
1.530000000000000000e+02
6.465235822974375879e-03
1.540000000000000000e+02
1.138254395469097142e-03
7.000000000000000000e+01
1.092027531711915137e-03
3.700000000000000000e+01
1.010474972154840924e-03
7.000000000000000000e+01
9.887298294588514700e-04
5.900000000000000000e+01
