1.500000000000000000e+03 1.500000000000000000e+03 1.500000000000000000e+03 1.500000000000000000e+03
1.235000000000000000e+03 1.980000000000000000e+03 1.109000000000000000e+03 1.676000000000000000e+03
9.230000000000000000e+02 7.820000000000000000e+02 2.055000000000000000e+03 2.240000000000000000e+03
1.961000000000000000e+03 2.405000000000000000e+03 8.480000000000000000e+02 7.860000000000000000e+02
6.120000000000000000e+02 3.166000000000000000e+03 1.218000000000000000e+03 1.004000000000000000e+03
0.000000000000000000e+00 1.457000000000000000e+03 3.398000000000000000e+03 1.145000000000000000e+03
2.842000000000000000e+03 9.090000000000000000e+02 0.000000000000000000e+00 2.249000000000000000e+03
3.885000000000000000e+03 5.700000000000000000e+01 1.756000000000000000e+03 3.020000000000000000e+02
0.000000000000000000e+00 6.420000000000000000e+02 2.045000000000000000e+03 3.313000000000000000e+03
1.782000000000000000e+03 1.781000000000000000e+03 2.435000000000000000e+03 2.000000000000000000e+00
4.500000000000000000e+01 3.210000000000000000e+03 1.440000000000000000e+02 2.601000000000000000e+03
2.776000000000000000e+03 0.000000000000000000e+00 1.843000000000000000e+03 1.381000000000000000e+03
8.560000000000000000e+02 0.000000000000000000e+00 3.015000000000000000e+03 2.129000000000000000e+03
4.400000000000000000e+02 1.644000000000000000e+03 1.666000000000000000e+03 2.250000000000000000e+03
1.780000000000000000e+03 0.000000000000000000e+00 3.893000000000000000e+03 3.270000000000000000e+02
