-1.555499999999999972e+01
2.828297499999999839e-02
-8.609399999999999409e+01
8.499716399999998617e-02
-1.539600000000000080e+01
2.395718400000000289e-02
-2.388200000000000145e+01
3.897807600000000039e-02
-6.104779999999999518e+02
9.650315160000000336e-01
-3.080500000000000114e+02
5.131175000000000042e-01
-1.637199999999999989e+01
2.479561599999999949e-02
-1.664300000000000068e+01
2.552155100000000690e-02
-1.704200000000000159e+01
2.454023599999999652e-02
-1.679200000000000159e+01
2.338073600000000613e-02
-1.739799999999999969e+01
2.679159599999999739e-02
