1.208000000000000000e+03 1.308000000000000000e+03 1.286000000000000000e+03 2.198000000000000000e+03
7.310000000000000000e+02 4.452000000000000000e+03 8.150000000000000000e+02 2.000000000000000000e+00
1.116000000000000000e+03 1.586000000000000000e+03 1.426000000000000000e+03 1.872000000000000000e+03
1.439000000000000000e+03 1.506000000000000000e+03 1.134000000000000000e+03 1.921000000000000000e+03
1.583000000000000000e+03 5.830000000000000000e+02 0.000000000000000000e+00 3.834000000000000000e+03
2.030000000000000000e+02 2.166000000000000000e+03 3.629000000000000000e+03 2.000000000000000000e+00
1.180000000000000000e+03 1.456000000000000000e+03 1.682000000000000000e+03 1.682000000000000000e+03
1.132000000000000000e+03 1.577000000000000000e+03 1.674000000000000000e+03 1.617000000000000000e+03
1.129000000000000000e+03 1.600000000000000000e+03 1.659000000000000000e+03 1.612000000000000000e+03
1.140000000000000000e+03 1.566000000000000000e+03 1.677000000000000000e+03 1.617000000000000000e+03
1.127000000000000000e+03 1.585000000000000000e+03 1.675000000000000000e+03 1.613000000000000000e+03
