1.421638047118128434e-03
2.500000000000000000e+01
3.494850193933422139e-02
2.000000000000000000e+01
1.062473703218734522e-03
1.220000000000000000e+02
1.171543438907560620e-03
6.700000000000000000e+01
9.889754963578920813e-04
8.800000000000000000e+01
1.123166286429959707e-03
1.030000000000000000e+02
1.197702753950055741e-03
1.230000000000000000e+02
1.145847390427448716e-02
5.100000000000000000e+01
9.254248232209667802e-02
4.000000000000000000e+00
2.781770021783590632e-02
2.300000000000000000e+01
