9.692660404439962284e-04
5.200000000000000000e+01
6.930275449567781937e-04
1.000000000000000000e+00
1.085326557348551598e-03
1.090000000000000000e+02
9.879343948534595986e-04
1.500000000000000000e+02
9.898324388084897129e-04
1.340000000000000000e+02
2.167622652266088055e-03
2.900000000000000000e+01
1.963756313832492641e-03
9.000000000000000000e+01
2.190006308852147400e-03
1.670000000000000000e+02
2.226543395207701299e-03
3.400000000000000000e+01
2.122360183081573124e-03
3.400000000000000000e+01
1.527397413468554316e-02
1.700000000000000000e+01
