9.290000000000000000e+02 1.058000000000000000e+03 1.479000000000000000e+03 2.534000000000000000e+03
1.494000000000000000e+03 2.824000000000000000e+03 5.530000000000000000e+02 1.129000000000000000e+03
8.020000000000000000e+02 2.881000000000000000e+03 1.767000000000000000e+03 5.500000000000000000e+02
1.261000000000000000e+03 1.610000000000000000e+03 8.020000000000000000e+02 2.327000000000000000e+03
1.262000000000000000e+03 1.603000000000000000e+03 8.020000000000000000e+02 2.333000000000000000e+03
9.810000000000000000e+02 1.527000000000000000e+03 1.578000000000000000e+03 1.914000000000000000e+03
9.840000000000000000e+02 1.526000000000000000e+03 1.588000000000000000e+03 1.902000000000000000e+03
9.840000000000000000e+02 1.526000000000000000e+03 1.588000000000000000e+03 1.902000000000000000e+03
1.003000000000000000e+03 1.529000000000000000e+03 1.599000000000000000e+03 1.869000000000000000e+03
1.001000000000000000e+03 1.529000000000000000e+03 1.597000000000000000e+03 1.873000000000000000e+03
0.000000000000000000e+00 1.498000000000000000e+03 2.138000000000000000e+03 2.364000000000000000e+03
