1.500000000000000000e+03 1.500000000000000000e+03 1.500000000000000000e+03 1.500000000000000000e+03
1.423000000000000000e+03 1.200000000000000000e+03 2.207000000000000000e+03 1.170000000000000000e+03
1.767000000000000000e+03 8.090000000000000000e+02 1.765000000000000000e+03 1.659000000000000000e+03
9.200000000000000000e+02 1.602000000000000000e+03 1.128000000000000000e+03 2.350000000000000000e+03
8.090000000000000000e+02 1.768000000000000000e+03 9.150000000000000000e+02 2.508000000000000000e+03
8.870000000000000000e+02 8.580000000000000000e+02 1.457000000000000000e+03 2.798000000000000000e+03
2.831000000000000000e+03 6.420000000000000000e+02 1.271000000000000000e+03 1.256000000000000000e+03
7.370000000000000000e+02 1.713000000000000000e+03 2.684000000000000000e+03 8.660000000000000000e+02
1.610000000000000000e+03 2.606000000000000000e+03 1.472000000000000000e+03 3.120000000000000000e+02
1.462000000000000000e+03 1.610000000000000000e+03 0.000000000000000000e+00 2.928000000000000000e+03
2.568000000000000000e+03 2.108000000000000000e+03 2.670000000000000000e+02 1.057000000000000000e+03
6.390000000000000000e+02 3.182000000000000000e+03 6.220000000000000000e+02 1.557000000000000000e+03
2.029000000000000000e+03 1.607000000000000000e+03 2.362000000000000000e+03 2.000000000000000000e+00
2.097000000000000000e+03 0.000000000000000000e+00 3.498000000000000000e+03 4.050000000000000000e+02
1.042000000000000000e+03 1.552000000000000000e+03 1.640000000000000000e+03 1.766000000000000000e+03
