7.951000000000000000e+03
7.645000000000000000e+03
6.672000000000000000e+03
1.936000000000000000e+03
2.174000000000000000e+03
2.097000000000000000e+03
6.832000000000000000e+03
7.682000000000000000e+03
8.169000000000000000e+03
8.264000000000000000e+03
7.816000000000000000e+03
3.189000000000000000e+03
2.210000000000000000e+03
6.848000000000000000e+03
7.786000000000000000e+03
7.203000000000000000e+03
8.757000000000000000e+03
8.157000000000000000e+03
3.140000000000000000e+03
2.345000000000000000e+03
7.737000000000000000e+03
8.552000000000000000e+03
8.428000000000000000e+03
8.128000000000000000e+03
8.032000000000000000e+03
3.036000000000000000e+03
2.164000000000000000e+03
7.132000000000000000e+03
8.395000000000000000e+03
8.550000000000000000e+03
8.089000000000000000e+03
7.472000000000000000e+03
1.766000000000000000e+03
1.549000000000000000e+03
7.266000000000000000e+03
7.542000000000000000e+03
8.181000000000000000e+03
7.987000000000000000e+03
7.418000000000000000e+03
4.178000000000000000e+03
2.470000000000000000e+03
7.201000000000000000e+03
7.824000000000000000e+03
4.100000000000000000e+03
7.742000000000000000e+03
7.195000000000000000e+03
4.164000000000000000e+03
1.976000000000000000e+03
6.762000000000000000e+03
8.109000000000000000e+03
7.746000000000000000e+03
7.609000000000000000e+03
6.784000000000000000e+03
2.886000000000000000e+03
2.344000000000000000e+03
6.844000000000000000e+03
7.694000000000000000e+03
7.739000000000000000e+03
7.427000000000000000e+03
6.481000000000000000e+03
2.659000000000000000e+03
1.891000000000000000e+03
2.175000000000000000e+03
6.476000000000000000e+03
8.152000000000000000e+03
8.264000000000000000e+03
8.002000000000000000e+03
3.223000000000000000e+03
2.963000000000000000e+03
7.754000000000000000e+03
8.710000000000000000e+03
8.791000000000000000e+03
8.506000000000000000e+03
8.358000000000000000e+03
3.144000000000000000e+03
2.685000000000000000e+03
7.648000000000000000e+03
2.469000000000000000e+03
8.631000000000000000e+03
8.644000000000000000e+03
8.159000000000000000e+03
3.510000000000000000e+03
2.652000000000000000e+03
7.919000000000000000e+03
8.634000000000000000e+03
8.721000000000000000e+03
1.830000000000000000e+03
7.492000000000000000e+03
3.421000000000000000e+03
2.720000000000000000e+03
7.836000000000000000e+03
8.502000000000000000e+03
6.497000000000000000e+03
8.397000000000000000e+03
8.057000000000000000e+03
5.800000000000000000e+02
2.352000000000000000e+03
7.418000000000000000e+03
8.376000000000000000e+03
8.181000000000000000e+03
7.600000000000000000e+03
7.545000000000000000e+03
5.570000000000000000e+02
1.990000000000000000e+03
5.188000000000000000e+03
7.332000000000000000e+03
8.279000000000000000e+03
4.266000000000000000e+03
7.942000000000000000e+03
3.072000000000000000e+03
2.087000000000000000e+03
6.457000000000000000e+03
7.821000000000000000e+03
1.340000000000000000e+03
1.567000000000000000e+03
7.018000000000000000e+03
2.748000000000000000e+03
2.218000000000000000e+03
6.725000000000000000e+03
8.225000000000000000e+03
8.372000000000000000e+03
7.904000000000000000e+03
7.004000000000000000e+03
6.440000000000000000e+02
1.929000000000000000e+03
6.632000000000000000e+03
7.787000000000000000e+03
8.097000000000000000e+03
1.534000000000000000e+03
7.020000000000000000e+03
2.429000000000000000e+03
1.865000000000000000e+03
6.761000000000000000e+03
7.085000000000000000e+03
6.881000000000000000e+03
6.856000000000000000e+03
5.645000000000000000e+03
1.872000000000000000e+03
1.495000000000000000e+03
1.629000000000000000e+03
4.825000000000000000e+03
4.328000000000000000e+03
5.404000000000000000e+03
4.758000000000000000e+03
1.605000000000000000e+03
1.519000000000000000e+03
4.265000000000000000e+03
6.964000000000000000e+03
7.090000000000000000e+02
8.480000000000000000e+02
1.424000000000000000e+03
9.890000000000000000e+02
1.158000000000000000e+03
8.380000000000000000e+03
8.066000000000000000e+03
7.065000000000000000e+03
2.150000000000000000e+03
2.401000000000000000e+03
2.320000000000000000e+03
7.230000000000000000e+03
8.103000000000000000e+03
8.604000000000000000e+03
8.700000000000000000e+03
8.241000000000000000e+03
3.463000000000000000e+03
2.439000000000000000e+03
7.246000000000000000e+03
8.210000000000000000e+03
7.611000000000000000e+03
9.207000000000000000e+03
8.590000000000000000e+03
3.412000000000000000e+03
2.580000000000000000e+03
8.160000000000000000e+03
8.996000000000000000e+03
8.869000000000000000e+03
8.561000000000000000e+03
8.462000000000000000e+03
3.303000000000000000e+03
2.390000000000000000e+03
7.538000000000000000e+03
8.836000000000000000e+03
8.994000000000000000e+03
8.521000000000000000e+03
7.887000000000000000e+03
1.971000000000000000e+03
1.742000000000000000e+03
7.676000000000000000e+03
7.960000000000000000e+03
8.616000000000000000e+03
8.417000000000000000e+03
7.833000000000000000e+03
4.490000000000000000e+03
2.712000000000000000e+03
7.609000000000000000e+03
8.249000000000000000e+03
4.409000000000000000e+03
8.165000000000000000e+03
7.602000000000000000e+03
4.476000000000000000e+03
2.193000000000000000e+03
7.157000000000000000e+03
8.542000000000000000e+03
8.169000000000000000e+03
8.028000000000000000e+03
7.180000000000000000e+03
3.146000000000000000e+03
2.579000000000000000e+03
7.242000000000000000e+03
8.115000000000000000e+03
8.162000000000000000e+03
7.842000000000000000e+03
6.868000000000000000e+03
2.910000000000000000e+03
2.103000000000000000e+03
2.402000000000000000e+03
6.863000000000000000e+03
8.585000000000000000e+03
8.700000000000000000e+03
8.432000000000000000e+03
3.498000000000000000e+03
3.227000000000000000e+03
8.177000000000000000e+03
9.158000000000000000e+03
9.241000000000000000e+03
8.949000000000000000e+03
8.797000000000000000e+03
3.416000000000000000e+03
2.937000000000000000e+03
8.069000000000000000e+03
2.711000000000000000e+03
9.077000000000000000e+03
9.091000000000000000e+03
8.592000000000000000e+03
3.796000000000000000e+03
2.903000000000000000e+03
8.346000000000000000e+03
9.080000000000000000e+03
9.169000000000000000e+03
2.039000000000000000e+03
7.908000000000000000e+03
3.704000000000000000e+03
2.974000000000000000e+03
8.261000000000000000e+03
8.944000000000000000e+03
6.884000000000000000e+03
8.838000000000000000e+03
8.488000000000000000e+03
7.000000000000000000e+02
2.588000000000000000e+03
7.833000000000000000e+03
8.815000000000000000e+03
8.616000000000000000e+03
8.019000000000000000e+03
7.963000000000000000e+03
6.750000000000000000e+02
2.207000000000000000e+03
5.535000000000000000e+03
7.744000000000000000e+03
8.717000000000000000e+03
4.581000000000000000e+03
8.370000000000000000e+03
3.341000000000000000e+03
2.310000000000000000e+03
6.844000000000000000e+03
8.246000000000000000e+03
1.520000000000000000e+03
1.761000000000000000e+03
7.421000000000000000e+03
3.002000000000000000e+03
2.447000000000000000e+03
7.120000000000000000e+03
8.661000000000000000e+03
8.811000000000000000e+03
8.331000000000000000e+03
7.406000000000000000e+03
7.710000000000000000e+02
2.143000000000000000e+03
7.024000000000000000e+03
8.211000000000000000e+03
8.529000000000000000e+03
1.725000000000000000e+03
7.423000000000000000e+03
2.669000000000000000e+03
2.076000000000000000e+03
7.156000000000000000e+03
7.489000000000000000e+03
7.280000000000000000e+03
7.254000000000000000e+03
6.007000000000000000e+03
2.083000000000000000e+03
1.684000000000000000e+03
1.826000000000000000e+03
5.160000000000000000e+03
4.646000000000000000e+03
5.759000000000000000e+03
5.091000000000000000e+03
1.801000000000000000e+03
1.710000000000000000e+03
4.580000000000000000e+03
7.365000000000000000e+03
8.420000000000000000e+02
9.920000000000000000e+02
1.609000000000000000e+03
1.145000000000000000e+03
1.326000000000000000e+03
