1.500000000000000000e+03 1.500000000000000000e+03 1.500000000000000000e+03 1.500000000000000000e+03 3.480000000000000000e+02 3.410000000000000000e+02 3.650000000000000000e+02 3.630000000000000000e+02
7.980000000000000000e+02 2.619000000000000000e+03 1.030000000000000000e+03 1.553000000000000000e+03 3.480000000000000000e+02 3.360000000000000000e+02 3.360000000000000000e+02 3.170000000000000000e+02
1.310000000000000000e+03 1.962000000000000000e+03 1.853000000000000000e+03 8.750000000000000000e+02 3.660000000000000000e+02 3.430000000000000000e+02 3.540000000000000000e+02 3.360000000000000000e+02
8.070000000000000000e+02 2.280000000000000000e+03 1.435000000000000000e+03 1.478000000000000000e+03 3.550000000000000000e+02 3.770000000000000000e+02 3.410000000000000000e+02 3.300000000000000000e+02
1.000000000000000000e+03 2.595000000000000000e+03 6.320000000000000000e+02 1.773000000000000000e+03 3.350000000000000000e+02 3.290000000000000000e+02 3.360000000000000000e+02 3.870000000000000000e+02
3.312000000000000000e+03 4.870000000000000000e+02 6.340000000000000000e+02 1.567000000000000000e+03 3.390000000000000000e+02 3.580000000000000000e+02 3.390000000000000000e+02 3.550000000000000000e+02
5.230000000000000000e+02 8.540000000000000000e+02 1.826000000000000000e+03 2.797000000000000000e+03 3.450000000000000000e+02 3.560000000000000000e+02 3.400000000000000000e+02 3.630000000000000000e+02
1.410000000000000000e+02 1.276000000000000000e+03 1.300000000000000000e+01 4.570000000000000000e+03 3.440000000000000000e+02 3.560000000000000000e+02 3.400000000000000000e+02 3.630000000000000000e+02
1.563000000000000000e+03 4.870000000000000000e+02 3.604000000000000000e+03 3.460000000000000000e+02 3.450000000000000000e+02 3.560000000000000000e+02 3.400000000000000000e+02 3.630000000000000000e+02
1.970000000000000000e+03 2.570000000000000000e+03 1.111000000000000000e+03 3.490000000000000000e+02 3.480000000000000000e+02 3.520000000000000000e+02 3.430000000000000000e+02 3.600000000000000000e+02
1.410000000000000000e+02 2.479000000000000000e+03 2.774000000000000000e+03 6.060000000000000000e+02 3.450000000000000000e+02 3.560000000000000000e+02 3.400000000000000000e+02 3.620000000000000000e+02
1.160000000000000000e+02 7.500000000000000000e+01 3.272000000000000000e+03 2.537000000000000000e+03 3.450000000000000000e+02 3.560000000000000000e+02 3.400000000000000000e+02 3.630000000000000000e+02
1.122000000000000000e+03 1.416000000000000000e+03 1.191000000000000000e+03 2.271000000000000000e+03 3.370000000000000000e+02 3.420000000000000000e+02 3.490000000000000000e+02 3.700000000000000000e+02
