1.476755462387874902e-03
1.220000000000000000e+02
1.299810142161372285e-03
1.260000000000000000e+02
8.812365559999146836e-03
1.240000000000000000e+02
9.545315296238969299e-04
8.400000000000000000e+01
1.152799445291483081e-03
1.530000000000000000e+02
9.965382672804160534e-04
4.200000000000000000e+01
9.967600628379962718e-04
4.200000000000000000e+01
1.016231686193333527e-03
4.100000000000000000e+01
1.016745375370936696e-03
4.600000000000000000e+01
5.009244912479895832e-03
2.900000000000000000e+01
2.026825614873866560e-03
3.400000000000000000e+01
