-1.240649999999999977e+02
2.086607749999999928e-01
-1.404219999999999970e+02
2.376739159999999851e-01
-1.598590000000000089e+02
2.362611190000000194e-01
-2.982479999999999905e+02
3.392504960000000125e-01
-4.643999999999999773e+01
9.450240000000000029e-02
-2.051699999999999946e+01
3.305971099999999857e-02
-2.000600000000000023e+01
3.164596399999999865e-02
-2.097700000000000031e+01
3.618247100000000077e-02
-1.842800000000000082e+01
3.025881600000000088e-02
-5.411889999999999645e+02
7.776312789999999531e-01
-2.846600000000000108e+01
3.869484399999999907e-02
