1.677000000000000000e+03 7.930000000000000000e+02 6.600000000000000000e+02 2.870000000000000000e+03
1.536000000000000000e+03 6.220000000000000000e+02 7.800000000000000000e+02 3.062000000000000000e+03
1.521000000000000000e+03 0.000000000000000000e+00 2.569000000000000000e+03 1.910000000000000000e+03
4.438000000000000000e+03 6.020000000000000000e+02 5.290000000000000000e+02 4.310000000000000000e+02
1.489000000000000000e+03 4.080000000000000000e+02 2.290000000000000000e+03 1.813000000000000000e+03
1.346000000000000000e+03 1.652000000000000000e+03 1.346000000000000000e+03 1.656000000000000000e+03
1.346000000000000000e+03 1.652000000000000000e+03 1.346000000000000000e+03 1.656000000000000000e+03
1.351000000000000000e+03 1.663000000000000000e+03 1.369000000000000000e+03 1.617000000000000000e+03
1.304000000000000000e+03 1.633000000000000000e+03 1.315000000000000000e+03 1.748000000000000000e+03
0.000000000000000000e+00 7.560000000000000000e+02 4.328000000000000000e+03 9.160000000000000000e+02
1.276000000000000000e+03 1.817000000000000000e+03 1.152000000000000000e+03 1.755000000000000000e+03
