9.627826313327450059e-04
1.010000000000000000e+02
1.215639687940135542e-03
1.440000000000000000e+02
3.381910047542397434e-06
1.000000000000000000e+00
6.557964442269040295e-03
1.220000000000000000e+02
2.076064397338636680e-03
2.140000000000000000e+02
6.424127188293046915e-03
8.800000000000000000e+01
2.571403740806152416e-02
4.400000000000000000e+01
9.322938959034759174e-04
6.100000000000000000e+01
2.452430617109883828e-03
6.400000000000000000e+01
9.604635742145694113e-03
8.100000000000000000e+01
