1.500000000000000000e+03 1.500000000000000000e+03 1.500000000000000000e+03 1.500000000000000000e+03
7.640000000000000000e+02 9.280000000000000000e+02 3.221000000000000000e+03 1.087000000000000000e+03
6.060000000000000000e+02 1.268000000000000000e+03 7.700000000000000000e+02 3.356000000000000000e+03
1.500000000000000000e+03 2.084000000000000000e+03 1.879000000000000000e+03 5.370000000000000000e+02
1.036000000000000000e+03 2.814000000000000000e+03 1.284000000000000000e+03 8.660000000000000000e+02
2.283000000000000000e+03 1.348000000000000000e+03 1.300000000000000000e+03 1.069000000000000000e+03
1.544000000000000000e+03 7.040000000000000000e+02 4.210000000000000000e+02 3.331000000000000000e+03
3.489000000000000000e+03 5.540000000000000000e+02 1.138000000000000000e+03 8.190000000000000000e+02
1.731000000000000000e+03 3.262000000000000000e+03 0.000000000000000000e+00 1.007000000000000000e+03
1.510000000000000000e+03 0.000000000000000000e+00 2.592000000000000000e+03 1.898000000000000000e+03
2.859000000000000000e+03 1.091000000000000000e+03 0.000000000000000000e+00 2.050000000000000000e+03
1.972000000000000000e+03 1.106000000000000000e+03 2.920000000000000000e+03 2.000000000000000000e+00
1.199000000000000000e+03 1.448000000000000000e+03 1.256000000000000000e+03 2.097000000000000000e+03
0.000000000000000000e+00 3.525000000000000000e+03 1.016000000000000000e+03 1.459000000000000000e+03
1.046000000000000000e+03 0.000000000000000000e+00 1.765000000000000000e+03 3.189000000000000000e+03
