1.302000000000000000e+03 1.856000000000000000e+03 1.923000000000000000e+03 9.190000000000000000e+02
5.930000000000000000e+02 4.830000000000000000e+02 4.840000000000000000e+02 4.440000000000000000e+03
1.511000000000000000e+03 2.875000000000000000e+03 1.612000000000000000e+03 2.000000000000000000e+00
7.540000000000000000e+02 3.712000000000000000e+03 1.532000000000000000e+03 2.000000000000000000e+00
1.510000000000000000e+03 2.875000000000000000e+03 1.614000000000000000e+03 1.000000000000000000e+00
1.145000000000000000e+03 3.265000000000000000e+03 1.588000000000000000e+03 2.000000000000000000e+00
1.509000000000000000e+03 2.875000000000000000e+03 1.614000000000000000e+03 2.000000000000000000e+00
1.505000000000000000e+03 2.880000000000000000e+03 1.614000000000000000e+03 1.000000000000000000e+00
1.486000000000000000e+03 2.850000000000000000e+03 1.663000000000000000e+03 1.000000000000000000e+00
0.000000000000000000e+00 3.187000000000000000e+03 2.031000000000000000e+03 7.820000000000000000e+02
1.118000000000000000e+03 1.538000000000000000e+03 1.493000000000000000e+03 1.851000000000000000e+03
