1.095444503960395872e-03
1.250000000000000000e+02
1.179524627883441357e-03
1.110000000000000000e+02
1.084158227919827799e-02
1.190000000000000000e+02
1.786278508703100648e-02
1.200000000000000000e+01
1.069511680033355568e-02
1.350000000000000000e+02
1.414247174953083518e-02
1.600000000000000000e+01
1.064813424916807513e-02
1.360000000000000000e+02
1.056211663643747377e-02
1.360000000000000000e+02
7.335767487095579131e-03
1.230000000000000000e+02
2.296176624993711765e-02
3.600000000000000000e+01
1.028038889989457130e-03
3.600000000000000000e+01
