1.500000000000000000e+03 1.500000000000000000e+03 1.500000000000000000e+03 1.500000000000000000e+03
1.373000000000000000e+03 6.570000000000000000e+02 1.509000000000000000e+03 2.461000000000000000e+03
2.668000000000000000e+03 8.640000000000000000e+02 1.066000000000000000e+03 1.402000000000000000e+03
2.022000000000000000e+03 2.399000000000000000e+03 5.520000000000000000e+02 1.027000000000000000e+03
5.660000000000000000e+02 2.654000000000000000e+03 1.016000000000000000e+03 1.764000000000000000e+03
1.492000000000000000e+03 1.638000000000000000e+03 2.217000000000000000e+03 6.530000000000000000e+02
0.000000000000000000e+00 1.269000000000000000e+03 2.091000000000000000e+03 2.640000000000000000e+03
1.902000000000000000e+03 5.260000000000000000e+02 3.332000000000000000e+03 2.400000000000000000e+02
4.890000000000000000e+02 1.005000000000000000e+03 3.390000000000000000e+02 4.167000000000000000e+03
9.400000000000000000e+01 1.378000000000000000e+03 4.350000000000000000e+03 1.780000000000000000e+02
0.000000000000000000e+00 8.540000000000000000e+02 3.164000000000000000e+03 1.982000000000000000e+03
4.160000000000000000e+02 4.398000000000000000e+03 0.000000000000000000e+00 1.186000000000000000e+03
2.000000000000000000e+03 0.000000000000000000e+00 2.189000000000000000e+03 1.811000000000000000e+03
1.679000000000000000e+03 2.651000000000000000e+03 1.669000000000000000e+03 1.000000000000000000e+00
0.000000000000000000e+00 3.219000000000000000e+03 2.193000000000000000e+03 5.880000000000000000e+02
