-8.176500000000000057e+01
9.151977499999999766e-02
-1.007690000000000055e+02
1.346876389999999979e-01
-1.994110000000000014e+02
2.947180790000000217e-01
-8.564400000000000546e+01
8.624726400000000404e-02
-1.880989999999999895e+02
2.664171989999999934e-01
-3.142660000000000196e+02
4.074012439999999402e-01
-7.561250000000000000e+02
9.880553750000000690e-01
-5.623070000000000164e+02
7.545787510000000475e-01
-5.631639999999999873e+02
7.543831040000000820e-01
-6.006109999999999900e+02
6.754896790000000095e-01
-2.062699999999999889e+01
3.379587099999999816e-02
