9.591602619801268539e-04
1.030000000000000000e+02
1.049961276986170191e-03
8.300000000000000000e+01
1.412912957331443828e-03
1.850000000000000000e+02
9.744913581078983337e-04
6.700000000000000000e+01
7.998452840549452603e-03
2.000000000000000000e+01
1.538737362072186386e-02
2.300000000000000000e+01
1.959252656957797406e-02
2.600000000000000000e+01
6.168435396857701973e-03
1.620000000000000000e+02
6.168451476933511923e-03
1.620000000000000000e+02
1.074913019622675096e-02
2.300000000000000000e+01
1.197545824164963219e-03
6.300000000000000000e+01
