1.482225881933733284e-03
1.000000000000000000e+02
9.786688869488598726e-04
1.200000000000000000e+02
1.435212045178680621e-03
2.040000000000000000e+02
7.064381754096674647e-03
5.200000000000000000e+01
9.829442743218780656e-03
2.100000000000000000e+01
8.035569665134030537e-03
2.030000000000000000e+02
1.077077196297711835e-02
5.300000000000000000e+01
5.056131666513393255e-03
3.100000000000000000e+01
1.597361544998485844e-02
3.400000000000000000e+01
6.462038998459826780e-03
1.460000000000000000e+02
