8.790000000000000000e+02 3.132000000000000000e+03 9.160000000000000000e+02 1.073000000000000000e+03
7.210000000000000000e+02 3.025000000000000000e+03 2.252000000000000000e+03 2.000000000000000000e+00
3.980000000000000000e+02 1.847000000000000000e+03 4.230000000000000000e+02 3.332000000000000000e+03
4.940000000000000000e+02 3.976000000000000000e+03 8.420000000000000000e+02 6.880000000000000000e+02
7.310000000000000000e+02 0.000000000000000000e+00 2.629000000000000000e+03 2.640000000000000000e+03
3.045000000000000000e+03 1.626000000000000000e+03 1.328000000000000000e+03 1.000000000000000000e+00
1.440000000000000000e+02 1.112000000000000000e+03 0.000000000000000000e+00 4.744000000000000000e+03
2.574000000000000000e+03 1.707000000000000000e+03 0.000000000000000000e+00 1.719000000000000000e+03
2.574000000000000000e+03 1.707000000000000000e+03 0.000000000000000000e+00 1.719000000000000000e+03
4.830000000000000000e+02 0.000000000000000000e+00 3.990000000000000000e+02 5.118000000000000000e+03
1.263000000000000000e+03 1.440000000000000000e+03 1.868000000000000000e+03 1.429000000000000000e+03
