1.500000000000000000e+03 1.500000000000000000e+03 1.500000000000000000e+03 1.500000000000000000e+03
3.416000000000000000e+03 8.040000000000000000e+02 5.860000000000000000e+02 1.194000000000000000e+03
1.213000000000000000e+03 2.172000000000000000e+03 1.309000000000000000e+03 1.306000000000000000e+03
6.470000000000000000e+02 8.580000000000000000e+02 3.611000000000000000e+03 8.840000000000000000e+02
1.481000000000000000e+03 2.058000000000000000e+03 1.776000000000000000e+03 6.850000000000000000e+02
9.360000000000000000e+02 7.660000000000000000e+02 1.062000000000000000e+03 3.236000000000000000e+03
2.368000000000000000e+03 2.951000000000000000e+03 3.000000000000000000e+02 3.810000000000000000e+02
4.460000000000000000e+02 1.809000000000000000e+03 5.200000000000000000e+02 3.225000000000000000e+03
0.000000000000000000e+00 2.759000000000000000e+03 1.497000000000000000e+03 1.744000000000000000e+03
1.461000000000000000e+03 0.000000000000000000e+00 3.131000000000000000e+03 1.408000000000000000e+03
0.000000000000000000e+00 1.342000000000000000e+03 2.304000000000000000e+03 2.354000000000000000e+03
2.361000000000000000e+03 1.497000000000000000e+03 2.140000000000000000e+03 2.000000000000000000e+00
1.391000000000000000e+03 3.888000000000000000e+03 7.200000000000000000e+02 1.000000000000000000e+00
3.440000000000000000e+02 0.000000000000000000e+00 2.354000000000000000e+03 3.302000000000000000e+03
2.490000000000000000e+03 1.765000000000000000e+03 0.000000000000000000e+00 1.745000000000000000e+03
