-3.094500000000000028e+01
6.353797499999999654e-02
-3.252600000000000335e+01
6.289932400000000645e-02
-3.035500000000000043e+01
5.556097500000000550e-02
-2.937800000000000011e+01
5.459511600000000603e-02
-3.488509999999999991e+02
5.340807990000000505e-01
-3.427549999999999955e+02
5.424469750000000534e-01
-4.684630000000000223e+02
6.447466310000000700e-01
-1.552999999999999936e+01
2.246109999999999773e-02
-1.602499999999999858e+01
2.914637499999999867e-02
-1.726550000000000011e+02
2.149719749999999818e-01
-3.204299999999999926e+01
4.563515099999999880e-02
