9.390000000000000000e+02 1.185000000000000000e+03 1.391000000000000000e+03 2.485000000000000000e+03
9.430000000000000000e+02 1.175000000000000000e+03 1.393000000000000000e+03 2.489000000000000000e+03
7.930000000000000000e+02 1.333000000000000000e+03 1.406000000000000000e+03 2.468000000000000000e+03
9.370000000000000000e+02 1.205000000000000000e+03 1.404000000000000000e+03 2.454000000000000000e+03
6.500000000000000000e+01 0.000000000000000000e+00 2.413000000000000000e+03 3.522000000000000000e+03
1.828000000000000000e+03 5.940000000000000000e+02 3.577000000000000000e+03 1.000000000000000000e+00
2.567000000000000000e+03 0.000000000000000000e+00 3.780000000000000000e+02 3.055000000000000000e+03
1.082000000000000000e+03 1.559000000000000000e+03 1.493000000000000000e+03 1.866000000000000000e+03
1.308000000000000000e+03 1.354000000000000000e+03 1.420000000000000000e+03 1.918000000000000000e+03
0.000000000000000000e+00 2.702000000000000000e+03 1.344000000000000000e+03 1.954000000000000000e+03
6.910000000000000000e+02 1.909000000000000000e+03 1.355000000000000000e+03 2.045000000000000000e+03
