1.193113983835341523e-03
1.380000000000000000e+02
1.062712793310712422e-03
5.600000000000000000e+01
1.227721996261987164e-03
1.810000000000000000e+02
1.148095467539484360e-03
6.500000000000000000e+01
1.173589170634874558e-03
7.900000000000000000e+01
1.158971451198548752e-03
8.600000000000000000e+01
9.042582327909186096e-04
8.000000000000000000e+01
1.169860605036502450e-03
7.400000000000000000e+01
1.159782690614261785e-03
9.000000000000000000e+01
1.317468334421774802e-03
1.030000000000000000e+02
