1.500000000000000000e+03 1.500000000000000000e+03 1.500000000000000000e+03 1.500000000000000000e+03 3.480000000000000000e+02 3.410000000000000000e+02 3.430000000000000000e+02 3.550000000000000000e+02
1.421000000000000000e+03 2.531000000000000000e+03 1.275000000000000000e+03 7.730000000000000000e+02 3.240000000000000000e+02 3.520000000000000000e+02 3.650000000000000000e+02 3.710000000000000000e+02
1.044000000000000000e+03 2.124000000000000000e+03 1.812000000000000000e+03 1.020000000000000000e+03 3.510000000000000000e+02 3.850000000000000000e+02 3.440000000000000000e+02 3.610000000000000000e+02
1.727000000000000000e+03 1.036000000000000000e+03 1.922000000000000000e+03 1.315000000000000000e+03 3.730000000000000000e+02 3.670000000000000000e+02 3.680000000000000000e+02 3.530000000000000000e+02
2.090000000000000000e+03 2.012000000000000000e+03 6.760000000000000000e+02 1.222000000000000000e+03 3.650000000000000000e+02 3.420000000000000000e+02 3.560000000000000000e+02 3.790000000000000000e+02
2.330000000000000000e+02 3.685000000000000000e+03 1.820000000000000000e+02 1.900000000000000000e+03 3.450000000000000000e+02 3.560000000000000000e+02 3.400000000000000000e+02 3.630000000000000000e+02
4.160000000000000000e+02 1.876000000000000000e+03 2.920000000000000000e+03 7.880000000000000000e+02 3.440000000000000000e+02 3.560000000000000000e+02 3.400000000000000000e+02 3.630000000000000000e+02
3.763000000000000000e+03 1.610000000000000000e+02 1.185000000000000000e+03 8.910000000000000000e+02 3.440000000000000000e+02 3.560000000000000000e+02 3.400000000000000000e+02 3.630000000000000000e+02
9.350000000000000000e+02 1.161000000000000000e+03 1.343000000000000000e+03 2.561000000000000000e+03 3.450000000000000000e+02 3.560000000000000000e+02 3.400000000000000000e+02 3.630000000000000000e+02
8.870000000000000000e+02 4.300000000000000000e+01 2.784000000000000000e+03 2.286000000000000000e+03 3.450000000000000000e+02 3.560000000000000000e+02 3.400000000000000000e+02 3.630000000000000000e+02
8.790000000000000000e+02 1.668000000000000000e+03 3.200000000000000000e+01 3.421000000000000000e+03 3.450000000000000000e+02 3.560000000000000000e+02 3.400000000000000000e+02 3.630000000000000000e+02
2.260000000000000000e+02 4.000000000000000000e+01 9.210000000000000000e+02 4.813000000000000000e+03 3.450000000000000000e+02 3.560000000000000000e+02 3.400000000000000000e+02 3.630000000000000000e+02
6.700000000000000000e+01 1.014000000000000000e+03 1.996000000000000000e+03 2.923000000000000000e+03 3.450000000000000000e+02 3.560000000000000000e+02 3.400000000000000000e+02 3.630000000000000000e+02
7.220000000000000000e+02 1.290000000000000000e+02 3.916000000000000000e+03 1.233000000000000000e+03 3.450000000000000000e+02 3.560000000000000000e+02 3.400000000000000000e+02 3.630000000000000000e+02
1.907000000000000000e+03 2.140000000000000000e+02 1.269000000000000000e+03 2.610000000000000000e+03 3.450000000000000000e+02 3.560000000000000000e+02 3.400000000000000000e+02 3.630000000000000000e+02
