1.500000000000000000e+03 1.500000000000000000e+03 1.500000000000000000e+03 1.500000000000000000e+03 3.120000000000000000e+02 3.260000000000000000e+02 3.280000000000000000e+02 3.390000000000000000e+02
8.580000000000000000e+02 7.940000000000000000e+02 1.353000000000000000e+03 2.995000000000000000e+03 3.230000000000000000e+02 3.550000000000000000e+02 3.180000000000000000e+02 3.740000000000000000e+02
1.488000000000000000e+03 2.718000000000000000e+03 8.860000000000000000e+02 9.080000000000000000e+02 3.460000000000000000e+02 3.870000000000000000e+02 3.430000000000000000e+02 3.540000000000000000e+02
8.490000000000000000e+02 1.223000000000000000e+03 1.896000000000000000e+03 2.032000000000000000e+03 3.480000000000000000e+02 3.710000000000000000e+02 3.540000000000000000e+02 3.650000000000000000e+02
7.180000000000000000e+02 2.022000000000000000e+03 7.210000000000000000e+02 2.539000000000000000e+03 3.310000000000000000e+02 3.570000000000000000e+02 3.290000000000000000e+02 3.520000000000000000e+02
3.836000000000000000e+03 1.022000000000000000e+03 6.420000000000000000e+02 5.000000000000000000e+02 3.450000000000000000e+02 3.490000000000000000e+02 3.400000000000000000e+02 3.640000000000000000e+02
6.400000000000000000e+01 2.999000000000000000e+03 1.172000000000000000e+03 1.765000000000000000e+03 3.450000000000000000e+02 3.570000000000000000e+02 3.410000000000000000e+02 3.630000000000000000e+02
1.213000000000000000e+03 6.710000000000000000e+02 2.841000000000000000e+03 1.275000000000000000e+03 3.420000000000000000e+02 3.540000000000000000e+02 3.390000000000000000e+02 3.610000000000000000e+02
2.291000000000000000e+03 8.540000000000000000e+02 7.940000000000000000e+02 2.061000000000000000e+03 3.440000000000000000e+02 3.560000000000000000e+02 3.400000000000000000e+02 3.630000000000000000e+02
2.326000000000000000e+03 1.511000000000000000e+03 1.818000000000000000e+03 3.450000000000000000e+02 3.420000000000000000e+02 3.500000000000000000e+02 3.390000000000000000e+02 3.600000000000000000e+02
1.406000000000000000e+03 1.542000000000000000e+03 1.539000000000000000e+03 1.513000000000000000e+03 3.220000000000000000e+02 3.390000000000000000e+02 3.310000000000000000e+02 3.490000000000000000e+02
6.210000000000000000e+02 1.138000000000000000e+03 3.895000000000000000e+03 3.460000000000000000e+02 3.450000000000000000e+02 3.510000000000000000e+02 3.420000000000000000e+02 3.540000000000000000e+02
3.100000000000000000e+01 4.630000000000000000e+02 3.250000000000000000e+03 2.256000000000000000e+03 3.450000000000000000e+02 3.560000000000000000e+02 3.400000000000000000e+02 3.630000000000000000e+02
