-4.118999999999999773e+01
7.108589999999999354e-02
-1.959600000000000080e+02
3.079464000000000645e-01
-2.473360000000000127e+02
3.702911040000000376e-01
-2.077139999999999986e+02
3.093702039999999820e-01
-2.304430000000000121e+02
3.391787510000000005e-01
-2.090300000000000011e+02
2.894730999999999832e-01
-1.995769999999999982e+02
3.514420710000000225e-01
-1.988489999999999895e+02
3.270681990000000594e-01
-1.972719999999999914e+02
3.309500160000000135e-01
-3.233159999999999741e+02
5.466481439999999470e-01
-2.885749999999999886e+02
4.652323749999999758e-01
