9.592158138796664851e-04
5.800000000000000000e+01
3.108340432829946598e-03
1.200000000000000000e+02
2.942565505392763080e-03
1.050000000000000000e+02
1.470406049292415042e-03
2.740000000000000000e+02
1.196409671802022533e-02
8.700000000000000000e+01
7.547020254867005742e-03
6.700000000000000000e+01
1.378903854829200163e-03
3.800000000000000000e+02
1.380631356895554128e-03
3.740000000000000000e+02
1.351101392771236276e-03
4.050000000000000000e+02
1.655715708397257398e-03
3.670000000000000000e+02
2.698102695408307727e-03
2.950000000000000000e+02
