1.500000000000000000e+03 1.500000000000000000e+03 1.500000000000000000e+03 1.500000000000000000e+03 3.280000000000000000e+02 3.550000000000000000e+02 3.590000000000000000e+02 3.750000000000000000e+02
9.150000000000000000e+02 1.516000000000000000e+03 2.702000000000000000e+03 8.670000000000000000e+02 3.850000000000000000e+02 3.740000000000000000e+02 3.370000000000000000e+02 3.690000000000000000e+02
1.210000000000000000e+03 3.149000000000000000e+03 9.980000000000000000e+02 6.430000000000000000e+02 3.790000000000000000e+02 3.890000000000000000e+02 3.640000000000000000e+02 3.740000000000000000e+02
3.314000000000000000e+03 1.120000000000000000e+03 1.051000000000000000e+03 5.150000000000000000e+02 3.510000000000000000e+02 3.770000000000000000e+02 3.580000000000000000e+02 3.750000000000000000e+02
2.733000000000000000e+03 5.710000000000000000e+02 1.637000000000000000e+03 1.059000000000000000e+03 3.120000000000000000e+02 3.580000000000000000e+02 3.190000000000000000e+02 3.610000000000000000e+02
2.002000000000000000e+03 5.250000000000000000e+02 6.550000000000000000e+02 2.818000000000000000e+03 3.450000000000000000e+02 3.560000000000000000e+02 3.390000000000000000e+02 3.630000000000000000e+02
3.427000000000000000e+03 1.110000000000000000e+02 1.450000000000000000e+02 2.317000000000000000e+03 3.450000000000000000e+02 3.560000000000000000e+02 3.400000000000000000e+02 3.630000000000000000e+02
7.870000000000000000e+02 3.490000000000000000e+02 4.400000000000000000e+02 4.424000000000000000e+03 3.450000000000000000e+02 3.560000000000000000e+02 3.400000000000000000e+02 3.630000000000000000e+02
3.730000000000000000e+02 1.576000000000000000e+03 1.593000000000000000e+03 2.458000000000000000e+03 3.450000000000000000e+02 3.560000000000000000e+02 3.400000000000000000e+02 3.630000000000000000e+02
4.640000000000000000e+02 1.934000000000000000e+03 1.139000000000000000e+03 2.463000000000000000e+03 3.450000000000000000e+02 3.560000000000000000e+02 3.400000000000000000e+02 3.630000000000000000e+02
1.460000000000000000e+03 1.440000000000000000e+03 1.579000000000000000e+03 1.521000000000000000e+03 3.230000000000000000e+02 3.550000000000000000e+02 3.590000000000000000e+02 3.750000000000000000e+02
4.379000000000000000e+03 5.260000000000000000e+02 7.480000000000000000e+02 3.470000000000000000e+02 3.450000000000000000e+02 3.580000000000000000e+02 3.400000000000000000e+02 3.640000000000000000e+02
1.615000000000000000e+03 2.273000000000000000e+03 1.769000000000000000e+03 3.430000000000000000e+02 3.410000000000000000e+02 3.660000000000000000e+02 3.280000000000000000e+02 3.660000000000000000e+02
1.594000000000000000e+03 2.457000000000000000e+03 4.000000000000000000e+01 1.909000000000000000e+03 3.450000000000000000e+02 3.560000000000000000e+02 3.400000000000000000e+02 3.630000000000000000e+02
8.700000000000000000e+01 3.407000000000000000e+03 1.261000000000000000e+03 1.245000000000000000e+03 3.450000000000000000e+02 3.560000000000000000e+02 3.400000000000000000e+02 3.630000000000000000e+02
