-2.558220000000000027e+02
3.529783160000000142e-01
-3.968800000000000239e+01
5.468665600000000016e-02
-3.279549999999999841e+02
4.267409749999999669e-01
-1.468760000000000048e+02
2.189826240000000146e-01
-1.931899999999999906e+01
2.738323900000000019e-02
-1.918100000000000094e+01
2.846423900000000229e-02
-2.427299999999999969e+01
3.445047100000001028e-02
-2.517599999999999838e+01
3.952902400000000982e-02
-4.707540000000000191e+02
5.595914839999999169e-01
-1.956299999999999883e+01
3.398403099999999788e-02
-1.846799999999999997e+01
2.977897599999999867e-02
