1.185666504585496800e-03
4.370000000000000000e+02
1.328742154056298912e-03
1.210000000000000000e+02
1.008457246344132002e-02
3.000000000000000000e+01
4.681629248615278016e-02
9.000000000000000000e+00
1.040713249585150909e-03
6.500000000000000000e+01
1.033407221283508086e-03
6.500000000000000000e+01
1.063706664605551131e-03
4.100000000000000000e+01
8.413866956432842527e-04
3.300000000000000000e+01
1.297998619016991172e-03
2.830000000000000000e+02
1.149292581919797397e-03
2.900000000000000000e+01
9.414266668855545729e-04
4.300000000000000000e+01
