2.428000000000000000e+03 1.403000000000000000e+03 2.580000000000000000e+02 1.911000000000000000e+03
4.760000000000000000e+02 2.010000000000000000e+03 1.752000000000000000e+03 1.762000000000000000e+03
3.464000000000000000e+03 5.650000000000000000e+02 1.970000000000000000e+03 1.000000000000000000e+00
6.770000000000000000e+02 2.484000000000000000e+03 2.837000000000000000e+03 2.000000000000000000e+00
1.041000000000000000e+03 1.598000000000000000e+03 1.807000000000000000e+03 1.554000000000000000e+03
1.041000000000000000e+03 1.597000000000000000e+03 1.808000000000000000e+03 1.554000000000000000e+03
9.180000000000000000e+02 1.695000000000000000e+03 1.850000000000000000e+03 1.537000000000000000e+03
1.249000000000000000e+03 1.734000000000000000e+03 1.587000000000000000e+03 1.430000000000000000e+03
4.900000000000000000e+01 1.234000000000000000e+03 4.608000000000000000e+03 1.090000000000000000e+02
1.189000000000000000e+03 1.654000000000000000e+03 1.639000000000000000e+03 1.518000000000000000e+03
1.181000000000000000e+03 1.624000000000000000e+03 1.677000000000000000e+03 1.518000000000000000e+03
