1.435328432879001345e-03
2.860000000000000000e+02
1.126840958015156617e-03
1.540000000000000000e+02
7.469305990245683931e-03
1.440000000000000000e+02
2.068898571688707055e-02
9.600000000000000000e+01
1.177572459199270616e-02
2.600000000000000000e+01
1.258608618140292894e-02
1.340000000000000000e+02
1.245722454669480556e-03
6.000000000000000000e+01
9.922811021751761114e-04
5.000000000000000000e+01
3.925204577758005346e-03
2.650000000000000000e+02
1.374385860263983416e-03
2.880000000000000000e+02
