1.500000000000000000e+03 1.500000000000000000e+03 1.500000000000000000e+03 1.500000000000000000e+03
1.107000000000000000e+03 1.024000000000000000e+03 2.605000000000000000e+03 1.264000000000000000e+03
1.881000000000000000e+03 2.592000000000000000e+03 8.980000000000000000e+02 6.290000000000000000e+02
9.840000000000000000e+02 2.759000000000000000e+03 1.150000000000000000e+03 1.107000000000000000e+03
7.780000000000000000e+02 7.980000000000000000e+02 1.436000000000000000e+03 2.988000000000000000e+03
2.689000000000000000e+03 1.319000000000000000e+03 0.000000000000000000e+00 1.992000000000000000e+03
7.700000000000000000e+01 2.261000000000000000e+03 1.769000000000000000e+03 1.893000000000000000e+03
3.203000000000000000e+03 5.820000000000000000e+02 2.213000000000000000e+03 2.000000000000000000e+00
3.380000000000000000e+02 3.383000000000000000e+03 0.000000000000000000e+00 2.279000000000000000e+03
5.350000000000000000e+02 1.376000000000000000e+03 0.000000000000000000e+00 4.089000000000000000e+03
2.717000000000000000e+03 0.000000000000000000e+00 2.007000000000000000e+03 1.276000000000000000e+03
8.060000000000000000e+02 1.691000000000000000e+03 1.947000000000000000e+03 1.556000000000000000e+03
1.307000000000000000e+03 1.799000000000000000e+03 1.611000000000000000e+03 1.283000000000000000e+03
7.900000000000000000e+01 0.000000000000000000e+00 3.684000000000000000e+03 2.237000000000000000e+03
1.530000000000000000e+02 1.152000000000000000e+03 4.400000000000000000e+03 2.950000000000000000e+02
