1.177791698707967866e-03
8.200000000000000000e+01
1.162445570365850051e-03
2.260000000000000000e+02
1.184722199374687148e-03
2.730000000000000000e+02
1.138774466132163633e-03
1.130000000000000000e+02
1.203169379572007315e-03
1.410000000000000000e+02
1.236894052790700731e-03
2.170000000000000000e+02
3.256991047649570453e-02
8.000000000000000000e+00
1.183626776403175597e-03
2.400000000000000000e+02
2.283092712357125131e-02
1.300000000000000000e+01
1.046987654637304661e-04
1.000000000000000000e+00
