1.500000000000000000e+03 1.500000000000000000e+03 1.500000000000000000e+03 1.500000000000000000e+03 3.280000000000000000e+02 3.740000000000000000e+02 3.530000000000000000e+02 3.530000000000000000e+02
1.447000000000000000e+03 2.538000000000000000e+03 1.443000000000000000e+03 5.720000000000000000e+02 3.620000000000000000e+02 3.880000000000000000e+02 3.350000000000000000e+02 3.550000000000000000e+02
1.222000000000000000e+03 3.564000000000000000e+03 6.830000000000000000e+02 5.310000000000000000e+02 3.410000000000000000e+02 3.520000000000000000e+02 3.400000000000000000e+02 3.470000000000000000e+02
9.100000000000000000e+02 6.840000000000000000e+02 1.469000000000000000e+03 2.937000000000000000e+03 3.280000000000000000e+02 3.470000000000000000e+02 3.400000000000000000e+02 3.750000000000000000e+02
1.470000000000000000e+03 1.615000000000000000e+03 8.320000000000000000e+02 2.083000000000000000e+03 3.800000000000000000e+02 3.670000000000000000e+02 3.430000000000000000e+02 3.540000000000000000e+02
3.600000000000000000e+01 3.884000000000000000e+03 1.840000000000000000e+02 1.896000000000000000e+03 3.440000000000000000e+02 3.560000000000000000e+02 3.400000000000000000e+02 3.630000000000000000e+02
2.545000000000000000e+03 4.190000000000000000e+02 2.558000000000000000e+03 4.780000000000000000e+02 3.450000000000000000e+02 3.560000000000000000e+02 3.400000000000000000e+02 3.630000000000000000e+02
3.118000000000000000e+03 1.090000000000000000e+02 4.860000000000000000e+02 2.287000000000000000e+03 3.450000000000000000e+02 3.560000000000000000e+02 3.400000000000000000e+02 3.630000000000000000e+02
4.400000000000000000e+02 4.190000000000000000e+02 3.712000000000000000e+03 1.429000000000000000e+03 3.450000000000000000e+02 3.560000000000000000e+02 3.400000000000000000e+02 3.630000000000000000e+02
3.700000000000000000e+01 2.757000000000000000e+03 2.274000000000000000e+03 9.320000000000000000e+02 3.450000000000000000e+02 3.560000000000000000e+02 3.400000000000000000e+02 3.630000000000000000e+02
2.174000000000000000e+03 2.448000000000000000e+03 5.000000000000000000e+01 1.328000000000000000e+03 3.450000000000000000e+02 3.560000000000000000e+02 3.400000000000000000e+02 3.630000000000000000e+02
2.388000000000000000e+03 2.477000000000000000e+03 7.830000000000000000e+02 3.520000000000000000e+02 3.510000000000000000e+02 3.530000000000000000e+02 3.480000000000000000e+02 3.610000000000000000e+02
9.190000000000000000e+02 2.003000000000000000e+03 2.000000000000000000e+01 3.058000000000000000e+03 3.450000000000000000e+02 3.560000000000000000e+02 3.400000000000000000e+02 3.630000000000000000e+02
3.423000000000000000e+03 1.455000000000000000e+03 7.610000000000000000e+02 3.610000000000000000e+02 3.590000000000000000e+02 3.520000000000000000e+02 3.440000000000000000e+02 3.610000000000000000e+02
2.762000000000000000e+03 1.096000000000000000e+03 1.369000000000000000e+03 7.730000000000000000e+02 3.600000000000000000e+02 3.610000000000000000e+02 3.320000000000000000e+02 3.280000000000000000e+02
