1.353365227585159522e-03
1.600000000000000000e+02
1.184672972164714944e-03
2.170000000000000000e+02
1.169531820170778211e-03
2.400000000000000000e+02
1.084934829695388203e-03
1.640000000000000000e+02
6.750712536936002463e-03
8.400000000000000000e+01
7.682452071872267023e-03
1.200000000000000000e+02
3.193668177510579353e-03
5.030000000000000000e+02
1.409550843628590636e-02
2.200000000000000000e+01
9.954281280208172791e-04
5.200000000000000000e+01
1.035503663940375669e-03
5.000000000000000000e+01
1.034279718231734865e-03
6.700000000000000000e+01
