-4.371700000000000159e+02
6.371731000000000478e-01
-6.583299999999999841e+01
1.260231109999999655e-01
-6.862800000000000011e+01
1.355216159999999559e-01
-4.729200000000000159e+01
9.128273600000000321e-02
-1.354010000000000105e+02
1.709361990000000109e-01
-1.567050000000000125e+02
2.130419750000000501e-01
-1.450519999999999925e+02
1.852132960000000272e-01
-1.806250000000000000e+02
1.977783750000000063e-01
-1.521599999999999930e+01
2.942734400000000111e-02
-1.698799999999999955e+01
2.777785599999999314e-02
-1.736199999999999832e+01
3.027295599999999670e-02
