3.260000000000000000e+02 5.260000000000000000e+02 7.230000000000000000e+02 4.425000000000000000e+03
1.026000000000000000e+03 1.300000000000000000e+01 2.462000000000000000e+03 2.499000000000000000e+03
1.002000000000000000e+03 7.000000000000000000e+00 2.520000000000000000e+03 2.471000000000000000e+03
1.281000000000000000e+03 1.700000000000000000e+02 2.458000000000000000e+03 2.091000000000000000e+03
1.411000000000000000e+03 0.000000000000000000e+00 2.152000000000000000e+03 2.437000000000000000e+03
1.558000000000000000e+03 0.000000000000000000e+00 1.873000000000000000e+03 2.569000000000000000e+03
1.490000000000000000e+03 0.000000000000000000e+00 1.996000000000000000e+03 2.514000000000000000e+03
0.000000000000000000e+00 3.719000000000000000e+03 1.270000000000000000e+02 2.154000000000000000e+03
1.289000000000000000e+03 1.274000000000000000e+03 1.538000000000000000e+03 1.899000000000000000e+03
1.298000000000000000e+03 1.200000000000000000e+03 1.599000000000000000e+03 1.903000000000000000e+03
1.317000000000000000e+03 1.188000000000000000e+03 1.565000000000000000e+03 1.930000000000000000e+03
