9.940745243393423001e-04
6.900000000000000000e+01
1.254983485509747303e-02
1.330000000000000000e+02
9.905159321267696226e-04
1.240000000000000000e+02
1.516201128390841542e-02
9.600000000000000000e+01
1.108088780522092833e-03
5.500000000000000000e+01
9.652945287985611501e-04
1.050000000000000000e+02
1.042225284020666717e-03
4.800000000000000000e+01
1.080444859638251057e-03
1.770000000000000000e+02
2.977530870007890143e-02
1.600000000000000000e+01
1.122596378296706471e-03
6.000000000000000000e+01
