9.590461370335954822e-04
7.400000000000000000e+01
9.777344906878300632e-04
5.100000000000000000e+01
2.677684155989232435e-03
4.200000000000000000e+01
1.197034102068687735e-03
1.930000000000000000e+02
4.574831814072560787e-03
4.900000000000000000e+01
9.998049094778686374e-04
1.110000000000000000e+02
3.699117310432775696e-02
5.000000000000000000e+00
1.082443192422767814e-03
2.130000000000000000e+02
8.303436824650147624e-03
7.800000000000000000e+01
1.075087616344338592e-03
2.110000000000000000e+02
2.273144971360996705e-02
4.900000000000000000e+01
