1.773000000000000000e+03 1.450000000000000000e+02 2.824000000000000000e+03 1.258000000000000000e+03
7.650000000000000000e+02 2.202000000000000000e+03 8.600000000000000000e+02 2.173000000000000000e+03
7.160000000000000000e+02 2.478000000000000000e+03 2.804000000000000000e+03 2.000000000000000000e+00
4.660000000000000000e+02 1.406000000000000000e+03 5.960000000000000000e+02 3.532000000000000000e+03
2.458000000000000000e+03 0.000000000000000000e+00 1.247000000000000000e+03 2.295000000000000000e+03
4.129000000000000000e+03 3.930000000000000000e+02 4.580000000000000000e+02 1.020000000000000000e+03
2.982000000000000000e+03 2.083000000000000000e+03 9.330000000000000000e+02 2.000000000000000000e+00
1.180000000000000000e+02 5.950000000000000000e+02 3.150000000000000000e+02 4.972000000000000000e+03
1.051000000000000000e+03 2.311000000000000000e+03 2.636000000000000000e+03 2.000000000000000000e+00
1.980000000000000000e+02 6.120000000000000000e+02 1.330000000000000000e+02 5.057000000000000000e+03
1.387000000000000000e+03 1.329000000000000000e+03 3.282000000000000000e+03 2.000000000000000000e+00
