-1.524379999999999882e+02
2.447481560000000222e-01
-4.727799999999999869e+01
5.504271599999999848e-02
-1.406320000000000050e+02
2.126785759999999803e-01
-2.346649999999999920e+02
3.702687749999999944e-01
-3.549990000000000236e+02
4.678829989999999661e-01
-2.965690000000000168e+02
3.608332390000000278e-01
-3.363000000000000114e+02
3.827499999999999791e-01
-5.040699999999999932e+02
5.641151000000000915e-01
-1.076329999999999956e+02
1.613963109999999868e-01
-5.059220000000000255e+02
5.559119160000000059e-01
-1.939010000000000105e+02
3.336471990000000054e-01
