4.388809173695323342e-03
2.800000000000000000e+01
9.354480060655316143e-04
7.700000000000000000e+01
9.136745966127332369e-04
2.800000000000000000e+01
9.310715891388639991e-04
1.260000000000000000e+02
6.939650622537248646e-03
3.100000000000000000e+01
8.935581626919364461e-04
6.200000000000000000e+01
4.764597890320987697e-03
8.000000000000000000e+01
6.098248726224635673e-03
5.300000000000000000e+01
1.025550712060361485e-03
1.320000000000000000e+02
1.003970244944595068e-03
1.120000000000000000e+02
