1.500000000000000000e+03 1.500000000000000000e+03 1.500000000000000000e+03 1.500000000000000000e+03 3.280000000000000000e+02 3.740000000000000000e+02 3.340000000000000000e+02 3.370000000000000000e+02
1.324000000000000000e+03 3.298000000000000000e+03 8.220000000000000000e+02 5.560000000000000000e+02 3.340000000000000000e+02 3.690000000000000000e+02 3.030000000000000000e+02 3.520000000000000000e+02
8.590000000000000000e+02 9.330000000000000000e+02 2.847000000000000000e+03 1.361000000000000000e+03 3.180000000000000000e+02 3.760000000000000000e+02 3.530000000000000000e+02 3.500000000000000000e+02
1.114000000000000000e+03 1.593000000000000000e+03 2.469000000000000000e+03 8.240000000000000000e+02 3.410000000000000000e+02 3.140000000000000000e+02 3.450000000000000000e+02 3.710000000000000000e+02
2.175000000000000000e+03 9.300000000000000000e+02 1.632000000000000000e+03 1.263000000000000000e+03 3.590000000000000000e+02 3.450000000000000000e+02 3.490000000000000000e+02 3.740000000000000000e+02
8.700000000000000000e+02 3.750000000000000000e+02 3.144000000000000000e+03 1.611000000000000000e+03 3.510000000000000000e+02 3.640000000000000000e+02 3.410000000000000000e+02 3.790000000000000000e+02
1.587000000000000000e+03 1.992000000000000000e+03 1.086000000000000000e+03 1.335000000000000000e+03 3.450000000000000000e+02 3.560000000000000000e+02 3.400000000000000000e+02 3.630000000000000000e+02
3.123000000000000000e+03 1.443000000000000000e+03 7.090000000000000000e+02 7.250000000000000000e+02 3.440000000000000000e+02 3.580000000000000000e+02 3.400000000000000000e+02 3.630000000000000000e+02
7.870000000000000000e+02 1.335000000000000000e+03 7.480000000000000000e+02 3.130000000000000000e+03 3.450000000000000000e+02 3.560000000000000000e+02 3.400000000000000000e+02 3.630000000000000000e+02
8.790000000000000000e+02 2.793000000000000000e+03 1.338000000000000000e+03 9.900000000000000000e+02 3.590000000000000000e+02 3.580000000000000000e+02 3.390000000000000000e+02 3.480000000000000000e+02
8.610000000000000000e+02 2.159000000000000000e+03 1.700000000000000000e+02 2.810000000000000000e+03 3.450000000000000000e+02 3.560000000000000000e+02 3.400000000000000000e+02 3.630000000000000000e+02
2.566000000000000000e+03 4.100000000000000000e+02 4.300000000000000000e+02 2.594000000000000000e+03 3.440000000000000000e+02 3.560000000000000000e+02 3.400000000000000000e+02 3.630000000000000000e+02
2.700000000000000000e+02 7.970000000000000000e+02 4.587000000000000000e+03 3.460000000000000000e+02 3.450000000000000000e+02 3.560000000000000000e+02 3.400000000000000000e+02 3.630000000000000000e+02
1.090000000000000000e+02 1.771000000000000000e+03 1.505000000000000000e+03 2.615000000000000000e+03 3.450000000000000000e+02 3.560000000000000000e+02 3.400000000000000000e+02 3.630000000000000000e+02
1.856000000000000000e+03 1.815000000000000000e+03 7.700000000000000000e+01 2.252000000000000000e+03 3.450000000000000000e+02 3.560000000000000000e+02 3.400000000000000000e+02 3.630000000000000000e+02
