1.002241532317924184e-03
2.660000000000000000e+02
1.268948532349295499e-03
3.200000000000000000e+02
1.327677649368910404e-02
8.500000000000000000e+01
9.848168595680793780e-03
1.050000000000000000e+02
1.009819104189376045e-02
1.440000000000000000e+02
5.753724915413671939e-03
3.010000000000000000e+02
1.158380143278836148e-03
9.300000000000000000e+01
1.032726835449975563e-03
4.300000000000000000e+01
9.008039105099029760e-04
3.500000000000000000e+01
1.036545381811145895e-03
6.300000000000000000e+01
9.517136902290866413e-04
2.500000000000000000e+01
