2.018000000000000000e+03 2.980000000000000000e+02 1.232000000000000000e+03 2.452000000000000000e+03
2.687000000000000000e+03 4.400000000000000000e+01 1.280000000000000000e+03 1.989000000000000000e+03
7.490000000000000000e+02 3.268000000000000000e+03 0.000000000000000000e+00 1.983000000000000000e+03
0.000000000000000000e+00 3.288000000000000000e+03 8.380000000000000000e+02 1.874000000000000000e+03
0.000000000000000000e+00 3.258000000000000000e+03 8.700000000000000000e+02 1.872000000000000000e+03
0.000000000000000000e+00 3.688000000000000000e+03 3.870000000000000000e+02 1.925000000000000000e+03
1.171000000000000000e+03 2.042000000000000000e+03 8.860000000000000000e+02 1.901000000000000000e+03
1.159000000000000000e+03 1.544000000000000000e+03 1.703000000000000000e+03 1.594000000000000000e+03
1.160000000000000000e+03 1.559000000000000000e+03 1.695000000000000000e+03 1.586000000000000000e+03
1.166000000000000000e+03 1.583000000000000000e+03 1.679000000000000000e+03 1.572000000000000000e+03
1.166000000000000000e+03 1.580000000000000000e+03 1.679000000000000000e+03 1.575000000000000000e+03
