-1.492110000000000127e+02
2.571184789999998999e-01
-2.960439999999999827e+02
3.437700639999999863e-01
-3.651000000000000227e+02
3.777039999999999842e-01
-1.803209999999999980e+02
1.978299589999999997e-01
-1.807829999999999870e+02
2.135779110000000369e-01
-1.797510000000000048e+02
2.163329989999999703e-01
-3.669800000000000040e+01
4.319679599999999564e-02
-1.774399999999999977e+01
2.954246399999999745e-02
-1.794399999999999906e+01
2.866486400000000170e-02
-1.705799999999999983e+01
2.704263599999999837e-02
-1.725199999999999889e+01
2.756249599999999883e-02
