1.450344084547754544e-03
9.600000000000000000e+01
5.594407540113179034e-03
8.700000000000000000e+01
1.836961202365070336e-02
1.900000000000000000e+01
3.956434601059611797e-03
4.700000000000000000e+01
9.895528565461550637e-04
2.200000000000000000e+02
2.434614778491861128e-02
4.800000000000000000e+01
6.477058888402031575e-03
1.030000000000000000e+02
9.012876054171324591e-02
1.000000000000000000e+01
3.741912057193756691e-02
2.300000000000000000e+01
2.589661787187960001e-02
3.200000000000000000e+01
