-2.411199999999999832e+01
3.490945599999999843e-02
-2.624200000000000088e+01
4.370743600000000229e-02
-1.895780000000000030e+02
2.334039159999999891e-01
-1.892000000000000171e+01
2.924960000000000060e-02
-4.761390000000000100e+02
5.546036790000000716e-01
-1.984299999999999997e+01
3.174635099999999904e-02
-1.935000000000000142e+01
3.090350000000000041e-02
-2.009600000000000009e+01
3.373078399999999977e-02
-3.657230000000000132e+02
3.926162709999999056e-01
-2.022599999999999909e+01
3.406692399999999843e-02
-2.307199999999999918e+01
3.634081600000000495e-02
