1.302702562821394724e-03
1.460000000000000000e+02
9.576411818873478091e-04
4.900000000000000000e+01
1.157726367995602461e-02
3.600000000000000000e+01
9.903958599435920638e-04
8.600000000000000000e+01
4.497775616484355615e-03
9.100000000000000000e+01
9.677921898730724309e-04
6.700000000000000000e+01
1.148134601421267696e-03
4.800000000000000000e+01
1.045169817566157875e-03
4.800000000000000000e+01
2.615864326882643212e-02
4.500000000000000000e+01
1.018026154863161357e-03
5.100000000000000000e+01
9.946492101761425595e-04
4.200000000000000000e+01
