7.110000000000000000e+02 1.693000000000000000e+03 1.822000000000000000e+03 1.774000000000000000e+03
9.010000000000000000e+02 1.296000000000000000e+03 1.386000000000000000e+03 2.417000000000000000e+03
0.000000000000000000e+00 3.103000000000000000e+03 5.320000000000000000e+02 2.365000000000000000e+03
1.094000000000000000e+03 1.613000000000000000e+03 1.768000000000000000e+03 1.525000000000000000e+03
5.940000000000000000e+02 7.480000000000000000e+02 4.656000000000000000e+03 2.000000000000000000e+00
1.271000000000000000e+03 1.515000000000000000e+03 1.766000000000000000e+03 1.448000000000000000e+03
1.265000000000000000e+03 1.346000000000000000e+03 1.863000000000000000e+03 1.526000000000000000e+03
1.299000000000000000e+03 1.271000000000000000e+03 1.877000000000000000e+03 1.553000000000000000e+03
1.233000000000000000e+03 3.033000000000000000e+03 0.000000000000000000e+00 1.734000000000000000e+03
1.288000000000000000e+03 1.241000000000000000e+03 1.888000000000000000e+03 1.583000000000000000e+03
1.255000000000000000e+03 1.277000000000000000e+03 1.996000000000000000e+03 1.472000000000000000e+03
