1.500000000000000000e+03 1.500000000000000000e+03 1.500000000000000000e+03 1.500000000000000000e+03
2.868000000000000000e+03 1.513000000000000000e+03 8.790000000000000000e+02 7.400000000000000000e+02
1.388000000000000000e+03 7.090000000000000000e+02 2.437000000000000000e+03 1.466000000000000000e+03
2.206000000000000000e+03 1.460000000000000000e+03 1.581000000000000000e+03 7.530000000000000000e+02
1.493000000000000000e+03 1.976000000000000000e+03 7.960000000000000000e+02 1.735000000000000000e+03
5.140000000000000000e+02 2.550000000000000000e+03 2.516000000000000000e+03 4.200000000000000000e+02
6.230000000000000000e+02 9.480000000000000000e+02 1.040000000000000000e+03 3.389000000000000000e+03
2.375000000000000000e+03 2.790000000000000000e+02 0.000000000000000000e+00 3.346000000000000000e+03
0.000000000000000000e+00 1.979000000000000000e+03 1.880000000000000000e+03 2.141000000000000000e+03
3.349000000000000000e+03 0.000000000000000000e+00 1.484000000000000000e+03 1.167000000000000000e+03
2.165000000000000000e+03 7.040000000000000000e+02 3.129000000000000000e+03 2.000000000000000000e+00
0.000000000000000000e+00 3.750000000000000000e+02 3.749000000000000000e+03 1.876000000000000000e+03
4.162000000000000000e+03 1.379000000000000000e+03 4.570000000000000000e+02 2.000000000000000000e+00
5.120000000000000000e+02 4.143000000000000000e+03 2.200000000000000000e+01 1.323000000000000000e+03
1.400000000000000000e+03 0.000000000000000000e+00 2.082000000000000000e+03 2.518000000000000000e+03
