1.128400732464775137e-03
1.300000000000000000e+02
1.149880746838443128e-03
1.670000000000000000e+02
7.524854784910708786e-04
3.500000000000000000e+01
1.164959751799488031e-03
1.960000000000000000e+02
1.186913131987855485e-03
1.110000000000000000e+02
2.728922752065641652e-02
1.700000000000000000e+01
9.317092413176313167e-04
5.900000000000000000e+01
9.748051915256023730e-04
6.200000000000000000e+01
1.969595074288655722e-03
8.800000000000000000e+01
1.554271835660392918e-02
4.100000000000000000e+01
7.456918860167635783e-04
3.200000000000000000e+01
