1.187570669748126955e-03
2.560000000000000000e+02
1.206238876918666689e-03
2.200000000000000000e+02
1.966046326799949368e-02
1.800000000000000000e+02
4.656467377222838974e-03
7.000000000000000000e+01
7.809300398074572359e-03
6.500000000000000000e+01
1.633512422466805447e-02
8.000000000000000000e+01
3.453565694173475753e-02
2.200000000000000000e+01
8.367237766260332554e-03
1.280000000000000000e+02
1.515115246272124476e-03
1.180000000000000000e+02
1.113150741717590809e-03
4.900000000000000000e+01
