-1.886799999999999855e+01
3.459657599999999694e-02
-2.316600000000000037e+01
4.019844399999999984e-02
-2.959400000000000119e+01
5.213716400000000667e-02
-2.955699999999999861e+01
4.928475100000000164e-02
-2.621999999999999886e+01
4.773159999999999903e-02
-3.374669999999999845e+02
4.280729110000000004e-01
-2.339000000000000057e+01
4.090589999999999504e-02
-2.308299999999999841e+01
4.006211100000000441e-02
-3.053039999999999736e+02
3.696915840000000175e-01
-5.818650000000000091e+02
7.164947750000000282e-01
-2.203099999999999881e+01
3.355603899999999584e-02
