1.153000000000000000e+03 1.002000000000000000e+03 1.624000000000000000e+03 2.221000000000000000e+03
1.336000000000000000e+03 1.212000000000000000e+03 1.950000000000000000e+03 1.502000000000000000e+03
1.416000000000000000e+03 9.820000000000000000e+02 2.067000000000000000e+03 1.535000000000000000e+03
1.417000000000000000e+03 9.840000000000000000e+02 2.056000000000000000e+03 1.543000000000000000e+03
1.368000000000000000e+03 1.120000000000000000e+03 1.994000000000000000e+03 1.518000000000000000e+03
3.194000000000000000e+03 2.097000000000000000e+03 7.070000000000000000e+02 2.000000000000000000e+00
1.343000000000000000e+03 1.080000000000000000e+03 1.978000000000000000e+03 1.599000000000000000e+03
1.354000000000000000e+03 1.015000000000000000e+03 1.977000000000000000e+03 1.654000000000000000e+03
3.734000000000000000e+03 1.346000000000000000e+03 9.190000000000000000e+02 1.000000000000000000e+00
3.460000000000000000e+03 1.300000000000000000e+02 0.000000000000000000e+00 2.410000000000000000e+03
1.266000000000000000e+03 1.611000000000000000e+03 1.791000000000000000e+03 1.332000000000000000e+03
