1.500000000000000000e+03 1.500000000000000000e+03 1.500000000000000000e+03 1.500000000000000000e+03
1.505000000000000000e+03 2.679000000000000000e+03 1.112000000000000000e+03 7.040000000000000000e+02
1.878000000000000000e+03 1.452000000000000000e+03 1.404000000000000000e+03 1.266000000000000000e+03
5.460000000000000000e+02 1.012000000000000000e+03 3.869000000000000000e+03 5.730000000000000000e+02
2.034000000000000000e+03 2.112000000000000000e+03 5.400000000000000000e+02 1.314000000000000000e+03
9.040000000000000000e+02 7.160000000000000000e+02 1.505000000000000000e+03 2.875000000000000000e+03
0.000000000000000000e+00 3.428000000000000000e+03 6.660000000000000000e+02 1.906000000000000000e+03
7.500000000000000000e+02 3.170000000000000000e+03 2.078000000000000000e+03 2.000000000000000000e+00
2.049000000000000000e+03 0.000000000000000000e+00 1.730000000000000000e+02 3.778000000000000000e+03
2.219000000000000000e+03 5.240000000000000000e+02 3.256000000000000000e+03 1.000000000000000000e+00
1.017000000000000000e+03 2.359000000000000000e+03 0.000000000000000000e+00 2.624000000000000000e+03
0.000000000000000000e+00 9.060000000000000000e+02 2.373000000000000000e+03 2.721000000000000000e+03
1.481000000000000000e+03 0.000000000000000000e+00 2.436000000000000000e+03 2.083000000000000000e+03
3.754000000000000000e+03 1.019000000000000000e+03 1.225000000000000000e+03 2.000000000000000000e+00
9.440000000000000000e+02 1.799000000000000000e+03 1.949000000000000000e+03 1.308000000000000000e+03
