1.824000000000000000e+03 1.906000000000000000e+03 8.510000000000000000e+02 1.419000000000000000e+03
2.471000000000000000e+03 2.012000000000000000e+03 1.516000000000000000e+03 1.000000000000000000e+00
2.465000000000000000e+03 2.011000000000000000e+03 1.522000000000000000e+03 2.000000000000000000e+00
2.082000000000000000e+03 1.870000000000000000e+03 1.584000000000000000e+03 4.640000000000000000e+02
2.092000000000000000e+03 1.874000000000000000e+03 1.589000000000000000e+03 4.450000000000000000e+02
2.094000000000000000e+03 1.873000000000000000e+03 1.502000000000000000e+03 5.310000000000000000e+02
2.092000000000000000e+03 1.874000000000000000e+03 1.509000000000000000e+03 5.250000000000000000e+02
1.996000000000000000e+03 2.653000000000000000e+03 1.350000000000000000e+03 1.000000000000000000e+00
1.179000000000000000e+03 1.543000000000000000e+03 1.462000000000000000e+03 1.816000000000000000e+03
3.094000000000000000e+03 1.120000000000000000e+02 2.793000000000000000e+03 1.000000000000000000e+00
1.198000000000000000e+03 1.555000000000000000e+03 1.296000000000000000e+03 1.951000000000000000e+03
