-1.004569999999999936e+02
1.538161510000000121e-01
-2.976270000000000095e+02
4.101318709999999812e-01
-2.966449999999999818e+02
4.072209749999999295e-01
-1.709900000000000091e+02
3.121498999999999802e-01
-1.741810000000000116e+02
2.927162389999999892e-01
-1.744869999999999948e+02
3.061258310000000149e-01
-1.743400000000000034e+02
3.026164000000000076e-01
-1.864650000000000034e+02
2.845587750000000415e-01
-1.518299999999999983e+01
2.392751099999999853e-02
-4.164189999999999827e+02
5.355294390000000515e-01
-1.520800000000000018e+01
2.368073599999999737e-02
