1.500000000000000000e+03 1.500000000000000000e+03 1.500000000000000000e+03 1.500000000000000000e+03 3.560000000000000000e+02 3.690000000000000000e+02 3.230000000000000000e+02 3.890000000000000000e+02
3.719000000000000000e+03 9.870000000000000000e+02 7.250000000000000000e+02 5.690000000000000000e+02 3.170000000000000000e+02 3.200000000000000000e+02 3.500000000000000000e+02 3.690000000000000000e+02
7.870000000000000000e+02 1.593000000000000000e+03 2.148000000000000000e+03 1.472000000000000000e+03 3.490000000000000000e+02 3.320000000000000000e+02 3.510000000000000000e+02 3.450000000000000000e+02
2.095000000000000000e+03 9.980000000000000000e+02 1.950000000000000000e+03 9.570000000000000000e+02 3.640000000000000000e+02 3.520000000000000000e+02 3.540000000000000000e+02 3.660000000000000000e+02
2.106000000000000000e+03 1.004000000000000000e+03 1.120000000000000000e+03 1.770000000000000000e+03 3.740000000000000000e+02 3.510000000000000000e+02 3.240000000000000000e+02 3.640000000000000000e+02
1.070000000000000000e+03 2.515000000000000000e+03 6.790000000000000000e+02 1.736000000000000000e+03 3.500000000000000000e+02 3.560000000000000000e+02 3.500000000000000000e+02 3.580000000000000000e+02
1.533000000000000000e+03 2.240000000000000000e+02 2.598000000000000000e+03 1.645000000000000000e+03 3.450000000000000000e+02 3.560000000000000000e+02 3.400000000000000000e+02 3.630000000000000000e+02
9.840000000000000000e+02 1.662000000000000000e+03 8.810000000000000000e+02 2.473000000000000000e+03 3.470000000000000000e+02 3.590000000000000000e+02 3.370000000000000000e+02 3.680000000000000000e+02
3.250000000000000000e+03 1.770000000000000000e+02 2.950000000000000000e+02 2.278000000000000000e+03 3.440000000000000000e+02 3.560000000000000000e+02 3.390000000000000000e+02 3.640000000000000000e+02
7.750000000000000000e+02 9.710000000000000000e+02 6.600000000000000000e+02 3.594000000000000000e+03 3.420000000000000000e+02 3.560000000000000000e+02 3.480000000000000000e+02 3.630000000000000000e+02
2.300000000000000000e+02 6.120000000000000000e+02 3.992000000000000000e+03 1.166000000000000000e+03 3.450000000000000000e+02 3.560000000000000000e+02 3.400000000000000000e+02 3.630000000000000000e+02
2.464000000000000000e+03 1.598000000000000000e+03 1.597000000000000000e+03 3.410000000000000000e+02 3.400000000000000000e+02 3.550000000000000000e+02 3.200000000000000000e+02 3.680000000000000000e+02
2.160000000000000000e+03 2.106000000000000000e+03 1.600000000000000000e+01 1.718000000000000000e+03 3.450000000000000000e+02 3.560000000000000000e+02 3.400000000000000000e+02 3.630000000000000000e+02
1.342000000000000000e+03 0.000000000000000000e+00 1.022000000000000000e+03 3.636000000000000000e+03 3.440000000000000000e+02 3.560000000000000000e+02 3.400000000000000000e+02 3.630000000000000000e+02
1.480000000000000000e+02 1.960000000000000000e+03 6.330000000000000000e+02 3.259000000000000000e+03 3.450000000000000000e+02 3.570000000000000000e+02 3.390000000000000000e+02 3.640000000000000000e+02
