-3.512400000000000233e+01
5.149662400000000473e-02
-7.334099999999999397e+01
1.016547190000000045e-01
-2.523410000000000082e+02
4.297247189999999772e-01
-3.722139999999999986e+02
4.554402040000000151e-01
-3.912769999999999868e+02
5.081182709999999547e-01
-2.036829999999999927e+02
2.758705109999999849e-01
-3.894049999999999727e+02
5.442129749999998767e-01
-3.915570000000000164e+02
5.513047509999998708e-01
-2.050000000000000000e+01
3.628599999999999881e-02
-2.024800000000000111e+01
3.396449599999999680e-02
-2.039399999999999835e+01
3.730676399999999227e-02
