1.364525939777899060e-03
1.000000000000000000e+02
1.064446388892964848e-03
1.070000000000000000e+02
2.087839783255343931e-02
2.000000000000000000e+01
2.279875493360117300e-02
1.800000000000000000e+01
1.134392639178936207e-02
1.520000000000000000e+02
1.600128626952280336e-02
1.900000000000000000e+01
1.243156700885539485e-02
1.490000000000000000e+02
1.221467697540045035e-02
1.480000000000000000e+02
1.078364498061417038e-03
3.200000000000000000e+01
1.016536277353857504e-03
3.200000000000000000e+01
1.046290904520072625e-03
3.000000000000000000e+01
