1.163347277782033826e-03
4.900000000000000000e+01
1.037230227092626918e-03
1.900000000000000000e+01
1.043924136762971284e-03
2.100000000000000000e+01
9.039010583460467757e-04
1.340000000000000000e+02
1.023211548014600278e-02
3.500000000000000000e+01
9.303854496367484515e-04
1.520000000000000000e+02
1.454944637428023761e-02
4.400000000000000000e+01
1.127835280442326688e-03
4.600000000000000000e+01
1.043745599278065976e-03
1.150000000000000000e+02
1.253523307724444110e-03
1.900000000000000000e+01
