-1.875000000000000000e+01
3.117549999999999835e-02
-2.039699999999999847e+01
3.234339099999999911e-02
-2.070799999999999841e+01
3.469073599999999286e-02
-3.511290000000000191e+02
5.059403590000000062e-01
-2.239300000000000068e+01
3.790055100000000454e-02
-1.619099999999999895e+01
2.447251900000000160e-02
-5.644329999999999927e+02
9.694395109999999205e-01
-1.695499999999999829e+01
2.608897499999999689e-02
-1.651099999999999923e+01
2.501387899999999928e-02
-1.663299999999999912e+01
2.606031100000000267e-02
-1.688100000000000023e+01
2.687683899999999959e-02
