1.054633125689910869e-03
9.500000000000000000e+01
9.254817792997300238e-04
6.500000000000000000e+01
9.440605321751915392e-04
6.400000000000000000e+01
1.459097026517198852e-02
7.400000000000000000e+01
8.794738215676819147e-04
4.100000000000000000e+01
1.064882505213994406e-03
5.800000000000000000e+01
3.309246501704724702e-02
1.400000000000000000e+01
1.582766505739308278e-03
2.200000000000000000e+01
8.964038647366240386e-04
4.100000000000000000e+01
8.645930723667394260e-04
4.200000000000000000e+01
8.741317022711341455e-04
7.200000000000000000e+01
