1.063000000000000000e+03 1.056000000000000000e+03 1.922000000000000000e+03 1.959000000000000000e+03
1.269000000000000000e+03 9.750000000000000000e+02 1.947000000000000000e+03 1.809000000000000000e+03
1.270000000000000000e+03 9.770000000000000000e+02 1.945000000000000000e+03 1.808000000000000000e+03
2.459000000000000000e+03 7.950000000000000000e+02 2.745000000000000000e+03 1.000000000000000000e+00
1.329000000000000000e+03 1.593000000000000000e+03 1.709000000000000000e+03 1.369000000000000000e+03
1.043000000000000000e+03 1.283000000000000000e+03 1.791000000000000000e+03 1.883000000000000000e+03
2.094000000000000000e+03 7.520000000000000000e+02 0.000000000000000000e+00 3.154000000000000000e+03
1.214000000000000000e+03 1.397000000000000000e+03 1.708000000000000000e+03 1.681000000000000000e+03
1.215000000000000000e+03 1.383000000000000000e+03 1.706000000000000000e+03 1.696000000000000000e+03
1.209000000000000000e+03 1.390000000000000000e+03 1.705000000000000000e+03 1.696000000000000000e+03
1.206000000000000000e+03 1.392000000000000000e+03 1.701000000000000000e+03 1.701000000000000000e+03
