1.500000000000000000e+03 1.500000000000000000e+03 1.500000000000000000e+03 1.500000000000000000e+03 3.360000000000000000e+02 3.460000000000000000e+02 3.420000000000000000e+02 3.680000000000000000e+02
8.940000000000000000e+02 2.458000000000000000e+03 2.117000000000000000e+03 5.310000000000000000e+02 3.280000000000000000e+02 3.500000000000000000e+02 3.320000000000000000e+02 3.370000000000000000e+02
1.846000000000000000e+03 1.293000000000000000e+03 1.300000000000000000e+03 1.561000000000000000e+03 3.650000000000000000e+02 3.320000000000000000e+02 3.680000000000000000e+02 3.750000000000000000e+02
3.285000000000000000e+03 1.314000000000000000e+03 7.750000000000000000e+02 6.260000000000000000e+02 3.410000000000000000e+02 3.540000000000000000e+02 3.180000000000000000e+02 3.500000000000000000e+02
6.740000000000000000e+02 1.464000000000000000e+03 8.490000000000000000e+02 3.013000000000000000e+03 3.430000000000000000e+02 3.650000000000000000e+02 3.520000000000000000e+02 3.540000000000000000e+02
4.700000000000000000e+02 2.590000000000000000e+03 1.390000000000000000e+03 1.550000000000000000e+03 3.410000000000000000e+02 3.550000000000000000e+02 3.390000000000000000e+02 3.630000000000000000e+02
7.730000000000000000e+02 5.960000000000000000e+02 3.863000000000000000e+03 7.680000000000000000e+02 3.440000000000000000e+02 3.590000000000000000e+02 3.420000000000000000e+02 3.630000000000000000e+02
1.511000000000000000e+03 7.440000000000000000e+02 1.959000000000000000e+03 1.786000000000000000e+03 3.420000000000000000e+02 3.540000000000000000e+02 3.360000000000000000e+02 3.640000000000000000e+02
1.525000000000000000e+03 3.329000000000000000e+03 2.490000000000000000e+02 8.970000000000000000e+02 3.450000000000000000e+02 3.560000000000000000e+02 3.400000000000000000e+02 3.630000000000000000e+02
2.944000000000000000e+03 5.670000000000000000e+02 2.143000000000000000e+03 3.460000000000000000e+02 3.450000000000000000e+02 3.560000000000000000e+02 3.400000000000000000e+02 3.630000000000000000e+02
1.040000000000000000e+02 8.630000000000000000e+02 2.106000000000000000e+03 2.927000000000000000e+03 3.450000000000000000e+02 3.560000000000000000e+02 3.400000000000000000e+02 3.630000000000000000e+02
1.632000000000000000e+03 2.600000000000000000e+03 1.428000000000000000e+03 3.400000000000000000e+02 3.400000000000000000e+02 3.550000000000000000e+02 3.380000000000000000e+02 3.630000000000000000e+02
1.916000000000000000e+03 1.346000000000000000e+03 5.300000000000000000e+01 2.685000000000000000e+03 3.450000000000000000e+02 3.560000000000000000e+02 3.400000000000000000e+02 3.630000000000000000e+02
3.300000000000000000e+01 4.615000000000000000e+03 9.800000000000000000e+02 3.720000000000000000e+02 3.450000000000000000e+02 3.560000000000000000e+02 3.400000000000000000e+02 3.630000000000000000e+02
1.208000000000000000e+03 1.299000000000000000e+03 2.790000000000000000e+03 7.030000000000000000e+02 3.450000000000000000e+02 3.580000000000000000e+02 3.370000000000000000e+02 3.610000000000000000e+02
