2.263211028670623817e-03
1.230000000000000000e+02
1.021815813398885709e-03
2.460000000000000000e+02
1.152175249574487366e-02
2.500000000000000000e+01
3.136940025103583662e-02
4.900000000000000000e+01
1.383897189339771371e-02
9.300000000000000000e+01
2.073472862026636693e-02
1.430000000000000000e+02
1.158465094458865441e-03
2.440000000000000000e+02
1.561070459830743266e-03
2.500000000000000000e+01
8.486431828734715410e-03
5.100000000000000000e+01
1.202831648024005329e-02
2.630000000000000000e+02
