9.777114282925355830e-04
2.080000000000000000e+02
1.057864422636989581e-03
3.400000000000000000e+02
1.327550996998747880e-02
8.200000000000000000e+01
2.400244437755090499e-02
6.300000000000000000e+01
3.185458264429440883e-02
5.700000000000000000e+01
9.534494847194204675e-03
5.900000000000000000e+01
2.887455522614830461e-02
7.700000000000000000e+01
3.299352663564936866e-02
9.000000000000000000e+00
3.080330862222274702e-02
1.600000000000000000e+01
8.816118464223523729e-04
4.800000000000000000e+01
