1.752000000000000000e+03 2.100000000000000000e+02 1.293000000000000000e+03 2.745000000000000000e+03
3.589000000000000000e+03 1.086000000000000000e+03 3.290000000000000000e+02 9.960000000000000000e+02
0.000000000000000000e+00 1.707000000000000000e+03 1.912000000000000000e+03 2.381000000000000000e+03
2.588000000000000000e+03 0.000000000000000000e+00 2.098000000000000000e+03 1.314000000000000000e+03
2.656000000000000000e+03 0.000000000000000000e+00 2.135000000000000000e+03 1.209000000000000000e+03
0.000000000000000000e+00 2.392000000000000000e+03 1.015000000000000000e+03 2.593000000000000000e+03
0.000000000000000000e+00 2.394000000000000000e+03 1.017000000000000000e+03 2.589000000000000000e+03
1.187000000000000000e+03 1.786000000000000000e+03 1.201000000000000000e+03 1.826000000000000000e+03
1.128000000000000000e+03 1.756000000000000000e+03 1.234000000000000000e+03 1.882000000000000000e+03
1.127000000000000000e+03 1.779000000000000000e+03 1.238000000000000000e+03 1.856000000000000000e+03
1.122000000000000000e+03 1.744000000000000000e+03 1.221000000000000000e+03 1.913000000000000000e+03
