1.032014361027496028e-03
2.750000000000000000e+02
1.061673154505135422e-03
3.340000000000000000e+02
1.591458351120049117e-02
2.070000000000000000e+02
1.371588125646415121e-02
2.230000000000000000e+02
1.301471000659512774e-02
2.010000000000000000e+02
1.060453524880286547e-02
1.030000000000000000e+02
1.028755482714019572e-02
7.200000000000000000e+01
9.928833650601097058e-04
8.300000000000000000e+01
1.061374577579818953e-03
5.000000000000000000e+01
1.115179510552667414e-03
3.400000000000000000e+01
1.434596567157746336e-03
4.600000000000000000e+01
