1.500000000000000000e+03 1.500000000000000000e+03 1.500000000000000000e+03 1.500000000000000000e+03
1.524000000000000000e+03 1.818000000000000000e+03 1.795000000000000000e+03 8.630000000000000000e+02
7.680000000000000000e+02 1.990000000000000000e+03 9.160000000000000000e+02 2.326000000000000000e+03
9.420000000000000000e+02 2.885000000000000000e+03 6.330000000000000000e+02 1.540000000000000000e+03
8.640000000000000000e+02 7.450000000000000000e+02 3.472000000000000000e+03 9.190000000000000000e+02
1.160000000000000000e+03 7.700000000000000000e+01 1.024000000000000000e+03 3.739000000000000000e+03
3.485000000000000000e+03 1.098000000000000000e+03 3.790000000000000000e+02 1.038000000000000000e+03
0.000000000000000000e+00 1.319000000000000000e+03 2.130000000000000000e+03 2.551000000000000000e+03
6.680000000000000000e+02 3.253000000000000000e+03 2.078000000000000000e+03 1.000000000000000000e+00
1.611000000000000000e+03 1.573000000000000000e+03 0.000000000000000000e+00 2.816000000000000000e+03
3.121000000000000000e+03 4.600000000000000000e+02 2.418000000000000000e+03 1.000000000000000000e+00
0.000000000000000000e+00 2.486000000000000000e+03 1.179000000000000000e+03 2.335000000000000000e+03
2.278000000000000000e+03 2.716000000000000000e+03 1.004000000000000000e+03 2.000000000000000000e+00
9.650000000000000000e+02 2.258000000000000000e+03 2.776000000000000000e+03 1.000000000000000000e+00
1.089000000000000000e+03 1.944000000000000000e+03 1.275000000000000000e+03 1.692000000000000000e+03
