1.122554688928229134e-03
2.400000000000000000e+01
1.060907953317271951e-03
5.500000000000000000e+01
1.317741851417664331e-03
1.840000000000000000e+02
1.109898075439344663e-03
7.500000000000000000e+01
1.187596721993128658e-03
2.350000000000000000e+02
8.797497576744845501e-04
4.200000000000000000e+01
1.264354936300805636e-03
1.060000000000000000e+02
1.306324582882503966e-03
7.800000000000000000e+01
1.266840777645049246e-03
4.900000000000000000e+01
1.265218398252606485e-03
3.740000000000000000e+02
