1.500000000000000000e+03 1.500000000000000000e+03 1.500000000000000000e+03 1.500000000000000000e+03 3.260000000000000000e+02 3.220000000000000000e+02 3.100000000000000000e+02 3.730000000000000000e+02
8.870000000000000000e+02 2.325000000000000000e+03 2.149000000000000000e+03 6.390000000000000000e+02 3.490000000000000000e+02 3.400000000000000000e+02 3.060000000000000000e+02 3.640000000000000000e+02
1.339000000000000000e+03 2.517000000000000000e+03 8.050000000000000000e+02 1.339000000000000000e+03 3.750000000000000000e+02 3.400000000000000000e+02 3.640000000000000000e+02 3.950000000000000000e+02
1.336000000000000000e+03 8.750000000000000000e+02 2.146000000000000000e+03 1.643000000000000000e+03 3.490000000000000000e+02 3.910000000000000000e+02 3.060000000000000000e+02 3.900000000000000000e+02
2.009000000000000000e+03 1.030000000000000000e+03 1.641000000000000000e+03 1.320000000000000000e+03 3.470000000000000000e+02 3.640000000000000000e+02 3.640000000000000000e+02 3.880000000000000000e+02
9.690000000000000000e+02 4.500000000000000000e+02 1.820000000000000000e+03 2.761000000000000000e+03 3.450000000000000000e+02 3.500000000000000000e+02 3.430000000000000000e+02 3.590000000000000000e+02
2.840000000000000000e+02 1.413000000000000000e+03 2.819000000000000000e+03 1.484000000000000000e+03 3.450000000000000000e+02 3.530000000000000000e+02 3.390000000000000000e+02 3.630000000000000000e+02
2.250000000000000000e+02 1.736000000000000000e+03 1.000000000000000000e+03 3.039000000000000000e+03 3.450000000000000000e+02 3.560000000000000000e+02 3.400000000000000000e+02 3.630000000000000000e+02
7.070000000000000000e+02 1.720000000000000000e+02 7.080000000000000000e+02 4.413000000000000000e+03 3.450000000000000000e+02 3.560000000000000000e+02 3.400000000000000000e+02 3.630000000000000000e+02
8.270000000000000000e+02 2.724000000000000000e+03 1.790000000000000000e+02 2.270000000000000000e+03 3.450000000000000000e+02 3.560000000000000000e+02 3.400000000000000000e+02 3.630000000000000000e+02
2.495000000000000000e+03 4.640000000000000000e+02 4.510000000000000000e+02 2.590000000000000000e+03 3.450000000000000000e+02 3.580000000000000000e+02 3.390000000000000000e+02 3.620000000000000000e+02
1.564000000000000000e+03 5.980000000000000000e+02 3.383000000000000000e+03 4.550000000000000000e+02 3.450000000000000000e+02 3.560000000000000000e+02 3.400000000000000000e+02 3.630000000000000000e+02
1.522000000000000000e+03 1.075000000000000000e+03 2.850000000000000000e+02 3.118000000000000000e+03 3.450000000000000000e+02 3.560000000000000000e+02 3.400000000000000000e+02 3.630000000000000000e+02
3.011000000000000000e+03 1.142000000000000000e+03 9.470000000000000000e+02 9.000000000000000000e+02 3.450000000000000000e+02 3.550000000000000000e+02 3.390000000000000000e+02 3.630000000000000000e+02
9.660000000000000000e+02 5.400000000000000000e+01 3.273000000000000000e+03 1.707000000000000000e+03 3.450000000000000000e+02 3.560000000000000000e+02 3.400000000000000000e+02 3.630000000000000000e+02
