-5.315629401112391406e-02
-5.394860886388396226e-01
1.215590987999047579e-01
1.516510184323350274e-01
1.809602996335948899e-01
6.122385139863658621e-01
4.546094961865749240e-01
6.194394248469584641e-01
5.629189089971236015e-01
4.867802986746865290e-01
3.632016758951926994e-01
6.643914480108429332e-01
1.549242799103243695e-01
6.061095848045051221e-02
4.802466760277090962e-01
5.878987634415022007e-02
3.802236295844360070e-01
1.220637371950667183e-01
2.481243927270669059e-01
4.441149761562466214e-01
6.697358778616375741e-01
4.691249972454789030e-01
2.377638921298033392e-01
-3.606790017747736610e-02
2.494540232334157837e-01
-9.862278086004408473e-02
3.066123521471730284e-01
8.219170791882827176e-01
2.099699354385057837e-01
4.787235784803307026e-01
1.728277761186028938e-01
1.592985935705418243e-01
2.745014722369109594e-01
2.084375172070764837e-01
-1.003572507111840512e-01
2.526078503894885752e-01
-4.793938352212865350e-01
6.894188091645726546e-01
4.220103725524375349e-02
8.394391039914749636e-03
7.628171241020668958e-02
4.910916634218681631e-01
1.760832057736352180e-02
-2.012579492453880070e-01
9.492807122307919676e-02
2.473872214861418672e-01
3.330185539639383130e-01
9.528031249195274832e-02
4.135653797621929306e-01
1.666403157716234151e-01
-1.855108944270781324e-01
-1.838492991518448916e-01
4.489758671315208227e-01
1.974366522981131911e-01
4.629494710999555451e-01
6.041299171739943352e-01
1.541088479603466288e-01
3.651038719505689256e-01
6.837426310121660911e-02
6.991540973999893493e-01
3.650770878085812243e-01
4.427990047116564520e-02
1.635195136811566944e-03
-4.596583362053672378e-02
4.121829244115463586e-01
5.568073977731031743e-01
2.224881995091352455e-02
4.861019697530234440e-01
2.135910701083660879e-01
7.022603206929854958e-01
2.903279137157009984e-02
3.481809504148307144e-01
3.584197382240015411e-02
1.776118491901069185e-01
3.088936841538682532e-01
2.459264149275344757e-01
3.487965236812244907e-01
1.079741187275590875e+00
1.560247698816934203e-01
6.910067382097008493e-02
2.498251165296441478e-01
3.372952335309063465e-01
5.186636663104119416e-01
-1.508733086243058408e-01
9.784088177075829507e-02
-2.589338193003076216e-01
3.334102257385487267e-01
1.336932700789287831e-01
6.279545528144548916e-01
2.729526218962914363e-01
7.212516773113791801e-01
1.545401198703422740e-01
3.367913092785627671e-01
2.167801699489233236e-01
5.465227244603566570e-01
1.036161300942040508e+00
-1.231322015556533811e-01
5.692994197558753910e-01
2.711238673686386380e-01
1.448042033189768651e-01
4.425086909917156919e-01
8.070250951609468648e-02
-8.713145170881539392e-02
1.495632770197818928e-01
3.288691896593533004e-01
5.818981622237903162e-01
4.700906952569220421e-01
3.005351336214484581e-01
-3.077689437759566493e-01
1.993021753812744268e-01
-1.667985466776046033e-01
-1.609591293322979247e-02
-2.724584366270207392e-01
1.278980083525509959e-01
2.040812046143698211e-01
-3.640244241176121553e-01
5.596084544974450070e-01
4.339269967094387948e-01
1.361942289382669369e-01
7.655437648174513443e-01
9.589685132856207161e-02
5.688444872986965217e-01
8.968426472179840125e-01
1.624467255694624912e-01
9.633572340449374216e-02
-4.340364540293686901e-02
6.616614360350818735e-01
-2.614188437198441406e-01
-6.739922464160321702e-01
4.884964786793472014e-01
5.442784364909933892e-01
4.062681496889136712e-01
3.185102251109437899e-01
-2.402409575287118293e-01
-2.662156998820647963e-02
5.851738978146024950e-01
1.936192758353669913e-02
3.722890849020727422e-01
-2.947883548733036818e-01
4.037319777147891919e-01
5.031506167612763702e-01
7.520596342215260521e-02
-1.464115881603963998e-01
6.408980493202648399e-01
-3.153948895490145121e-01
8.478619150971072882e-01
-9.232430110068888529e-02
4.025474838054736715e-01
1.912826216227096754e-01
2.382867286636806692e-01
-1.461326244624230331e-01
3.522780364868913772e-01
4.621447044579786723e-01
1.399907779516962048e-01
3.739717043100513894e-01
1.523492553181210463e-01
-1.481705890725996400e-01
5.372607006791636497e-01
-1.911608173403196997e-01
1.862814977947159223e-01
7.743195259720035972e-01
-2.485886121870992116e-01
5.494255977489426179e-01
4.998894799606364292e-01
5.809205539534581519e-02
6.483407823893302946e-02
1.793116583824044541e-01
1.559972033047976603e-01
5.026203858899348509e-01
-1.602828184254671481e-02
-2.131623506592987549e-02
6.900803073908380325e-01
3.191374252874570883e-01
1.593389401847458142e-01
2.871201157786723579e-01
7.710380226547650651e-01
2.680485542119231956e-01
7.803413437487571880e-01
5.082897731750379844e-01
-5.200828001796604649e-01
-7.212255737476715167e-02
-1.779079088149843058e-01
1.578601460794142874e-01
3.927722863136310916e-01
8.093440847498192259e-01
-7.304340827915130341e-02
5.273333820148301543e-01
-8.959913860095429505e-02
3.742016218542205674e-01
5.202508518278464722e-01
0.000000000000000000e+00
0.000000000000000000e+00
0.000000000000000000e+00
0.000000000000000000e+00
0.000000000000000000e+00
0.000000000000000000e+00
0.000000000000000000e+00
0.000000000000000000e+00
0.000000000000000000e+00
0.000000000000000000e+00
