1.977806445802078334e-03
1.610000000000000000e+02
1.093423736969756322e-03
1.480000000000000000e+02
1.232377699027501460e-03
2.550000000000000000e+02
1.120404830693728839e-03
1.440000000000000000e+02
1.218729012307878017e-03
1.210000000000000000e+02
1.295847384332454028e-03
7.600000000000000000e+01
3.446128189542435605e-02
1.800000000000000000e+01
1.263574114611872457e-03
1.390000000000000000e+02
9.732385187924066797e-04
1.410000000000000000e+02
1.253272774503721727e-03
1.020000000000000000e+02
