0.000000000000000000e+00 2.003000000000000000e+03 1.984000000000000000e+03 2.013000000000000000e+03
1.590000000000000000e+02 9.240000000000000000e+02 8.180000000000000000e+02 4.099000000000000000e+03
1.050000000000000000e+03 3.840000000000000000e+02 1.544000000000000000e+03 3.022000000000000000e+03
1.332000000000000000e+03 5.500000000000000000e+01 1.908000000000000000e+03 2.705000000000000000e+03
1.408000000000000000e+03 4.480000000000000000e+02 1.439000000000000000e+03 2.705000000000000000e+03
1.250000000000000000e+03 1.625000000000000000e+03 1.178000000000000000e+03 1.947000000000000000e+03
0.000000000000000000e+00 7.120000000000000000e+02 2.551000000000000000e+03 2.737000000000000000e+03
1.222000000000000000e+03 1.619000000000000000e+03 1.198000000000000000e+03 1.961000000000000000e+03
4.308000000000000000e+03 5.720000000000000000e+02 4.570000000000000000e+02 6.630000000000000000e+02
1.284000000000000000e+03 1.350000000000000000e+03 1.435000000000000000e+03 1.931000000000000000e+03
3.840000000000000000e+03 1.445000000000000000e+03 7.130000000000000000e+02 2.000000000000000000e+00
