-1.434679999999999893e+02
1.735009760000000012e-01
-3.618469999999999800e+02
5.853455910000000539e-01
-1.168960000000000008e+02
2.097231840000000069e-01
-6.708799999999999386e+01
1.251002559999999930e-01
-6.369100000000000250e+01
1.242135190000000083e-01
-1.673900000000000077e+01
2.556287900000000363e-02
-2.041659999999999968e+02
3.409204440000000447e-01
-1.646199999999999974e+01
2.642855599999999888e-02
-2.959700000000000273e+02
3.336090999999999362e-01
-1.487199999999999989e+01
2.673361599999999824e-02
