1.500000000000000000e+03 1.500000000000000000e+03 1.500000000000000000e+03 1.500000000000000000e+03 3.950000000000000000e+02 3.760000000000000000e+02 3.730000000000000000e+02 3.810000000000000000e+02
1.831000000000000000e+03 7.170000000000000000e+02 2.016000000000000000e+03 1.436000000000000000e+03 3.330000000000000000e+02 3.160000000000000000e+02 3.660000000000000000e+02 3.630000000000000000e+02
1.193000000000000000e+03 1.088000000000000000e+03 1.825000000000000000e+03 1.894000000000000000e+03 3.510000000000000000e+02 3.650000000000000000e+02 3.630000000000000000e+02 4.020000000000000000e+02
1.551000000000000000e+03 1.519000000000000000e+03 8.910000000000000000e+02 2.039000000000000000e+03 3.440000000000000000e+02 3.440000000000000000e+02 3.330000000000000000e+02 4.020000000000000000e+02
2.506000000000000000e+03 6.830000000000000000e+02 1.869000000000000000e+03 9.420000000000000000e+02 3.320000000000000000e+02 3.720000000000000000e+02 3.320000000000000000e+02 3.440000000000000000e+02
7.220000000000000000e+02 3.412000000000000000e+03 1.109000000000000000e+03 7.570000000000000000e+02 3.560000000000000000e+02 3.490000000000000000e+02 3.380000000000000000e+02 3.560000000000000000e+02
9.440000000000000000e+02 1.155000000000000000e+03 2.669000000000000000e+03 1.232000000000000000e+03 3.430000000000000000e+02 3.580000000000000000e+02 3.470000000000000000e+02 3.780000000000000000e+02
6.500000000000000000e+02 1.402000000000000000e+03 1.232000000000000000e+03 2.716000000000000000e+03 3.430000000000000000e+02 3.570000000000000000e+02 3.440000000000000000e+02 3.730000000000000000e+02
2.137000000000000000e+03 2.095000000000000000e+03 4.300000000000000000e+01 1.725000000000000000e+03 3.410000000000000000e+02 3.530000000000000000e+02 3.370000000000000000e+02 3.670000000000000000e+02
1.335000000000000000e+03 2.760000000000000000e+02 7.610000000000000000e+02 3.628000000000000000e+03 3.440000000000000000e+02 3.560000000000000000e+02 3.400000000000000000e+02 3.630000000000000000e+02
7.900000000000000000e+01 3.533000000000000000e+03 9.000000000000000000e+01 2.298000000000000000e+03 3.450000000000000000e+02 3.560000000000000000e+02 3.400000000000000000e+02 3.630000000000000000e+02
7.700000000000000000e+01 7.200000000000000000e+01 2.726000000000000000e+03 3.125000000000000000e+03 3.450000000000000000e+02 3.560000000000000000e+02 3.400000000000000000e+02 3.630000000000000000e+02
2.000000000000000000e+01 3.401000000000000000e+03 2.198000000000000000e+03 3.810000000000000000e+02 3.450000000000000000e+02 3.560000000000000000e+02 3.400000000000000000e+02 3.630000000000000000e+02
1.078000000000000000e+03 2.509000000000000000e+03 3.300000000000000000e+01 2.380000000000000000e+03 3.440000000000000000e+02 3.560000000000000000e+02 3.400000000000000000e+02 3.630000000000000000e+02
1.426000000000000000e+03 6.530000000000000000e+02 3.577000000000000000e+03 3.440000000000000000e+02 3.420000000000000000e+02 3.540000000000000000e+02 3.320000000000000000e+02 3.690000000000000000e+02
