8.600000000000000000e+02 1.641000000000000000e+03 7.990000000000000000e+02 2.700000000000000000e+03
1.635000000000000000e+03 2.623000000000000000e+03 0.000000000000000000e+00 1.742000000000000000e+03
0.000000000000000000e+00 2.722000000000000000e+03 8.750000000000000000e+02 2.403000000000000000e+03
1.310000000000000000e+03 1.329000000000000000e+03 1.619000000000000000e+03 1.742000000000000000e+03
1.465000000000000000e+03 1.208000000000000000e+03 1.547000000000000000e+03 1.780000000000000000e+03
1.476000000000000000e+03 1.168000000000000000e+03 1.553000000000000000e+03 1.803000000000000000e+03
1.357000000000000000e+03 1.521000000000000000e+03 1.586000000000000000e+03 1.536000000000000000e+03
1.340000000000000000e+03 1.520000000000000000e+03 1.572000000000000000e+03 1.568000000000000000e+03
1.293000000000000000e+03 1.483000000000000000e+03 1.519000000000000000e+03 1.705000000000000000e+03
5.770000000000000000e+02 1.335000000000000000e+03 4.086000000000000000e+03 2.000000000000000000e+00
1.267000000000000000e+03 1.486000000000000000e+03 1.543000000000000000e+03 1.704000000000000000e+03
