1.358657044538216525e-03
8.100000000000000000e+01
6.198441063818263888e-03
1.690000000000000000e+02
2.746219948819098727e-02
2.900000000000000000e+01
1.047700990019758164e-03
3.600000000000000000e+01
9.447779255420538569e-04
5.000000000000000000e+01
9.593479360513884613e-04
5.100000000000000000e+01
2.401568473059640697e-03
2.400000000000000000e+01
2.496768532439362469e-03
2.500000000000000000e+01
8.754479684626202208e-04
4.800000000000000000e+01
3.124197277311773283e-02
2.200000000000000000e+01
1.022181242537157069e-03
3.100000000000000000e+01
