-5.803600000000000136e+01
1.045487040000000062e-01
-3.869689999999999941e+02
4.849800389999999739e-01
-1.857580000000000098e+02
2.251414360000000003e-01
-1.743100000000000094e+01
2.993123900000000184e-02
-2.571600000000000108e+01
4.588334399999999258e-02
-2.657799999999999940e+01
4.861591600000000901e-02
-2.072100000000000009e+01
3.565915900000000277e-02
-2.001999999999999957e+01
3.270159999999999734e-02
-1.759299999999999997e+01
2.949335100000000445e-02
-4.180649999999999977e+02
6.330087749999999680e-01
-1.719500000000000028e+01
2.713297499999999668e-02
