1.500000000000000000e+03 1.500000000000000000e+03 1.500000000000000000e+03 1.500000000000000000e+03
1.049000000000000000e+03 2.109000000000000000e+03 2.239000000000000000e+03 6.030000000000000000e+02
1.374000000000000000e+03 9.930000000000000000e+02 2.781000000000000000e+03 8.520000000000000000e+02
5.760000000000000000e+02 3.468000000000000000e+03 1.369000000000000000e+03 5.870000000000000000e+02
2.953000000000000000e+03 8.300000000000000000e+02 1.051000000000000000e+03 1.166000000000000000e+03
8.100000000000000000e+02 1.076000000000000000e+03 9.790000000000000000e+02 3.135000000000000000e+03
1.880000000000000000e+03 2.920000000000000000e+03 0.000000000000000000e+00 1.200000000000000000e+03
0.000000000000000000e+00 7.380000000000000000e+02 2.040000000000000000e+02 5.058000000000000000e+03
0.000000000000000000e+00 1.576000000000000000e+03 2.477000000000000000e+03 1.947000000000000000e+03
0.000000000000000000e+00 2.841000000000000000e+03 5.090000000000000000e+02 2.650000000000000000e+03
1.851000000000000000e+03 0.000000000000000000e+00 1.471000000000000000e+03 2.678000000000000000e+03
0.000000000000000000e+00 2.400000000000000000e+01 2.411000000000000000e+03 3.565000000000000000e+03
1.556000000000000000e+03 3.520000000000000000e+02 0.000000000000000000e+00 4.092000000000000000e+03
1.976000000000000000e+03 1.995000000000000000e+03 2.027000000000000000e+03 2.000000000000000000e+00
2.940000000000000000e+03 6.990000000000000000e+02 2.360000000000000000e+03 1.000000000000000000e+00
