1.082223734050765263e-03
1.140000000000000000e+02
3.496802453436713334e-03
1.210000000000000000e+02
1.113852889237295675e-02
7.400000000000000000e+01
1.231681780387205646e-02
5.200000000000000000e+01
2.668949865388635379e-02
2.700000000000000000e+01
1.806367615813392682e-02
8.900000000000000000e+01
2.032866038524855368e-02
3.100000000000000000e+01
2.908508181556612379e-02
2.700000000000000000e+01
1.197008995660872772e-02
3.400000000000000000e+01
2.290866514325566594e-02
3.200000000000000000e+01
