1.500000000000000000e+03 1.500000000000000000e+03 1.500000000000000000e+03 1.500000000000000000e+03
6.360000000000000000e+02 1.132000000000000000e+03 3.557000000000000000e+03 6.750000000000000000e+02
3.084000000000000000e+03 7.210000000000000000e+02 1.686000000000000000e+03 5.090000000000000000e+02
1.115000000000000000e+03 2.707000000000000000e+03 1.383000000000000000e+03 7.950000000000000000e+02
1.331000000000000000e+03 6.440000000000000000e+02 2.039000000000000000e+03 1.986000000000000000e+03
1.762000000000000000e+03 1.193000000000000000e+03 5.900000000000000000e+01 2.986000000000000000e+03
0.000000000000000000e+00 3.166000000000000000e+03 4.200000000000000000e+01 2.792000000000000000e+03
-1.000000000000000000e+00 1.153000000000000000e+03 1.759000000000000000e+03 3.089000000000000000e+03
2.406000000000000000e+03 2.610000000000000000e+03 0.000000000000000000e+00 9.840000000000000000e+02
4.475000000000000000e+03 1.192000000000000000e+03 3.310000000000000000e+02 2.000000000000000000e+00
0.000000000000000000e+00 2.480000000000000000e+03 2.008000000000000000e+03 1.512000000000000000e+03
3.155000000000000000e+03 0.000000000000000000e+00 3.060000000000000000e+02 2.539000000000000000e+03
8.310000000000000000e+02 0.000000000000000000e+00 9.250000000000000000e+02 4.244000000000000000e+03
6.000000000000000000e+02 4.538000000000000000e+03 8.610000000000000000e+02 1.000000000000000000e+00
2.200000000000000000e+02 0.000000000000000000e+00 3.098000000000000000e+03 2.682000000000000000e+03
