-2.859139999999999873e+02
3.369966039999999774e-01
-5.954800000000000182e+02
1.014731600000000178e+00
-5.681240000000000236e+02
7.811186240000000947e-01
-2.607900000000000063e+01
4.575875899999999608e-02
-2.281779999999999973e+02
3.028823159999999848e-01
-1.514400000000000013e+01
2.562326400000000323e-02
-1.515600000000000058e+01
2.561366400000000126e-02
-1.497899999999999920e+01
2.391455900000000190e-02
-1.459999999999999964e+01
2.017800000000000149e-02
-1.471899999999999942e+01
2.338203900000000030e-02
-1.435200000000000031e+01
2.309009599999999746e-02
