1.063908441832952948e-03
1.030000000000000000e+02
7.745349027635712626e-03
1.410000000000000000e+02
1.059059218239012494e-02
3.200000000000000000e+01
9.769283541147580872e-04
4.000000000000000000e+01
1.039783501837735283e-02
6.200000000000000000e+01
9.303245801153032938e-04
2.500000000000000000e+01
9.285433715109351780e-04
3.600000000000000000e+01
8.927536814081345976e-04
3.500000000000000000e+01
9.272636385081946698e-04
3.600000000000000000e+01
9.381004749826699291e-04
3.900000000000000000e+01
9.135007561241550739e-04
4.000000000000000000e+01
