1.500000000000000000e+03 1.500000000000000000e+03 1.500000000000000000e+03 1.500000000000000000e+03
1.482000000000000000e+03 1.716000000000000000e+03 8.830000000000000000e+02 1.919000000000000000e+03
1.623000000000000000e+03 2.652000000000000000e+03 7.370000000000000000e+02 9.880000000000000000e+02
9.380000000000000000e+02 1.169000000000000000e+03 1.166000000000000000e+03 2.727000000000000000e+03
7.960000000000000000e+02 1.159000000000000000e+03 2.947000000000000000e+03 1.098000000000000000e+03
2.891000000000000000e+03 1.104000000000000000e+03 1.744000000000000000e+03 2.610000000000000000e+02
2.358000000000000000e+03 5.660000000000000000e+02 0.000000000000000000e+00 3.076000000000000000e+03
0.000000000000000000e+00 2.459000000000000000e+03 1.326000000000000000e+03 2.215000000000000000e+03
3.690000000000000000e+02 1.350000000000000000e+03 0.000000000000000000e+00 4.281000000000000000e+03
8.790000000000000000e+02 0.000000000000000000e+00 2.096000000000000000e+03 3.025000000000000000e+03
3.465000000000000000e+03 1.592000000000000000e+03 0.000000000000000000e+00 9.430000000000000000e+02
1.023000000000000000e+03 1.516000000000000000e+03 1.445000000000000000e+03 2.016000000000000000e+03
1.443000000000000000e+03 2.343000000000000000e+03 2.212000000000000000e+03 2.000000000000000000e+00
3.080000000000000000e+02 3.115000000000000000e+03 2.575000000000000000e+03 2.000000000000000000e+00
2.051000000000000000e+03 0.000000000000000000e+00 2.611000000000000000e+03 1.338000000000000000e+03
