1.121000000000000000e+03 1.966000000000000000e+03 7.830000000000000000e+02 2.130000000000000000e+03
1.106000000000000000e+03 1.848000000000000000e+03 6.420000000000000000e+02 2.404000000000000000e+03
1.117000000000000000e+03 1.859000000000000000e+03 5.970000000000000000e+02 2.427000000000000000e+03
1.223000000000000000e+03 1.730000000000000000e+03 6.560000000000000000e+02 2.391000000000000000e+03
1.250000000000000000e+03 1.764000000000000000e+03 5.750000000000000000e+02 2.411000000000000000e+03
1.262000000000000000e+03 1.779000000000000000e+03 5.120000000000000000e+02 2.447000000000000000e+03
1.262000000000000000e+03 1.766000000000000000e+03 7.920000000000000000e+02 2.180000000000000000e+03
1.335000000000000000e+03 1.641000000000000000e+03 1.119000000000000000e+03 1.905000000000000000e+03
1.303000000000000000e+03 1.571000000000000000e+03 1.214000000000000000e+03 1.912000000000000000e+03
1.191000000000000000e+03 1.448000000000000000e+03 1.466000000000000000e+03 1.895000000000000000e+03
1.191000000000000000e+03 1.448000000000000000e+03 1.466000000000000000e+03 1.895000000000000000e+03
