3.407205642315294658e-03
4.900000000000000000e+01
3.628781293474688321e-03
4.000000000000000000e+01
4.345464448616090727e-03
5.000000000000000000e+01
2.858384439377676441e-03
6.500000000000000000e+01
2.050731534695369312e-02
1.900000000000000000e+01
4.401470073552584544e-02
1.500000000000000000e+01
3.171249958912385376e-03
1.210000000000000000e+02
3.296210336815587338e-02
1.200000000000000000e+01
8.684475130796386402e-03
2.900000000000000000e+01
2.584626288041482617e-03
1.190000000000000000e+02
