-3.413600000000000279e+01
4.932750399999999424e-02
-4.116599999999999682e+01
6.466044399999999748e-02
-4.089600000000000080e+01
6.491318399999998490e-02
-3.242300000000000182e+01
5.206607099999999849e-02
-3.819899999999999807e+01
6.244939900000000960e-02
-4.004299999999999926e+01
6.746915099999999110e-02
-3.700000000000000000e+01
7.554600000000000204e-02
-1.912199999999999989e+01
3.254911600000000294e-02
-1.718299999999999983e+01
2.603551100000000076e-02
-1.477100000000000080e+01
2.276655900000000218e-02
-1.473000000000000043e+01
2.265909999999999799e-02
