1.011957092468498097e-03
7.600000000000000000e+01
1.050061756082651268e-03
1.210000000000000000e+02
1.045187295814603437e-03
1.040000000000000000e+02
9.938682171559804455e-04
1.120000000000000000e+02
9.933698523226601722e-04
1.270000000000000000e+02
9.894298631467292240e-04
1.410000000000000000e+02
1.006731755448166772e-03
9.500000000000000000e+01
1.201054410154967509e-03
5.400000000000000000e+01
1.178381935622400565e-03
5.800000000000000000e+01
1.112967633545719004e-03
4.200000000000000000e+01
1.110709799355929410e-03
4.200000000000000000e+01
