1.500000000000000000e+03 1.500000000000000000e+03 1.500000000000000000e+03 1.500000000000000000e+03 3.250000000000000000e+02 3.490000000000000000e+02 3.360000000000000000e+02 3.620000000000000000e+02
2.342000000000000000e+03 1.020000000000000000e+03 8.970000000000000000e+02 1.741000000000000000e+03 3.460000000000000000e+02 3.440000000000000000e+02 3.790000000000000000e+02 3.640000000000000000e+02
1.234000000000000000e+03 8.170000000000000000e+02 2.781000000000000000e+03 1.168000000000000000e+03 3.520000000000000000e+02 3.260000000000000000e+02 3.460000000000000000e+02 3.370000000000000000e+02
1.410000000000000000e+03 1.191000000000000000e+03 1.083000000000000000e+03 2.316000000000000000e+03 3.570000000000000000e+02 3.520000000000000000e+02 3.300000000000000000e+02 3.680000000000000000e+02
1.428000000000000000e+03 5.990000000000000000e+02 1.316000000000000000e+03 2.657000000000000000e+03 3.570000000000000000e+02 3.520000000000000000e+02 3.630000000000000000e+02 3.540000000000000000e+02
1.278000000000000000e+03 2.548000000000000000e+03 1.489000000000000000e+03 6.850000000000000000e+02 3.450000000000000000e+02 3.570000000000000000e+02 3.400000000000000000e+02 3.630000000000000000e+02
2.380000000000000000e+02 1.678000000000000000e+03 3.020000000000000000e+03 1.064000000000000000e+03 3.450000000000000000e+02 3.580000000000000000e+02 3.400000000000000000e+02 3.630000000000000000e+02
4.120000000000000000e+02 3.019000000000000000e+03 4.930000000000000000e+02 2.076000000000000000e+03 3.450000000000000000e+02 3.570000000000000000e+02 3.400000000000000000e+02 3.630000000000000000e+02
6.300000000000000000e+01 7.510000000000000000e+02 1.999000000000000000e+03 3.187000000000000000e+03 3.450000000000000000e+02 3.560000000000000000e+02 3.400000000000000000e+02 3.630000000000000000e+02
3.273000000000000000e+03 1.330000000000000000e+03 1.048000000000000000e+03 3.490000000000000000e+02 3.480000000000000000e+02 3.660000000000000000e+02 3.410000000000000000e+02 3.630000000000000000e+02
1.618000000000000000e+03 1.442000000000000000e+03 2.598000000000000000e+03 3.420000000000000000e+02 3.400000000000000000e+02 3.670000000000000000e+02 3.390000000000000000e+02 3.570000000000000000e+02
9.000000000000000000e+02 1.224000000000000000e+03 2.100000000000000000e+02 3.666000000000000000e+03 3.450000000000000000e+02 3.560000000000000000e+02 3.400000000000000000e+02 3.630000000000000000e+02
6.470000000000000000e+02 1.317000000000000000e+03 3.689000000000000000e+03 3.470000000000000000e+02 3.450000000000000000e+02 3.590000000000000000e+02 3.380000000000000000e+02 3.630000000000000000e+02
9.720000000000000000e+02 1.141000000000000000e+03 2.209000000000000000e+03 1.678000000000000000e+03 3.470000000000000000e+02 3.500000000000000000e+02 3.430000000000000000e+02 3.520000000000000000e+02
4.243000000000000000e+03 2.900000000000000000e+01 2.490000000000000000e+02 1.479000000000000000e+03 3.450000000000000000e+02 3.560000000000000000e+02 3.400000000000000000e+02 3.630000000000000000e+02
