-5.770000000000000284e+01
1.063920000000000005e-01
-1.461229999999999905e+02
1.877738709999999811e-01
-2.979500000000000171e+01
4.911697500000000022e-02
-2.946300000000000097e+01
4.230463099999999532e-02
-8.449099999999999966e+01
1.369359189999999893e-01
-1.657199999999999918e+01
2.546881600000000176e-02
-2.828699999999999903e+01
3.619863099999999501e-02
-1.755799999999999983e+01
2.537463599999999903e-02
-1.705799999999999983e+01
2.543263599999999805e-02
-1.755000000000000071e+01
2.580949999999999911e-02
-1.621199999999999974e+01
2.546905599999999686e-02
