1.008311387619457164e-03
1.520000000000000000e+02
1.374950489020147770e-02
4.000000000000000000e+01
1.114305345279705158e-02
9.400000000000000000e+01
1.172271648243815995e-02
1.080000000000000000e+02
1.127154833193470601e-03
1.060000000000000000e+02
5.691537736171619483e-02
1.270000000000000000e+02
1.054114126837781690e-03
5.000000000000000000e+01
1.976724783611434957e-02
4.100000000000000000e+01
1.144426132574479426e-03
7.000000000000000000e+01
9.615451721588700153e-04
8.500000000000000000e+01
