1.500000000000000000e+03 1.500000000000000000e+03 1.500000000000000000e+03 1.500000000000000000e+03
1.185000000000000000e+03 2.004000000000000000e+03 5.460000000000000000e+02 2.265000000000000000e+03
2.297000000000000000e+03 2.336000000000000000e+03 8.150000000000000000e+02 5.520000000000000000e+02
1.231000000000000000e+03 1.428000000000000000e+03 1.535000000000000000e+03 1.806000000000000000e+03
5.210000000000000000e+02 3.858000000000000000e+03 5.060000000000000000e+02 1.115000000000000000e+03
3.002000000000000000e+03 2.000000000000000000e+01 1.980000000000000000e+03 9.980000000000000000e+02
0.000000000000000000e+00 1.945000000000000000e+03 2.701000000000000000e+03 1.354000000000000000e+03
2.515000000000000000e+03 3.580000000000000000e+02 0.000000000000000000e+00 3.127000000000000000e+03
0.000000000000000000e+00 2.275000000000000000e+03 1.340000000000000000e+03 2.385000000000000000e+03
2.254000000000000000e+03 1.359000000000000000e+03 7.440000000000000000e+02 1.643000000000000000e+03
6.870000000000000000e+02 2.606000000000000000e+03 0.000000000000000000e+00 2.707000000000000000e+03
1.108000000000000000e+03 1.888000000000000000e+03 1.053000000000000000e+03 1.951000000000000000e+03
0.000000000000000000e+00 3.180000000000000000e+02 2.576000000000000000e+03 3.106000000000000000e+03
9.410000000000000000e+02 1.687000000000000000e+03 9.700000000000000000e+02 2.402000000000000000e+03
1.109000000000000000e+03 1.391000000000000000e+03 1.903000000000000000e+03 1.597000000000000000e+03
