1.091740969945493396e-03
3.700000000000000000e+01
1.111380968297538642e-03
3.800000000000000000e+01
1.129743184065563682e-03
9.200000000000000000e+01
1.147760688577705761e-03
3.300000000000000000e+01
9.823508208935663368e-04
3.400000000000000000e+01
7.555404776842494351e-04
4.700000000000000000e+01
8.402157582329621531e-04
3.000000000000000000e+01
1.579344961080556388e-03
2.700000000000000000e+01
1.821136720070458230e-03
2.600000000000000000e+01
1.772914167351026917e-03
2.600000000000000000e+01
1.724106090225642051e-03
2.700000000000000000e+01
