1.037182437505177694e-03
6.000000000000000000e+01
1.336872140332536797e-02
2.000000000000000000e+01
1.134881912098092928e-03
8.400000000000000000e+01
1.002765373011598469e-03
7.200000000000000000e+01
3.377978486561922233e-02
3.100000000000000000e+01
9.547117140130303558e-04
1.300000000000000000e+02
1.087089378910079162e-03
1.530000000000000000e+02
1.231589866378014590e-02
1.700000000000000000e+01
1.310141136926176687e-03
9.500000000000000000e+01
1.013362923514738063e-02
5.700000000000000000e+01
