1.035000000000000000e+03 1.339000000000000000e+03 2.032000000000000000e+03 1.594000000000000000e+03
1.056000000000000000e+03 1.360000000000000000e+03 2.041000000000000000e+03 1.543000000000000000e+03
1.331000000000000000e+03 1.001000000000000000e+03 2.056000000000000000e+03 1.612000000000000000e+03
1.053000000000000000e+03 1.380000000000000000e+03 2.035000000000000000e+03 1.532000000000000000e+03
1.071000000000000000e+03 1.297000000000000000e+03 1.805000000000000000e+03 1.827000000000000000e+03
1.078000000000000000e+03 1.310000000000000000e+03 1.778000000000000000e+03 1.834000000000000000e+03
1.137000000000000000e+03 1.343000000000000000e+03 1.749000000000000000e+03 1.771000000000000000e+03
1.125000000000000000e+03 1.356000000000000000e+03 1.751000000000000000e+03 1.768000000000000000e+03
1.130000000000000000e+03 1.360000000000000000e+03 1.742000000000000000e+03 1.768000000000000000e+03
1.126000000000000000e+03 1.368000000000000000e+03 1.743000000000000000e+03 1.763000000000000000e+03
1.120000000000000000e+03 1.374000000000000000e+03 1.744000000000000000e+03 1.762000000000000000e+03
