-2.183500000000000085e+01
3.328977499999999368e-02
-2.152100000000000080e+01
3.352555900000000338e-02
-2.485200000000000031e+01
4.201209600000000571e-02
-2.189099999999999824e+01
3.477911899999999723e-02
-1.634199999999999875e+01
2.316303600000000143e-02
-1.546599999999999930e+01
2.521884400000000068e-02
-1.570199999999999996e+01
2.539719600000000035e-02
-1.534699999999999953e+01
2.501259100000000068e-02
-1.577800000000000047e+01
2.435671599999999701e-02
-1.562100000000000044e+01
2.609335899999999653e-02
-1.601300000000000168e+01
2.587683099999999944e-02
