1.500000000000000000e+03 1.500000000000000000e+03 1.500000000000000000e+03 1.500000000000000000e+03 3.620000000000000000e+02 3.830000000000000000e+02 3.520000000000000000e+02 3.870000000000000000e+02
8.990000000000000000e+02 1.061000000000000000e+03 1.152000000000000000e+03 2.888000000000000000e+03 3.580000000000000000e+02 3.480000000000000000e+02 3.500000000000000000e+02 3.600000000000000000e+02
1.854000000000000000e+03 1.685000000000000000e+03 1.348000000000000000e+03 1.113000000000000000e+03 3.550000000000000000e+02 3.640000000000000000e+02 3.270000000000000000e+02 3.550000000000000000e+02
2.112000000000000000e+03 1.279000000000000000e+03 6.270000000000000000e+02 1.982000000000000000e+03 3.720000000000000000e+02 3.690000000000000000e+02 3.530000000000000000e+02 3.480000000000000000e+02
9.730000000000000000e+02 1.166000000000000000e+03 1.519000000000000000e+03 2.342000000000000000e+03 3.480000000000000000e+02 3.400000000000000000e+02 3.260000000000000000e+02 3.830000000000000000e+02
1.220000000000000000e+02 9.790000000000000000e+02 7.300000000000000000e+01 4.826000000000000000e+03 3.450000000000000000e+02 3.560000000000000000e+02 3.400000000000000000e+02 3.630000000000000000e+02
1.096000000000000000e+03 1.715000000000000000e+03 1.493000000000000000e+03 1.696000000000000000e+03 3.580000000000000000e+02 3.720000000000000000e+02 3.480000000000000000e+02 3.880000000000000000e+02
2.600000000000000000e+03 5.600000000000000000e+01 1.787000000000000000e+03 1.557000000000000000e+03 3.460000000000000000e+02 3.580000000000000000e+02 3.410000000000000000e+02 3.660000000000000000e+02
1.143000000000000000e+03 1.521000000000000000e+03 2.339000000000000000e+03 9.970000000000000000e+02 3.450000000000000000e+02 3.570000000000000000e+02 3.400000000000000000e+02 3.630000000000000000e+02
1.142000000000000000e+03 1.299000000000000000e+03 2.133000000000000000e+03 1.426000000000000000e+03 3.470000000000000000e+02 3.610000000000000000e+02 3.440000000000000000e+02 3.650000000000000000e+02
9.300000000000000000e+01 3.010000000000000000e+02 2.428000000000000000e+03 3.178000000000000000e+03 3.450000000000000000e+02 3.560000000000000000e+02 3.400000000000000000e+02 3.630000000000000000e+02
3.400000000000000000e+02 3.292000000000000000e+03 2.310000000000000000e+02 2.137000000000000000e+03 3.450000000000000000e+02 3.560000000000000000e+02 3.400000000000000000e+02 3.630000000000000000e+02
4.950000000000000000e+02 3.544000000000000000e+03 1.610000000000000000e+03 3.510000000000000000e+02 3.490000000000000000e+02 3.620000000000000000e+02 3.400000000000000000e+02 3.590000000000000000e+02
7.200000000000000000e+01 2.289000000000000000e+03 1.083000000000000000e+03 2.556000000000000000e+03 3.450000000000000000e+02 3.570000000000000000e+02 3.400000000000000000e+02 3.650000000000000000e+02
2.016000000000000000e+03 3.389000000000000000e+03 2.490000000000000000e+02 3.460000000000000000e+02 3.450000000000000000e+02 3.560000000000000000e+02 3.400000000000000000e+02 3.630000000000000000e+02
