1.654042462136605759e-07
6.000000000000000000e+00
6.448656269635038660e-06
3.000000000000000000e+00
2.724216104318033169e-05
8.000000000000000000e+00
1.273081156575568771e-04
3.000000000000000000e+00
5.057185516898856682e-04
3.000000000000000000e+00
3.331457113501309631e-05
3.000000000000000000e+00
3.811805262187218150e-05
7.000000000000000000e+00
3.260000052842489186e-05
3.000000000000000000e+00
7.396559402768993971e-05
3.000000000000000000e+00
3.269788912218222652e-05
7.000000000000000000e+00
2.753625771554218948e-04
6.000000000000000000e+00
1.717466947589515059e-04
7.000000000000000000e+00
3.271969007996288885e-05
5.000000000000000000e+00
2.836330161356953594e-04
4.000000000000000000e+00
3.286180167458305017e-05
6.000000000000000000e+00
3.282690394654211085e-05
6.000000000000000000e+00
3.269358491158510225e-05
6.000000000000000000e+00
1.355399426315544685e-05
8.000000000000000000e+00
3.264173378500300995e-05
7.000000000000000000e+00
3.249298743535020817e-05
3.000000000000000000e+00
3.251176361690521680e-05
7.000000000000000000e+00
3.798789897059319520e-04
6.000000000000000000e+00
2.450433031271736153e-05
7.000000000000000000e+00
2.463073494492464070e-05
6.000000000000000000e+00
2.439786917695818379e-05
7.000000000000000000e+00
1.098829985335843251e-04
3.000000000000000000e+00
1.047733646705702764e-06
4.000000000000000000e+00
5.519532743256797859e-04
4.000000000000000000e+00
3.515255008846360202e-05
6.000000000000000000e+00
2.380422231203325570e-06
8.000000000000000000e+00
8.584275404536305105e-06
3.000000000000000000e+00
1.147738824517772025e-05
8.000000000000000000e+00
2.282675542451748085e-04
1.100000000000000000e+01
1.599194096024569850e-05
4.000000000000000000e+00
2.696727350988211585e-05
5.000000000000000000e+00
8.037941750643013824e-06
5.000000000000000000e+00
3.620446947529276518e-07
6.000000000000000000e+00
1.471683010529972230e-05
6.000000000000000000e+00
3.278774231736253375e-04
3.000000000000000000e+00
1.972782112090523676e-04
6.000000000000000000e+00
