1.544780472042638353e+00
1.094244950309969511e+01
7.589293867757603840e-01
-2.100820565806472973e-01
1.022743471153331285e+01
3.017788006866446437e-01
7.901407434107425853e-01
3.794309513904475795e-01
-1.077157790148263405e+00
5.488450979675384644e+00
6.235776351187701572e+00
2.104988644058170821e-01
6.430145306986331244e-01
-1.791469078042229102e+00
2.852425192278754906e+00
-2.865901080504385412e+00
-1.295464878687182342e+01
-7.910623539916840086e-01
6.990589668827179537e+01
-1.201039343824572647e+01
-5.842489135963035096e+01
-4.361148947719713398e+00
8.339832897602423856e+00
-5.941169824958514312e-03
1.799362433635677716e+00
2.021471837894574186e+00
-1.006335785115392589e+01
1.908870944515848578e+01
-7.602117319877544332e+01
-3.750690890241357067e+01
-2.131894136883108359e+00
-1.270119785554587111e+01
-1.084631346660780205e+00
-4.044115073473653510e+00
8.513879048933625882e+01
3.435339593528915003e+01
-3.186166791078196558e-01
1.006723647040970171e+01
-1.136044697961136407e+01
1.361488195688059122e+01
-4.019168074783788569e+00
1.417161121704064941e+00
-7.643820476002701980e+00
-2.538675872993713778e+00
-5.263085887027990850e+00
-9.420624581245267137e+00
-5.826319696304940621e+00
-3.046582805514434500e-01
8.071035641786393455e+01
-1.217763905673650981e+01
-2.210432200196752600e-02
-4.284737707762380410e+01
-2.210645679141455044e+00
-5.587117974112358887e+00
1.165308189601444511e+01
