-6.624503391186267187e-01
-6.633179475612073217e-01
-6.633160717971920972e-01
-6.688609708284023458e-01
-6.688047039548132844e-01
-6.664140002449762124e-01
-6.664241264840801149e-01
-5.455162679246445823e-01
-5.455041557572274380e-01
-5.398185601552989432e-01
-5.398410945372140723e-01
-5.373741543377972274e-01
-5.397692485067774326e-01
-5.397451231786329906e-01
-5.397799662390281306e-01
-5.397850181665322378e-01
-5.397251764732542423e-01
-5.397499650922636949e-01
-5.502293706504980397e-01
-5.502961326074433668e-01
-5.502984914639635905e-01
-5.502863397429121894e-01
-5.324280326590675738e-01
-5.324218099298894114e-01
-5.323983627548763975e-01
-5.324060533540473372e-01
-5.240726926992693713e-01
-5.240845575368431319e-01
-5.240789018568795532e-01
-1.943145441843104337e-01
-1.952285907059242154e-01
-1.951279676021926424e-01
-1.952105848826478918e-01
-2.387095261845378069e-01
-2.387106805842376112e-01
-2.386921683363250057e-01
-2.387512790657826123e-01
-2.388123053574224552e-01
-2.388146744677199229e-01
-2.382925640749065654e-01
-2.382892630971534254e-01
