-4.388404517983835462e-01
0.000000000000000000e+00
-4.399906995568125812e-01
0.000000000000000000e+00
-4.399882111044576827e-01
0.000000000000000000e+00
-4.473749982975128714e-01
0.000000000000000000e+00
-4.472997320320854509e-01
0.000000000000000000e+00
-4.441076197225111710e-01
0.000000000000000000e+00
-4.441211163600692347e-01
0.000000000000000000e+00
-2.975879985704326103e-01
0.000000000000000000e+00
-2.975747839484054746e-01
0.000000000000000000e+00
-2.914040778881401006e-01
0.000000000000000000e+00
-2.914284073511372863e-01
0.000000000000000000e+00
-2.887709817502627230e-01
0.000000000000000000e+00
-2.913508416335712781e-01
0.000000000000000000e+00
-2.913247979951176792e-01
0.000000000000000000e+00
-2.913624119530063283e-01
0.000000000000000000e+00
-2.913678658370435492e-01
0.000000000000000000e+00
-2.913032661190854133e-01
0.000000000000000000e+00
-2.913300248170998530e-01
0.000000000000000000e+00
-3.027523603264431484e-01
0.000000000000000000e+00
-3.028258335627088682e-01
0.000000000000000000e+00
-3.028284297075140019e-01
0.000000000000000000e+00
-3.028150557076517702e-01
0.000000000000000000e+00
-2.834796099612051368e-01
0.000000000000000000e+00
-2.834729836890192978e-01
0.000000000000000000e+00
-2.834480166640729326e-01
0.000000000000000000e+00
-2.834562056480326997e-01
0.000000000000000000e+00
-2.746521872330628389e-01
0.000000000000000000e+00
-2.746646234485886628e-01
0.000000000000000000e+00
-2.746586953715127732e-01
0.000000000000000000e+00
-3.775814208155633261e-02
0.000000000000000000e+00
-3.811420262902127931e-02
0.000000000000000000e+00
-3.807492374056234419e-02
0.000000000000000000e+00
-3.810717245022547661e-02
0.000000000000000000e+00
-5.698223789124653993e-02
0.000000000000000000e+00
-5.698278902498991189e-02
0.000000000000000000e+00
-5.697395122509651272e-02
0.000000000000000000e+00
-5.700217325554720466e-02
0.000000000000000000e+00
-5.703131719012678735e-02
0.000000000000000000e+00
-5.703244874112303742e-02
0.000000000000000000e+00
-5.678334609339345113e-02
0.000000000000000000e+00
-5.678177290738440491e-02
0.000000000000000000e+00
