9.215375127876574979e-01
-2.309958341253565806e+00
2.701697186094147440e+00
-1.068515914320107285e-01
2.234847211092212405e+00
-1.726003914463680289e+00
-2.755742251385465025e+00
-6.168332319257654461e-01
-1.601206815909720138e+00
2.050444345518369182e+00
-1.757505933679518684e+00
1.454817201494451595e+00
-6.470752331469524776e-01
-1.906460880285693937e+00
1.461236487552840302e+00
1.284566170193732315e+00
2.387765398339310341e+00
8.125694708781793230e-01
-3.000000000000000000e+00
-2.403693055412870816e+00
-2.878862352914486333e+00
-1.242360366782382597e+00
-3.000000000000000000e+00
9.356334752837056623e-01
-2.999999999999999112e+00
1.052248742954490668e+00
1.053025716777401533e+00
-3.000000000000000000e+00
-2.884001093972171859e+00
-3.000000000000000444e+00
-2.999999999999999556e+00
-3.000000000000000000e+00
1.053533827640123155e+00
-3.000000000000000444e+00
-3.000000000000000000e+00
-3.000000000000000000e+00
-8.299362756422189458e-01
-3.000000000000000000e+00
-3.000000000000000000e+00
-2.999999999999999112e+00
-2.397236151289617645e+00
3.000000000000000000e+00
3.000000000000000000e+00
-1.101872825846438753e+00
1.659782893482476984e+00
-2.999819696794499446e+00
3.000000000000000000e+00
7.378453710284071931e-01
3.000000000000000000e+00
-3.000000000000000000e+00
1.651232862290157311e+00
1.892840581524815935e+00
3.000000000000000000e+00
2.631327753999975538e+00
1.293533726023253561e+00
