-1.766910000000000025e+02
2.971735189999999971e-01
-1.993400000000000105e+01
3.322164399999999462e-02
-1.985999999999999943e+01
3.524640000000001105e-02
-1.842099999999999937e+01
3.018775900000000498e-02
-1.875100000000000122e+01
3.300699899999999520e-02
-1.616499999999999915e+01
2.712577499999999781e-02
-1.694999999999999929e+01
2.791550000000000281e-02
-2.706200000000000117e+01
3.949815599999999260e-02
-3.505199999999999960e+01
5.181129599999999974e-02
-2.216499999999999915e+01
4.140777499999999389e-02
-2.278800000000000026e+01
4.563305599999999823e-02
