6.100000000000000000e+02 5.500000000000000000e+02 3.260000000000000000e+03 1.580000000000000000e+03
1.297000000000000000e+03 1.628000000000000000e+03 1.564000000000000000e+03 1.511000000000000000e+03
1.298000000000000000e+03 1.610000000000000000e+03 1.559000000000000000e+03 1.533000000000000000e+03
1.310000000000000000e+03 1.493000000000000000e+03 1.553000000000000000e+03 1.644000000000000000e+03
1.306000000000000000e+03 1.518000000000000000e+03 1.527000000000000000e+03 1.649000000000000000e+03
1.289000000000000000e+03 1.486000000000000000e+03 1.147000000000000000e+03 2.078000000000000000e+03
1.293000000000000000e+03 1.493000000000000000e+03 1.129000000000000000e+03 2.085000000000000000e+03
1.161000000000000000e+03 1.790000000000000000e+03 8.760000000000000000e+02 2.173000000000000000e+03
1.295000000000000000e+03 1.894000000000000000e+03 5.910000000000000000e+02 2.220000000000000000e+03
1.312000000000000000e+03 9.030000000000000000e+02 1.480000000000000000e+03 2.305000000000000000e+03
1.267000000000000000e+03 1.113000000000000000e+03 1.268000000000000000e+03 2.352000000000000000e+03
