1.239445057587585785e-03
2.620000000000000000e+02
5.766446347943966766e-03
8.400000000000000000e+01
1.029261856769390568e-02
2.200000000000000000e+01
1.029176566793560399e-02
4.100000000000000000e+01
1.782632704796396211e-02
3.200000000000000000e+01
2.446762911446095576e-02
5.500000000000000000e+01
2.869973938278728987e-02
2.400000000000000000e+01
1.034435841631846896e-03
1.400000000000000000e+02
1.478883095123914061e-02
6.900000000000000000e+01
1.183903702663381512e-03
4.200000000000000000e+01
