-1.642640000000000100e+02
3.089483040000000069e-01
-3.020439999999999827e+02
3.733080639999999395e-01
-3.608559999999999945e+02
4.780952640000000198e-01
-2.996129999999999995e+02
3.356432310000000419e-01
-3.643890000000000100e+02
4.794316790000000550e-01
-4.735499999999999687e+01
7.868097500000000022e-02
-1.924590000000000032e+02
2.909943190000000013e-01
-1.871799999999999997e+01
3.368247599999999592e-02
-1.611400000000000077e+01
2.499900399999999828e-02
-1.607000000000000028e+01
2.542110000000000203e-02
-1.667500000000000071e+01
2.556937500000000182e-02
