1.293109792249068834e-03
6.400000000000000000e+01
1.036746467183036246e-03
1.100000000000000000e+02
1.805694467236396150e-02
2.500000000000000000e+01
1.264973498849466041e-03
1.700000000000000000e+01
1.140617663032110788e-03
1.720000000000000000e+02
1.007964911366567799e-03
1.710000000000000000e+02
1.891017170225374119e-02
2.000000000000000000e+01
9.244914713048826491e-04
1.380000000000000000e+02
8.174284450747250482e-04
6.800000000000000000e+01
3.250790009832435490e-02
2.800000000000000000e+01
