1.335035467089372646e-03
1.220000000000000000e+02
1.428594995922649698e-05
1.000000000000000000e+00
7.035224340845377608e-03
2.220000000000000000e+02
9.629163875310347903e-04
1.400000000000000000e+02
2.973747234320350558e-03
6.140000000000000000e+02
1.073053646803184824e-03
2.540000000000000000e+02
2.366003923208074081e-02
2.600000000000000000e+01
8.604934728032131823e-04
3.100000000000000000e+01
8.473104760088580800e-04
4.000000000000000000e+01
1.011389220345471161e-03
3.200000000000000000e+01
2.257889776799316180e-03
3.200000000000000000e+01
