1.500000000000000000e+03 1.500000000000000000e+03 1.500000000000000000e+03 1.500000000000000000e+03 3.400000000000000000e+02 3.390000000000000000e+02 3.460000000000000000e+02 3.590000000000000000e+02
7.640000000000000000e+02 9.280000000000000000e+02 3.221000000000000000e+03 1.087000000000000000e+03 3.240000000000000000e+02 3.570000000000000000e+02 3.300000000000000000e+02 3.370000000000000000e+02
6.060000000000000000e+02 1.268000000000000000e+03 7.700000000000000000e+02 3.356000000000000000e+03 3.200000000000000000e+02 3.390000000000000000e+02 3.510000000000000000e+02 3.540000000000000000e+02
1.500000000000000000e+03 2.084000000000000000e+03 1.879000000000000000e+03 5.370000000000000000e+02 3.560000000000000000e+02 3.640000000000000000e+02 3.290000000000000000e+02 3.750000000000000000e+02
1.036000000000000000e+03 2.814000000000000000e+03 1.284000000000000000e+03 8.660000000000000000e+02 3.410000000000000000e+02 3.920000000000000000e+02 3.280000000000000000e+02 3.650000000000000000e+02
2.490000000000000000e+02 3.909000000000000000e+03 9.490000000000000000e+02 8.930000000000000000e+02 3.450000000000000000e+02 3.560000000000000000e+02 3.400000000000000000e+02 3.630000000000000000e+02
2.069000000000000000e+03 8.480000000000000000e+02 1.394000000000000000e+03 1.689000000000000000e+03 3.440000000000000000e+02 3.560000000000000000e+02 3.400000000000000000e+02 3.630000000000000000e+02
1.921000000000000000e+03 1.092000000000000000e+03 2.641000000000000000e+03 3.460000000000000000e+02 3.450000000000000000e+02 3.530000000000000000e+02 3.400000000000000000e+02 3.630000000000000000e+02
3.817000000000000000e+03 7.040000000000000000e+02 5.670000000000000000e+02 9.120000000000000000e+02 3.390000000000000000e+02 3.580000000000000000e+02 3.410000000000000000e+02 3.640000000000000000e+02
1.344000000000000000e+03 3.700000000000000000e+01 1.815000000000000000e+03 2.804000000000000000e+03 3.450000000000000000e+02 3.560000000000000000e+02 3.400000000000000000e+02 3.630000000000000000e+02
1.603000000000000000e+03 2.058000000000000000e+03 1.460000000000000000e+02 2.193000000000000000e+03 3.450000000000000000e+02 3.560000000000000000e+02 3.400000000000000000e+02 3.630000000000000000e+02
2.836000000000000000e+03 1.602000000000000000e+03 1.218000000000000000e+03 3.440000000000000000e+02 3.430000000000000000e+02 3.600000000000000000e+02 3.400000000000000000e+02 3.630000000000000000e+02
1.159000000000000000e+03 1.326000000000000000e+03 1.585000000000000000e+03 1.930000000000000000e+03 3.440000000000000000e+02 3.550000000000000000e+02 3.400000000000000000e+02 3.630000000000000000e+02
5.000000000000000000e+01 4.400000000000000000e+01 1.422000000000000000e+03 4.484000000000000000e+03 3.450000000000000000e+02 3.560000000000000000e+02 3.400000000000000000e+02 3.630000000000000000e+02
1.892000000000000000e+03 2.390000000000000000e+03 1.369000000000000000e+03 3.490000000000000000e+02 3.470000000000000000e+02 3.560000000000000000e+02 3.370000000000000000e+02 3.660000000000000000e+02
