1.249423010524761558e-03
2.270000000000000000e+02
9.925257891340510345e-04
3.230000000000000000e+02
1.540000649818192881e-02
7.100000000000000000e+01
1.038079659023815465e-03
4.720000000000000000e+02
1.682916407357191307e-02
6.300000000000000000e+01
8.612230377146925251e-04
3.400000000000000000e+01
1.175600273590721861e-03
3.100000000000000000e+01
1.130533032860181778e-03
4.700000000000000000e+01
9.468078295172885480e-04
3.400000000000000000e+01
9.397826236496779157e-04
3.400000000000000000e+01
9.776942114987845038e-04
3.300000000000000000e+01
