1.470000000000000000e+02 9.600000000000000000e+01 1.794000000000000000e+03 3.963000000000000000e+03
2.980000000000000000e+02 4.054000000000000000e+03 1.504000000000000000e+03 1.440000000000000000e+02
2.101000000000000000e+03 2.581000000000000000e+03 1.316000000000000000e+03 2.000000000000000000e+00
3.170000000000000000e+02 3.961000000000000000e+03 1.547000000000000000e+03 1.750000000000000000e+02
2.283000000000000000e+03 0.000000000000000000e+00 1.337000000000000000e+03 2.380000000000000000e+03
1.159000000000000000e+03 2.049000000000000000e+03 1.531000000000000000e+03 1.261000000000000000e+03
1.143000000000000000e+03 2.048000000000000000e+03 1.526000000000000000e+03 1.283000000000000000e+03
1.167000000000000000e+03 2.074000000000000000e+03 1.481000000000000000e+03 1.278000000000000000e+03
1.319000000000000000e+03 1.984000000000000000e+03 1.560000000000000000e+03 1.137000000000000000e+03
1.322000000000000000e+03 1.986000000000000000e+03 1.558000000000000000e+03 1.134000000000000000e+03
1.098000000000000000e+03 1.700000000000000000e+03 1.637000000000000000e+03 1.565000000000000000e+03
