-3.365149999999999864e+02
4.760297749999999883e-01
-8.991299999999999670e+01
1.008674309999999935e-01
-2.142330000000000041e+02
3.644687110000000008e-01
-8.993800000000000239e+01
9.633615599999999224e-02
-3.140799999999999841e+02
5.520855999999999542e-01
-4.021699999999999875e+01
5.333991100000000374e-02
-3.947899999999999920e+01
5.227355899999999028e-02
-4.099300000000000210e+01
4.978295100000000584e-02
-4.041100000000000136e+01
5.878407899999999603e-02
-4.056700000000000017e+01
5.342351099999999992e-02
-2.168400000000000105e+01
3.273414399999999974e-02
