1.548170283204053279e-03
2.020000000000000000e+02
1.068345802603491192e-02
3.600000000000000000e+01
2.824915412484030330e-03
1.510000000000000000e+02
1.030687385003087970e-03
3.840000000000000000e+02
1.341140293396386567e-02
1.440000000000000000e+02
2.174058445584592381e-02
3.600000000000000000e+01
3.268635389036578937e-02
3.500000000000000000e+01
4.501823599355261017e-03
5.410000000000000000e+02
1.464082083785326477e-02
6.500000000000000000e+01
9.818228295856031539e-04
1.100000000000000000e+02
