1.146290425986307756e-03
2.140000000000000000e+02
2.331879119318639847e-03
4.800000000000000000e+01
1.172913330891485473e-03
6.900000000000000000e+01
1.097624339523473090e-03
3.770000000000000000e+02
1.246617359719384525e-02
2.900000000000000000e+01
1.266409775535771260e-03
3.000000000000000000e+02
1.105344029057922593e-03
8.300000000000000000e+01
1.103642100964876728e-02
5.200000000000000000e+01
2.053112225889212536e-02
1.200000000000000000e+01
9.092983099523594672e-04
1.250000000000000000e+02
