0.000000000000000000e+00 9.730000000000000000e+02 1.819000000000000000e+03 3.208000000000000000e+03
3.796000000000000000e+03 1.333000000000000000e+03 8.700000000000000000e+02 1.000000000000000000e+00
0.000000000000000000e+00 9.120000000000000000e+02 1.888000000000000000e+03 3.200000000000000000e+03
2.900000000000000000e+02 3.898000000000000000e+03 1.811000000000000000e+03 1.000000000000000000e+00
8.700000000000000000e+02 2.298000000000000000e+03 1.520000000000000000e+03 1.312000000000000000e+03
8.430000000000000000e+02 2.239000000000000000e+03 1.543000000000000000e+03 1.375000000000000000e+03
1.455000000000000000e+03 1.885000000000000000e+03 1.488000000000000000e+03 1.172000000000000000e+03
0.000000000000000000e+00 1.537000000000000000e+03 9.600000000000000000e+02 3.503000000000000000e+03
8.120000000000000000e+02 1.395000000000000000e+03 6.520000000000000000e+02 3.141000000000000000e+03
8.290000000000000000e+02 1.433000000000000000e+03 6.770000000000000000e+02 3.061000000000000000e+03
1.416000000000000000e+03 1.762000000000000000e+03 1.088000000000000000e+03 1.734000000000000000e+03
