-2.618829999999999814e+02
3.961533109999999525e-01
-3.044370000000000118e+02
3.287660310000000696e-01
-2.598700000000000045e+02
4.083530999999999689e-01
-9.364799999999999613e+01
1.021640959999999820e-01
-5.377199999999999847e+01
6.424401600000000101e-02
-4.902499999999999858e+01
5.968037500000000078e-02
-4.265800000000000125e+01
6.716703600000001328e-02
-3.293729999999999905e+02
4.842218709999999704e-01
-1.399799999999999898e+02
2.298396000000000050e-01
-1.223769999999999953e+02
2.151728709999999878e-01
-3.069300000000000139e+01
4.872875100000000070e-02
