1.500000000000000000e+03 1.500000000000000000e+03 1.500000000000000000e+03 1.500000000000000000e+03 3.640000000000000000e+02 3.700000000000000000e+02 3.070000000000000000e+02 3.360000000000000000e+02
9.110000000000000000e+02 1.395000000000000000e+03 3.123000000000000000e+03 5.710000000000000000e+02 3.380000000000000000e+02 3.680000000000000000e+02 3.360000000000000000e+02 3.560000000000000000e+02
1.689000000000000000e+03 1.917000000000000000e+03 5.440000000000000000e+02 1.850000000000000000e+03 3.140000000000000000e+02 3.560000000000000000e+02 3.420000000000000000e+02 3.750000000000000000e+02
1.667000000000000000e+03 1.190000000000000000e+03 5.010000000000000000e+02 2.642000000000000000e+03 3.240000000000000000e+02 3.660000000000000000e+02 3.420000000000000000e+02 3.830000000000000000e+02
2.138000000000000000e+03 8.870000000000000000e+02 2.454000000000000000e+03 5.210000000000000000e+02 3.000000000000000000e+02 3.390000000000000000e+02 3.470000000000000000e+02 3.710000000000000000e+02
5.800000000000000000e+01 3.318000000000000000e+03 4.010000000000000000e+02 2.223000000000000000e+03 3.440000000000000000e+02 3.560000000000000000e+02 3.400000000000000000e+02 3.630000000000000000e+02
3.232000000000000000e+03 1.759000000000000000e+03 6.630000000000000000e+02 3.460000000000000000e+02 3.450000000000000000e+02 3.560000000000000000e+02 3.400000000000000000e+02 3.630000000000000000e+02
7.200000000000000000e+01 6.040000000000000000e+02 2.421000000000000000e+03 2.903000000000000000e+03 3.440000000000000000e+02 3.560000000000000000e+02 3.400000000000000000e+02 3.630000000000000000e+02
2.068000000000000000e+03 2.810000000000000000e+02 1.493000000000000000e+03 2.158000000000000000e+03 3.480000000000000000e+02 3.580000000000000000e+02 3.340000000000000000e+02 3.590000000000000000e+02
1.171000000000000000e+03 3.918000000000000000e+03 5.630000000000000000e+02 3.480000000000000000e+02 3.460000000000000000e+02 3.550000000000000000e+02 3.380000000000000000e+02 3.630000000000000000e+02
4.650000000000000000e+02 2.409000000000000000e+03 1.537000000000000000e+03 1.589000000000000000e+03 3.450000000000000000e+02 3.560000000000000000e+02 3.390000000000000000e+02 3.620000000000000000e+02
3.260000000000000000e+02 4.000000000000000000e+00 3.656000000000000000e+03 2.014000000000000000e+03 3.450000000000000000e+02 3.560000000000000000e+02 3.400000000000000000e+02 3.630000000000000000e+02
2.901000000000000000e+03 9.810000000000000000e+02 0.000000000000000000e+00 2.118000000000000000e+03 3.440000000000000000e+02 3.560000000000000000e+02 3.400000000000000000e+02 3.630000000000000000e+02
1.438000000000000000e+03 2.746000000000000000e+03 1.463000000000000000e+03 3.530000000000000000e+02 3.510000000000000000e+02 3.500000000000000000e+02 3.430000000000000000e+02 3.660000000000000000e+02
5.240000000000000000e+02 1.542000000000000000e+03 7.110000000000000000e+02 3.223000000000000000e+03 3.440000000000000000e+02 3.560000000000000000e+02 3.400000000000000000e+02 3.630000000000000000e+02
