1.189618864868891056e-03
1.090000000000000000e+02
1.139826160686129367e-03
7.600000000000000000e+01
1.145212865581466581e-03
5.100000000000000000e+01
9.798844800237621524e-04
5.400000000000000000e+01
9.484817001830512292e-04
4.700000000000000000e+01
9.825039516872860739e-04
5.000000000000000000e+01
1.023256974278267386e-03
3.900000000000000000e+01
1.008987881761890968e-03
4.400000000000000000e+01
1.094728235345374372e-03
4.200000000000000000e+01
1.078828456136099369e-03
4.300000000000000000e+01
1.121617083366019700e-03
4.400000000000000000e+01
