3.558344284483423974e-03
2.700000000000000000e+01
2.465913600727934977e-03
3.800000000000000000e+01
2.351925912576354263e-03
6.300000000000000000e+01
3.120003547944426910e-03
5.300000000000000000e+01
3.392033236864566703e-02
2.300000000000000000e+01
4.741416884436976814e-03
7.800000000000000000e+01
5.215248593706904578e-02
7.000000000000000000e+00
3.012576954028951468e-02
2.800000000000000000e+01
3.799081131940448136e-02
2.000000000000000000e+01
4.320956229307657860e-03
4.900000000000000000e+01
