9.200000000000000000e+02 1.858000000000000000e+03 1.426000000000000000e+03 1.796000000000000000e+03
1.064000000000000000e+03 1.944000000000000000e+03 1.412000000000000000e+03 1.580000000000000000e+03
7.890000000000000000e+02 1.696000000000000000e+03 1.771000000000000000e+03 1.744000000000000000e+03
9.560000000000000000e+02 1.689000000000000000e+03 1.581000000000000000e+03 1.774000000000000000e+03
9.680000000000000000e+02 1.682000000000000000e+03 1.518000000000000000e+03 1.832000000000000000e+03
9.550000000000000000e+02 1.664000000000000000e+03 1.698000000000000000e+03 1.683000000000000000e+03
9.570000000000000000e+02 1.652000000000000000e+03 1.696000000000000000e+03 1.695000000000000000e+03
9.700000000000000000e+02 1.718000000000000000e+03 1.649000000000000000e+03 1.663000000000000000e+03
9.710000000000000000e+02 1.718000000000000000e+03 1.659000000000000000e+03 1.652000000000000000e+03
9.850000000000000000e+02 1.710000000000000000e+03 1.609000000000000000e+03 1.696000000000000000e+03
9.830000000000000000e+02 1.705000000000000000e+03 1.604000000000000000e+03 1.708000000000000000e+03
