-2.893100000000000094e+01
3.952623900000000468e-02
-3.262899999999999778e+01
4.397735900000000059e-02
-2.287900000000000134e+01
3.332035899999999384e-02
-2.052100000000000080e+01
3.099955900000000292e-02
-1.866799999999999926e+01
3.018377599999999897e-02
-2.001399999999999935e+01
2.947980400000000181e-02
-1.936499999999999844e+01
3.017777500000000043e-02
-2.282600000000000051e+01
3.199172399999999916e-02
-2.226000000000000156e+01
3.231840000000000407e-02
-2.242000000000000171e+01
3.278760000000000702e-02
-2.145400000000000063e+01
3.122388400000000036e-02
