1.500000000000000000e+03 1.500000000000000000e+03 1.500000000000000000e+03 1.500000000000000000e+03 3.480000000000000000e+02 3.510000000000000000e+02 3.220000000000000000e+02 3.660000000000000000e+02
2.323000000000000000e+03 1.065000000000000000e+03 1.359000000000000000e+03 1.253000000000000000e+03 3.310000000000000000e+02 3.840000000000000000e+02 3.530000000000000000e+02 3.510000000000000000e+02
1.615000000000000000e+03 3.328000000000000000e+03 5.440000000000000000e+02 5.130000000000000000e+02 3.530000000000000000e+02 3.760000000000000000e+02 3.290000000000000000e+02 3.940000000000000000e+02
7.250000000000000000e+02 6.850000000000000000e+02 4.029000000000000000e+03 5.610000000000000000e+02 3.280000000000000000e+02 3.370000000000000000e+02 3.570000000000000000e+02 3.400000000000000000e+02
7.610000000000000000e+02 1.414000000000000000e+03 3.119000000000000000e+03 7.060000000000000000e+02 3.240000000000000000e+02 3.770000000000000000e+02 3.240000000000000000e+02 3.530000000000000000e+02
6.500000000000000000e+02 1.265000000000000000e+03 1.507000000000000000e+03 2.578000000000000000e+03 3.460000000000000000e+02 3.550000000000000000e+02 3.400000000000000000e+02 3.640000000000000000e+02
1.826000000000000000e+03 2.087000000000000000e+03 9.700000000000000000e+02 1.117000000000000000e+03 3.460000000000000000e+02 3.540000000000000000e+02 3.350000000000000000e+02 3.640000000000000000e+02
2.240000000000000000e+02 1.502000000000000000e+03 2.222000000000000000e+03 2.052000000000000000e+03 3.450000000000000000e+02 3.550000000000000000e+02 3.390000000000000000e+02 3.630000000000000000e+02
2.069000000000000000e+03 5.650000000000000000e+02 3.870000000000000000e+02 2.979000000000000000e+03 3.450000000000000000e+02 3.560000000000000000e+02 3.400000000000000000e+02 3.630000000000000000e+02
7.070000000000000000e+02 1.410000000000000000e+03 1.397000000000000000e+03 2.486000000000000000e+03 3.460000000000000000e+02 3.550000000000000000e+02 3.400000000000000000e+02 3.640000000000000000e+02
1.217000000000000000e+03 1.986000000000000000e+03 9.600000000000000000e+01 2.701000000000000000e+03 3.450000000000000000e+02 3.560000000000000000e+02 3.390000000000000000e+02 3.630000000000000000e+02
2.170000000000000000e+03 2.754000000000000000e+03 7.120000000000000000e+02 3.640000000000000000e+02 3.620000000000000000e+02 3.600000000000000000e+02 3.310000000000000000e+02 3.690000000000000000e+02
1.002000000000000000e+03 0.000000000000000000e+00 2.820000000000000000e+03 2.178000000000000000e+03 3.440000000000000000e+02 3.560000000000000000e+02 3.400000000000000000e+02 3.630000000000000000e+02
1.785000000000000000e+03 1.777000000000000000e+03 2.091000000000000000e+03 3.470000000000000000e+02 3.460000000000000000e+02 3.560000000000000000e+02 3.350000000000000000e+02 3.640000000000000000e+02
3.375000000000000000e+03 2.200000000000000000e+01 9.660000000000000000e+02 1.637000000000000000e+03 3.450000000000000000e+02 3.560000000000000000e+02 3.400000000000000000e+02 3.630000000000000000e+02
