2.276000000000000000e+03 1.080000000000000000e+02 9.530000000000000000e+02 2.663000000000000000e+03
2.814000000000000000e+03 6.310000000000000000e+02 7.550000000000000000e+02 1.800000000000000000e+03
4.940000000000000000e+02 3.185000000000000000e+03 2.320000000000000000e+03 1.000000000000000000e+00
2.494000000000000000e+03 2.704000000000000000e+03 8.000000000000000000e+02 2.000000000000000000e+00
8.860000000000000000e+02 1.873000000000000000e+03 1.554000000000000000e+03 1.687000000000000000e+03
8.690000000000000000e+02 1.899000000000000000e+03 1.571000000000000000e+03 1.661000000000000000e+03
1.141000000000000000e+03 1.739000000000000000e+03 1.441000000000000000e+03 1.679000000000000000e+03
1.142000000000000000e+03 1.739000000000000000e+03 1.440000000000000000e+03 1.679000000000000000e+03
9.660000000000000000e+02 1.578000000000000000e+03 1.591000000000000000e+03 1.865000000000000000e+03
9.260000000000000000e+02 1.466000000000000000e+03 1.736000000000000000e+03 1.872000000000000000e+03
8.590000000000000000e+02 1.447000000000000000e+03 1.701000000000000000e+03 1.993000000000000000e+03
