-2.543689999999999998e+02
4.741948390000000346e-01
-2.979940000000000282e+02
3.615059640000000685e-01
-1.062570000000000050e+02
1.383189509999999955e-01
-3.397470000000000141e+02
4.614869910000000131e-01
-3.033999999999999986e+01
4.530839999999999868e-02
-3.223199999999999932e+01
4.531617599999999274e-02
-2.313299999999999912e+01
3.376331100000000418e-02
-2.333399999999999963e+01
3.724244399999999955e-02
-1.700300000000000011e+01
2.577299100000000204e-02
-1.686299999999999955e+01
2.587223100000000595e-02
-1.716100000000000136e+01
2.761907899999999777e-02
