1.500000000000000000e+03 1.500000000000000000e+03 1.500000000000000000e+03 1.500000000000000000e+03 3.350000000000000000e+02 3.820000000000000000e+02 3.660000000000000000e+02 3.610000000000000000e+02
1.524000000000000000e+03 1.818000000000000000e+03 1.795000000000000000e+03 8.630000000000000000e+02 3.700000000000000000e+02 3.400000000000000000e+02 3.500000000000000000e+02 3.670000000000000000e+02
7.680000000000000000e+02 1.990000000000000000e+03 9.160000000000000000e+02 2.326000000000000000e+03 3.470000000000000000e+02 3.200000000000000000e+02 3.340000000000000000e+02 3.570000000000000000e+02
9.420000000000000000e+02 2.885000000000000000e+03 6.330000000000000000e+02 1.540000000000000000e+03 3.590000000000000000e+02 3.570000000000000000e+02 3.070000000000000000e+02 3.730000000000000000e+02
8.640000000000000000e+02 7.450000000000000000e+02 3.472000000000000000e+03 9.190000000000000000e+02 3.330000000000000000e+02 3.600000000000000000e+02 3.140000000000000000e+02 3.720000000000000000e+02
5.520000000000000000e+02 8.600000000000000000e+02 1.856000000000000000e+03 2.732000000000000000e+03 3.430000000000000000e+02 3.600000000000000000e+02 3.430000000000000000e+02 3.630000000000000000e+02
2.600000000000000000e+03 3.220000000000000000e+02 7.960000000000000000e+02 2.282000000000000000e+03 3.450000000000000000e+02 3.560000000000000000e+02 3.400000000000000000e+02 3.630000000000000000e+02
5.070000000000000000e+02 1.282000000000000000e+03 3.000000000000000000e+01 4.181000000000000000e+03 3.450000000000000000e+02 3.560000000000000000e+02 3.400000000000000000e+02 3.630000000000000000e+02
3.054000000000000000e+03 6.740000000000000000e+02 1.920000000000000000e+03 3.520000000000000000e+02 3.510000000000000000e+02 3.580000000000000000e+02 3.370000000000000000e+02 3.630000000000000000e+02
3.040000000000000000e+03 2.554000000000000000e+03 6.000000000000000000e+01 3.460000000000000000e+02 3.450000000000000000e+02 3.560000000000000000e+02 3.400000000000000000e+02 3.630000000000000000e+02
3.300000000000000000e+01 2.626000000000000000e+03 1.868000000000000000e+03 1.473000000000000000e+03 3.450000000000000000e+02 3.560000000000000000e+02 3.400000000000000000e+02 3.630000000000000000e+02
5.322000000000000000e+03 7.300000000000000000e+01 1.250000000000000000e+02 4.800000000000000000e+02 3.450000000000000000e+02 3.560000000000000000e+02 3.400000000000000000e+02 3.630000000000000000e+02
3.780000000000000000e+02 0.000000000000000000e+00 1.260000000000000000e+03 4.362000000000000000e+03 3.450000000000000000e+02 3.560000000000000000e+02 3.400000000000000000e+02 3.630000000000000000e+02
1.228000000000000000e+03 1.224000000000000000e+03 1.904000000000000000e+03 1.644000000000000000e+03 3.410000000000000000e+02 3.680000000000000000e+02 3.540000000000000000e+02 3.620000000000000000e+02
1.130000000000000000e+02 7.100000000000000000e+01 2.917000000000000000e+03 2.899000000000000000e+03 3.440000000000000000e+02 3.560000000000000000e+02 3.400000000000000000e+02 3.630000000000000000e+02
