-2.283100000000000023e+02
2.079138999999999626e+00
-2.938500000000000227e+02
2.435475000000000279e+00
-2.306899999999999977e+02
2.459539000000000364e+00
-2.285500000000000114e+02
2.222275000000000666e+00
-2.319999999999999840e+00
7.657599999999999130e-02
-9.150000000000000000e+01
8.948999999999999178e-01
-5.040000000000000036e+00
7.698399999999999688e-02
-2.312800000000000011e+02
2.192216000000000165e+00
-4.320000000000000284e+00
8.717599999999998961e-02
-4.910000000000000142e+00
9.881900000000001794e-02
-3.779999999999999805e+00
6.031599999999998074e-02
-5.120000000000000107e+00
6.285599999999999521e-02
-2.660000000000000142e+00
7.404399999999998483e-02
-4.679999999999999716e+00
9.117600000000000704e-02
-3.359999999999999876e+00
8.950400000000000023e-02
-2.720000000000000195e+00
4.981599999999999223e-02
-2.180000000000000160e+00
5.387600000000000028e-02
-2.341899999999999977e+02
2.281138999999999584e+00
-9.009999999999999432e+01
8.121000000000000441e-01
-2.917699999999999818e+02
3.358370999999999107e+00
-2.660000000000000142e+00
4.784399999999999764e-02
-4.549999999999999822e+00
9.167499999999999261e-02
-3.950000000000000178e+00
7.127500000000000502e-02
-5.171799999999999500e+02
3.954876000000000502e+00
-9.130000000000000782e+00
1.619309999999999639e-01
-5.190000000000000000e+02
3.994800000000000129e+00
-5.700000000000000178e+00
9.449999999999998679e-02
-3.100000000000000089e+00
5.249999999999999806e-02
-2.129999999999999893e+00
5.293099999999997807e-02
-3.390000000000000124e+00
5.357900000000000162e-02
-2.020000000000000018e+00
5.119599999999999845e-02
