6.249899999999999900e-02
8.027500000000001301e-02
1.905059000000000058e+00
1.795938999999999730e+00
2.553484000000000087e+00
7.729599999999998972e-02
5.602840000000000042e-01
2.783976000000000006e+00
3.150323999999999902e+00
6.797099999999998976e-02
2.201531000000000571e+00
7.809900000000002951e-02
1.221100000000000074e+00
2.937616000000000227e+00
8.347390000000000088e-01
7.007499999999998452e-02
4.507500000000000395e-02
6.785099999999999465e-02
3.012090999999999852e+00
2.229898999999999631e+00
6.273099999999999510e-02
7.688399999999999401e-02
5.105099999999999916e-02
7.374399999999999011e-02
4.321099999999999247e-02
6.483600000000000474e-02
1.944050999999999751e+00
7.717899999999999761e-02
4.191600000000000187e-02
4.789899999999999713e-02
6.456399999999999639e-02
2.554656000000000038e+00
4.540000000000000979e-02
8.281599999999998685e-02
7.731600000000000972e-02
2.838675000000000281e+00
2.605176000000000158e+00
7.217900000000000704e-02
6.820400000000001461e-02
8.373240000000001793e-01
5.001099999999999990e-02
5.807500000000000162e-02
2.740255999999999581e+00
2.535244000000000053e+00
3.098539000000000598e+00
7.723599999999999910e-02
2.723771000000000608e+00
2.143876000000000115e+00
1.091310000000000335e-01
6.587499999999998912e-02
2.737355999999999678e+00
2.942419000000000562e+00
8.000400000000001954e-02
4.936399999999999816e-02
3.221075000000000355e+00
5.408400000000001401e-02
2.109618999999999911e+00
3.144098999999999755e+00
2.474443999999999644e+00
6.987600000000002143e-02
5.825100000000001110e-02
5.211599999999999566e-02
7.249099999999998600e-02
4.899599999999999789e-02
5.526400000000000062e-02
2.463616000000000028e+00
7.148400000000000587e-02
4.759599999999999248e-02
7.509100000000000497e-02
8.517900000000003247e-02
6.875599999999999767e-02
2.669455999999999385e+00
7.407500000000001583e-02
2.614800000000000235e+00
2.597171000000000340e+00
5.478400000000000630e-02
4.681099999999999844e-02
6.022400000000001363e-02
2.669515999999999778e+00
3.321200000000000152e+00
