1.890000000000000000e+03 7.620000000000000000e+02 2.522000000000000000e+03 8.260000000000000000e+02
9.370000000000000000e+02 1.658000000000000000e+03 2.168000000000000000e+03 1.237000000000000000e+03
9.440000000000000000e+02 1.667000000000000000e+03 2.176000000000000000e+03 1.213000000000000000e+03
9.440000000000000000e+02 1.622000000000000000e+03 1.834000000000000000e+03 1.600000000000000000e+03
8.460000000000000000e+02 1.682000000000000000e+03 1.827000000000000000e+03 1.645000000000000000e+03
1.056000000000000000e+03 1.452000000000000000e+03 1.784000000000000000e+03 1.708000000000000000e+03
1.680000000000000000e+02 1.900000000000000000e+02 5.248000000000000000e+03 3.940000000000000000e+02
1.135000000000000000e+03 1.531000000000000000e+03 1.866000000000000000e+03 1.468000000000000000e+03
1.080000000000000000e+03 1.412000000000000000e+03 1.681000000000000000e+03 1.827000000000000000e+03
1.067000000000000000e+03 1.627000000000000000e+03 1.502000000000000000e+03 1.804000000000000000e+03
1.040000000000000000e+03 1.400000000000000000e+03 1.617000000000000000e+03 1.943000000000000000e+03
