1.298169235216103815e-03
8.800000000000000000e+01
9.384192585658612286e-04
5.100000000000000000e+01
9.172527468766165622e-04
4.900000000000000000e+01
1.126792964541255401e-03
3.700000000000000000e+01
1.089898275860834778e-03
4.600000000000000000e+01
1.076276384173620142e-03
3.800000000000000000e+01
1.003353776060499081e-03
3.870000000000000000e+02
1.057232791688194565e-03
4.300000000000000000e+01
8.934354720266953322e-04
5.900000000000000000e+01
9.178568048524377238e-04
3.700000000000000000e+01
1.089546157022720828e-03
3.600000000000000000e+01
