1.037153014163366737e-03
2.900000000000000000e+01
1.209687768557872814e-03
1.820000000000000000e+02
1.243208674202845448e-03
1.360000000000000000e+02
1.977957245256792545e-03
3.100000000000000000e+01
1.109074263905347919e-03
1.360000000000000000e+02
1.206051246993587126e-03
8.000000000000000000e+01
1.301870980906177401e-02
1.280000000000000000e+02
1.132864792215005321e-03
1.010000000000000000e+02
3.858653957169851101e-02
1.200000000000000000e+01
1.232511256300388401e-03
4.500000000000000000e+01
