1.500000000000000000e+03 1.500000000000000000e+03 1.500000000000000000e+03 1.500000000000000000e+03 3.330000000000000000e+02 3.610000000000000000e+02 3.530000000000000000e+02 3.680000000000000000e+02
7.080000000000000000e+02 8.470000000000000000e+02 2.289000000000000000e+03 2.156000000000000000e+03 3.680000000000000000e+02 3.640000000000000000e+02 3.670000000000000000e+02 3.710000000000000000e+02
1.502000000000000000e+03 1.765000000000000000e+03 1.307000000000000000e+03 1.426000000000000000e+03 3.340000000000000000e+02 3.290000000000000000e+02 3.530000000000000000e+02 3.790000000000000000e+02
5.230000000000000000e+02 9.750000000000000000e+02 6.650000000000000000e+02 3.837000000000000000e+03 3.190000000000000000e+02 3.410000000000000000e+02 3.330000000000000000e+02 3.580000000000000000e+02
1.936000000000000000e+03 7.200000000000000000e+02 7.580000000000000000e+02 2.586000000000000000e+03 3.830000000000000000e+02 3.640000000000000000e+02 3.210000000000000000e+02 3.610000000000000000e+02
2.955000000000000000e+03 7.600000000000000000e+02 1.157000000000000000e+03 1.128000000000000000e+03 3.430000000000000000e+02 3.590000000000000000e+02 3.420000000000000000e+02 3.630000000000000000e+02
3.360000000000000000e+02 3.287000000000000000e+03 2.370000000000000000e+02 2.140000000000000000e+03 3.440000000000000000e+02 3.570000000000000000e+02 3.400000000000000000e+02 3.630000000000000000e+02
1.215000000000000000e+03 1.675000000000000000e+03 2.648000000000000000e+03 4.620000000000000000e+02 3.440000000000000000e+02 3.560000000000000000e+02 3.400000000000000000e+02 3.630000000000000000e+02
9.630000000000000000e+02 4.870000000000000000e+02 2.445000000000000000e+03 2.105000000000000000e+03 3.640000000000000000e+02 3.630000000000000000e+02 3.620000000000000000e+02 3.700000000000000000e+02
1.660000000000000000e+02 2.547000000000000000e+03 2.010000000000000000e+03 1.277000000000000000e+03 3.440000000000000000e+02 3.560000000000000000e+02 3.400000000000000000e+02 3.630000000000000000e+02
1.806000000000000000e+03 2.165000000000000000e+03 6.500000000000000000e+01 1.964000000000000000e+03 3.440000000000000000e+02 3.540000000000000000e+02 3.400000000000000000e+02 3.640000000000000000e+02
5.130000000000000000e+02 1.105000000000000000e+03 4.036000000000000000e+03 3.460000000000000000e+02 3.440000000000000000e+02 3.560000000000000000e+02 3.400000000000000000e+02 3.630000000000000000e+02
2.499000000000000000e+03 3.100000000000000000e+01 2.500000000000000000e+01 3.445000000000000000e+03 3.450000000000000000e+02 3.560000000000000000e+02 3.400000000000000000e+02 3.630000000000000000e+02
2.153000000000000000e+03 2.522000000000000000e+03 9.820000000000000000e+02 3.430000000000000000e+02 3.410000000000000000e+02 3.500000000000000000e+02 3.440000000000000000e+02 3.650000000000000000e+02
7.500000000000000000e+01 1.830000000000000000e+02 3.572000000000000000e+03 2.170000000000000000e+03 3.460000000000000000e+02 3.560000000000000000e+02 3.410000000000000000e+02 3.630000000000000000e+02
