1.154815483128293456e-03
1.500000000000000000e+02
1.326531250786427149e-03
1.420000000000000000e+02
1.531955394057409308e-03
8.500000000000000000e+01
3.358141277161941218e-03
6.700000000000000000e+01
7.970075455962117097e-03
6.300000000000000000e+01
9.138121444162584234e-03
5.000000000000000000e+01
1.096136245498556538e-02
1.960000000000000000e+02
1.249502041909774904e-03
4.100000000000000000e+01
2.131969341033547113e-02
1.300000000000000000e+01
1.740825806435965240e-02
6.300000000000000000e+01
