1.920000000000000000e+02 9.410000000000000000e+02 2.764000000000000000e+03 2.103000000000000000e+03
1.710000000000000000e+02 9.420000000000000000e+02 2.749000000000000000e+03 2.138000000000000000e+03
0.000000000000000000e+00 2.456000000000000000e+03 1.696000000000000000e+03 1.848000000000000000e+03
3.985000000000000000e+03 9.950000000000000000e+02 1.018000000000000000e+03 2.000000000000000000e+00
0.000000000000000000e+00 3.584000000000000000e+03 3.220000000000000000e+02 2.094000000000000000e+03
3.831000000000000000e+03 5.600000000000000000e+02 0.000000000000000000e+00 1.609000000000000000e+03
1.042000000000000000e+03 1.794000000000000000e+03 1.530000000000000000e+03 1.634000000000000000e+03
1.142000000000000000e+03 1.782000000000000000e+03 1.554000000000000000e+03 1.522000000000000000e+03
1.122000000000000000e+03 1.607000000000000000e+03 1.614000000000000000e+03 1.657000000000000000e+03
1.117000000000000000e+03 1.599000000000000000e+03 1.622000000000000000e+03 1.662000000000000000e+03
2.875000000000000000e+03 1.746000000000000000e+03 0.000000000000000000e+00 1.379000000000000000e+03
