-1.028070000000000022e+02
2.078877509999999817e-01
-8.157999999999999829e+01
1.491016000000000286e-01
-1.648230000000000075e+02
1.921096709999999819e-01
-3.040350000000000250e+02
3.490417750000000541e-01
-1.811570000000000107e+02
2.060903509999999772e-01
-5.664909999999999854e+02
7.524599190000000881e-01
-2.610099999999999909e+01
3.931279900000000244e-02
-2.651300000000000168e+01
3.556383099999999714e-02
-1.749699999999999989e+01
2.804399100000000075e-02
-1.655399999999999849e+01
2.466108400000000325e-02
-5.782380000000000564e+02
8.381333560000000515e-01
