1.338404229485757289e-03
2.670000000000000000e+02
1.288060504172564534e-03
2.740000000000000000e+02
7.259193850451298516e-03
1.210000000000000000e+02
1.424028694659205735e-03
2.490000000000000000e+02
3.271078804934247474e-03
1.700000000000000000e+02
1.834992890964256065e-02
1.800000000000000000e+01
1.013804642641469864e-03
4.800000000000000000e+01
9.849823340498963832e-04
2.700000000000000000e+01
1.043857531150110905e-03
4.300000000000000000e+01
1.082719702594391086e-03
3.700000000000000000e+01
1.785878097811570073e-02
4.700000000000000000e+01
