1.500000000000000000e+03 1.500000000000000000e+03 1.500000000000000000e+03 1.500000000000000000e+03
1.381000000000000000e+03 2.418000000000000000e+03 1.213000000000000000e+03 9.880000000000000000e+02
9.720000000000000000e+02 1.710000000000000000e+03 1.727000000000000000e+03 1.591000000000000000e+03
1.437000000000000000e+03 1.845000000000000000e+03 1.042000000000000000e+03 1.676000000000000000e+03
1.753000000000000000e+03 1.420000000000000000e+03 5.170000000000000000e+02 2.310000000000000000e+03
1.657000000000000000e+03 8.680000000000000000e+02 3.318000000000000000e+03 1.570000000000000000e+02
3.680000000000000000e+02 5.150000000000000000e+02 2.759000000000000000e+03 2.358000000000000000e+03
3.900000000000000000e+01 1.030000000000000000e+03 1.059000000000000000e+03 3.872000000000000000e+03
3.505000000000000000e+03 1.471000000000000000e+03 1.023000000000000000e+03 1.000000000000000000e+00
2.403000000000000000e+03 0.000000000000000000e+00 2.053000000000000000e+03 1.544000000000000000e+03
0.000000000000000000e+00 1.594000000000000000e+03 3.184000000000000000e+03 1.222000000000000000e+03
0.000000000000000000e+00 2.207000000000000000e+03 1.364000000000000000e+03 2.429000000000000000e+03
1.115000000000000000e+03 1.914000000000000000e+03 1.528000000000000000e+03 1.443000000000000000e+03
1.240000000000000000e+03 3.486000000000000000e+03 1.273000000000000000e+03 1.000000000000000000e+00
0.000000000000000000e+00 3.414000000000000000e+03 2.241000000000000000e+03 3.450000000000000000e+02
