-9.114600000000000080e+01
1.482966840000000119e-01
-8.145799999999999841e+01
1.343782360000000120e-01
-1.895200000000000173e+01
3.529369599999999940e-02
-1.854799999999999827e+01
3.082769600000000165e-02
-2.478900000000000148e+01
3.858047899999998698e-02
-2.384799999999999898e+01
3.215289600000000025e-02
-2.022599999999999909e+01
3.039492400000000719e-02
-3.675000000000000000e+01
5.329350000000000059e-02
-1.923000000000000043e+01
3.197309999999999736e-02
-1.782499999999999929e+01
2.697837499999999888e-02
-1.807400000000000162e+01
3.180252399999999868e-02
