9.192488486080225077e-03
1.500000000000000000e+01
2.218527115985042403e-03
1.400000000000000000e+01
1.307565456486208108e-03
7.300000000000000000e+01
1.249063066116679098e-03
2.150000000000000000e+02
8.974203987035082614e-04
1.180000000000000000e+02
1.083392687325302004e-03
2.130000000000000000e+02
1.036825747938161825e-03
1.840000000000000000e+02
1.103932379262091094e-03
1.130000000000000000e+02
3.510217072426691926e-02
1.300000000000000000e+01
1.119058839739087326e-03
5.500000000000000000e+01
