1.845000000000000000e+03 2.550000000000000000e+02 1.790000000000000000e+03 2.110000000000000000e+03
1.792000000000000000e+03 2.330000000000000000e+02 1.795000000000000000e+03 2.180000000000000000e+03
1.234000000000000000e+03 7.990000000000000000e+02 1.872000000000000000e+03 2.095000000000000000e+03
1.205000000000000000e+03 8.480000000000000000e+02 1.863000000000000000e+03 2.084000000000000000e+03
3.820000000000000000e+02 1.508000000000000000e+03 1.928000000000000000e+03 2.182000000000000000e+03
6.750000000000000000e+02 1.713000000000000000e+03 1.781000000000000000e+03 1.831000000000000000e+03
7.120000000000000000e+02 1.673000000000000000e+03 1.774000000000000000e+03 1.841000000000000000e+03
6.350000000000000000e+02 1.943000000000000000e+03 1.790000000000000000e+03 1.632000000000000000e+03
9.770000000000000000e+02 1.638000000000000000e+03 1.776000000000000000e+03 1.609000000000000000e+03
1.141000000000000000e+03 1.437000000000000000e+03 1.806000000000000000e+03 1.616000000000000000e+03
1.141000000000000000e+03 1.437000000000000000e+03 1.806000000000000000e+03 1.616000000000000000e+03
