1.500000000000000000e+03 1.500000000000000000e+03 1.500000000000000000e+03 1.500000000000000000e+03 3.060000000000000000e+02 3.410000000000000000e+02 3.360000000000000000e+02 3.100000000000000000e+02
8.040000000000000000e+02 1.609000000000000000e+03 2.155000000000000000e+03 1.432000000000000000e+03 3.380000000000000000e+02 3.660000000000000000e+02 3.650000000000000000e+02 3.650000000000000000e+02
1.599000000000000000e+03 2.215000000000000000e+03 1.434000000000000000e+03 7.520000000000000000e+02 3.710000000000000000e+02 3.410000000000000000e+02 3.300000000000000000e+02 3.630000000000000000e+02
6.380000000000000000e+02 1.035000000000000000e+03 8.350000000000000000e+02 3.492000000000000000e+03 3.490000000000000000e+02 3.560000000000000000e+02 3.240000000000000000e+02 3.520000000000000000e+02
2.543000000000000000e+03 1.597000000000000000e+03 7.140000000000000000e+02 1.146000000000000000e+03 3.760000000000000000e+02 3.490000000000000000e+02 3.470000000000000000e+02 3.540000000000000000e+02
1.202000000000000000e+03 1.785000000000000000e+03 1.460000000000000000e+03 1.553000000000000000e+03 3.090000000000000000e+02 3.430000000000000000e+02 3.370000000000000000e+02 3.170000000000000000e+02
5.340000000000000000e+02 2.467000000000000000e+03 2.380000000000000000e+03 6.190000000000000000e+02 3.430000000000000000e+02 3.600000000000000000e+02 3.430000000000000000e+02 3.670000000000000000e+02
1.031000000000000000e+03 7.330000000000000000e+02 3.277000000000000000e+03 9.590000000000000000e+02 3.440000000000000000e+02 3.560000000000000000e+02 3.400000000000000000e+02 3.630000000000000000e+02
1.628000000000000000e+03 8.280000000000000000e+02 2.193000000000000000e+03 1.351000000000000000e+03 3.410000000000000000e+02 3.610000000000000000e+02 3.530000000000000000e+02 3.640000000000000000e+02
4.300000000000000000e+01 8.810000000000000000e+02 2.437000000000000000e+03 2.639000000000000000e+03 3.430000000000000000e+02 3.580000000000000000e+02 3.440000000000000000e+02 3.630000000000000000e+02
6.400000000000000000e+01 3.688000000000000000e+03 8.600000000000000000e+02 1.388000000000000000e+03 3.420000000000000000e+02 3.560000000000000000e+02 3.400000000000000000e+02 3.600000000000000000e+02
1.159000000000000000e+03 3.010000000000000000e+02 1.699000000000000000e+03 2.841000000000000000e+03 3.410000000000000000e+02 3.560000000000000000e+02 3.420000000000000000e+02 3.600000000000000000e+02
2.304000000000000000e+03 1.530000000000000000e+02 1.355000000000000000e+03 2.188000000000000000e+03 3.370000000000000000e+02 3.540000000000000000e+02 3.400000000000000000e+02 3.530000000000000000e+02
2.660000000000000000e+03 7.560000000000000000e+02 2.241000000000000000e+03 3.430000000000000000e+02 3.410000000000000000e+02 3.560000000000000000e+02 3.410000000000000000e+02 3.620000000000000000e+02
1.078000000000000000e+03 2.528000000000000000e+03 1.400000000000000000e+01 2.380000000000000000e+03 3.440000000000000000e+02 3.560000000000000000e+02 3.400000000000000000e+02 3.630000000000000000e+02
