2.871000000000000000e+03 4.810000000000000000e+02 8.230000000000000000e+02 1.825000000000000000e+03
7.750000000000000000e+02 1.954000000000000000e+03 1.486000000000000000e+03 1.785000000000000000e+03
4.690000000000000000e+02 3.034000000000000000e+03 0.000000000000000000e+00 2.497000000000000000e+03
6.210000000000000000e+02 2.981000000000000000e+03 0.000000000000000000e+00 2.398000000000000000e+03
6.240000000000000000e+02 2.968000000000000000e+03 0.000000000000000000e+00 2.408000000000000000e+03
2.608000000000000000e+03 7.060000000000000000e+02 2.685000000000000000e+03 1.000000000000000000e+00
2.396000000000000000e+03 6.570000000000000000e+02 2.946000000000000000e+03 1.000000000000000000e+00
1.123000000000000000e+03 1.583000000000000000e+03 1.652000000000000000e+03 1.642000000000000000e+03
1.096000000000000000e+03 1.490000000000000000e+03 1.766000000000000000e+03 1.648000000000000000e+03
1.106000000000000000e+03 1.567000000000000000e+03 1.735000000000000000e+03 1.592000000000000000e+03
1.030000000000000000e+03 1.705000000000000000e+03 1.737000000000000000e+03 1.528000000000000000e+03
