1.265852330995108962e-03
2.320000000000000000e+02
1.199124434260181614e-03
8.100000000000000000e+01
1.707027903172632713e-02
7.100000000000000000e+01
1.720190294761605662e-02
5.400000000000000000e+01
1.727486668291468644e-02
4.800000000000000000e+01
2.486776766542872844e-02
1.700000000000000000e+01
2.629819109047158363e-02
1.400000000000000000e+01
1.059643264029556985e-03
3.200000000000000000e+01
1.093672223670177608e-03
3.400000000000000000e+01
1.089350698876425478e-03
3.100000000000000000e+01
1.129178464935622333e-03
3.100000000000000000e+01
