-2.962919999999999732e+02
3.411467360000000060e-01
-3.295600000000000307e+01
4.287606399999999846e-02
-3.864950000000000045e+02
4.269239750000000666e-01
-3.760899999999999750e+02
4.518619000000000385e-01
-3.769940000000000282e+02
4.005339640000000201e-01
-3.727939999999999827e+02
5.103035639999999873e-01
-3.676720000000000255e+02
5.471744160000000523e-01
-1.749399999999999977e+01
2.601396400000000053e-02
-1.755900000000000105e+01
2.595451900000000228e-02
-1.773600000000000065e+01
2.674430399999999999e-02
-2.266300000000000026e+01
3.362943100000000130e-02
