1.500000000000000000e+03 1.500000000000000000e+03 1.500000000000000000e+03 1.500000000000000000e+03 3.360000000000000000e+02 3.640000000000000000e+02 3.030000000000000000e+02 3.670000000000000000e+02
1.107000000000000000e+03 1.024000000000000000e+03 2.605000000000000000e+03 1.264000000000000000e+03 3.520000000000000000e+02 3.880000000000000000e+02 3.460000000000000000e+02 3.580000000000000000e+02
1.881000000000000000e+03 2.592000000000000000e+03 8.980000000000000000e+02 6.290000000000000000e+02 3.530000000000000000e+02 3.480000000000000000e+02 3.370000000000000000e+02 3.870000000000000000e+02
9.840000000000000000e+02 2.759000000000000000e+03 1.150000000000000000e+03 1.107000000000000000e+03 3.470000000000000000e+02 3.340000000000000000e+02 3.360000000000000000e+02 3.570000000000000000e+02
7.780000000000000000e+02 7.980000000000000000e+02 1.436000000000000000e+03 2.988000000000000000e+03 3.480000000000000000e+02 3.840000000000000000e+02 3.440000000000000000e+02 3.730000000000000000e+02
2.690000000000000000e+03 1.099000000000000000e+03 4.070000000000000000e+02 1.804000000000000000e+03 3.440000000000000000e+02 3.560000000000000000e+02 3.400000000000000000e+02 3.630000000000000000e+02
8.900000000000000000e+01 2.164000000000000000e+03 1.764000000000000000e+03 1.983000000000000000e+03 3.450000000000000000e+02 3.560000000000000000e+02 3.400000000000000000e+02 3.630000000000000000e+02
3.400000000000000000e+01 4.606000000000000000e+03 9.910000000000000000e+02 3.690000000000000000e+02 3.450000000000000000e+02 3.560000000000000000e+02 3.400000000000000000e+02 3.630000000000000000e+02
1.890000000000000000e+02 5.630000000000000000e+02 5.530000000000000000e+02 4.695000000000000000e+03 3.450000000000000000e+02 3.560000000000000000e+02 3.400000000000000000e+02 3.630000000000000000e+02
2.497000000000000000e+03 1.400000000000000000e+01 4.400000000000000000e+01 3.445000000000000000e+03 3.450000000000000000e+02 3.560000000000000000e+02 3.400000000000000000e+02 3.630000000000000000e+02
6.900000000000000000e+02 3.008000000000000000e+03 3.200000000000000000e+01 2.270000000000000000e+03 3.450000000000000000e+02 3.560000000000000000e+02 3.400000000000000000e+02 3.630000000000000000e+02
3.201000000000000000e+03 1.211000000000000000e+03 1.243000000000000000e+03 3.450000000000000000e+02 3.430000000000000000e+02 3.550000000000000000e+02 3.390000000000000000e+02 3.640000000000000000e+02
1.711000000000000000e+03 9.230000000000000000e+02 3.025000000000000000e+03 3.410000000000000000e+02 3.400000000000000000e+02 3.590000000000000000e+02 3.250000000000000000e+02 3.420000000000000000e+02
1.800000000000000000e+02 4.400000000000000000e+01 3.463000000000000000e+03 2.313000000000000000e+03 3.450000000000000000e+02 3.560000000000000000e+02 3.400000000000000000e+02 3.630000000000000000e+02
1.902000000000000000e+03 1.050000000000000000e+02 2.297000000000000000e+03 1.696000000000000000e+03 3.440000000000000000e+02 3.580000000000000000e+02 3.370000000000000000e+02 3.630000000000000000e+02
