-2.065699999999999932e+02
3.824410999999999228e-01
-2.238060000000000116e+02
3.960723639999999546e-01
-2.096380000000000052e+02
3.870529560000000036e-01
-3.205049999999999955e+02
4.343919750000000413e-01
-2.833129999999999882e+02
3.685450309999999119e-01
-2.821009999999999991e+02
3.898407990000000156e-01
-2.895000000000000000e+02
3.959739999999999926e-01
-1.826200000000000045e+01
3.267335600000000062e-02
-1.837600000000000122e+01
3.295262399999999980e-02
-1.475999999999999943e+02
1.795740000000000114e-01
-1.708899999999999864e+01
2.623507900000000490e-02
