1.174656194474502958e-03
1.510000000000000000e+02
1.015087936470332507e-03
1.720000000000000000e+02
1.068501380639603517e-03
1.730000000000000000e+02
6.348795975590825966e-03
4.100000000000000000e+01
1.289309644812018478e-02
9.200000000000000000e+01
1.288419615475508082e-02
1.300000000000000000e+02
1.288816016421337647e-02
3.500000000000000000e+01
1.173071273561229364e-03
6.300000000000000000e+01
1.218411575786207965e-03
5.700000000000000000e+01
1.999711698898531953e-02
7.000000000000000000e+01
9.058373932485741607e-04
3.400000000000000000e+01
