2.236000000000000000e+03 3.090000000000000000e+02 1.206000000000000000e+03 2.249000000000000000e+03
2.299000000000000000e+03 4.060000000000000000e+02 1.389000000000000000e+03 1.906000000000000000e+03
2.234000000000000000e+03 2.690000000000000000e+02 1.144000000000000000e+03 2.353000000000000000e+03
2.646000000000000000e+03 1.192000000000000000e+03 2.161000000000000000e+03 1.000000000000000000e+00
7.590000000000000000e+02 0.000000000000000000e+00 1.876000000000000000e+03 3.365000000000000000e+03
7.590000000000000000e+02 0.000000000000000000e+00 1.876000000000000000e+03 3.365000000000000000e+03
6.170000000000000000e+02 0.000000000000000000e+00 2.009000000000000000e+03 3.374000000000000000e+03
1.355000000000000000e+03 1.083000000000000000e+03 1.572000000000000000e+03 1.990000000000000000e+03
1.356000000000000000e+03 1.119000000000000000e+03 1.544000000000000000e+03 1.981000000000000000e+03
1.569000000000000000e+03 0.000000000000000000e+00 2.339000000000000000e+03 2.092000000000000000e+03
1.308000000000000000e+03 1.543000000000000000e+03 1.242000000000000000e+03 1.907000000000000000e+03
