1.118346111363711752e-03
1.490000000000000000e+02
1.487177960660231169e-02
1.300000000000000000e+01
1.057373438656315822e-03
1.640000000000000000e+02
4.561106482166852119e-03
7.000000000000000000e+01
1.255870757099309754e-03
2.540000000000000000e+02
7.758334905941632886e-03
9.500000000000000000e+01
6.589294736954793945e-03
4.600000000000000000e+01
2.906724984284649038e-02
2.800000000000000000e+01
1.831492469683566535e-02
5.200000000000000000e+01
2.392198570611928088e-02
6.600000000000000000e+01
