1.500000000000000000e+03 1.500000000000000000e+03 1.500000000000000000e+03 1.500000000000000000e+03
1.356000000000000000e+03 5.450000000000000000e+02 2.085000000000000000e+03 2.014000000000000000e+03
1.528000000000000000e+03 2.056000000000000000e+03 8.980000000000000000e+02 1.518000000000000000e+03
4.202000000000000000e+03 5.820000000000000000e+02 6.350000000000000000e+02 5.810000000000000000e+02
1.091000000000000000e+03 1.039000000000000000e+03 2.822000000000000000e+03 1.048000000000000000e+03
1.990000000000000000e+02 1.927000000000000000e+03 1.210000000000000000e+02 3.753000000000000000e+03
1.979000000000000000e+03 3.442000000000000000e+03 5.770000000000000000e+02 2.000000000000000000e+00
2.341000000000000000e+03 3.080000000000000000e+02 3.870000000000000000e+02 2.964000000000000000e+03
2.698000000000000000e+03 1.269000000000000000e+03 2.031000000000000000e+03 2.000000000000000000e+00
6.800000000000000000e+01 4.221000000000000000e+03 6.370000000000000000e+02 1.074000000000000000e+03
0.000000000000000000e+00 2.531000000000000000e+03 2.224000000000000000e+03 1.245000000000000000e+03
2.930000000000000000e+02 -1.000000000000000000e+00 2.256000000000000000e+03 3.452000000000000000e+03
1.188000000000000000e+03 2.719000000000000000e+03 2.092000000000000000e+03 1.000000000000000000e+00
8.850000000000000000e+02 3.210000000000000000e+03 0.000000000000000000e+00 1.905000000000000000e+03
2.544000000000000000e+03 2.004000000000000000e+03 0.000000000000000000e+00 1.452000000000000000e+03
