-3.287699999999999818e+02
3.989550999999999514e-01
-3.023319999999999936e+02
3.711897759999999158e-01
-3.310919999999999845e+02
3.992355359999999465e-01
-3.130350000000000250e+02
3.525757750000000357e-01
-4.048369999999999891e+02
6.281384309999999971e-01
-3.888940000000000055e+02
6.005227639999999312e-01
-4.233079999999999927e+02
5.639111359999999795e-01
-8.935500000000000398e+01
1.181549750000000093e-01
-3.866709999999999923e+02
4.628347589999999845e-01
-2.998340000000000032e+02
3.218844439999999918e-01
