9.792239381217050873e-04
9.400000000000000000e+01
9.648728258051374618e-04
8.900000000000000000e+01
9.779545669993210382e-04
8.900000000000000000e+01
9.721673500361163213e-04
8.900000000000000000e+01
1.064344944772273273e-03
2.460000000000000000e+02
5.518473596638884433e-03
2.700000000000000000e+01
2.857041505944360460e-03
6.600000000000000000e+01
1.657344097964632071e-02
8.500000000000000000e+01
1.505605803931245497e-02
2.500000000000000000e+01
7.611673039445837445e-03
2.900000000000000000e+01
