9.698298208901525797e-04
1.540000000000000000e+02
3.225190808339272863e-03
9.400000000000000000e+01
7.974618964827635478e-03
5.200000000000000000e+01
1.352397762180558875e-03
1.200000000000000000e+02
2.607045900180022212e-03
2.180000000000000000e+02
4.161019817484877710e-03
1.600000000000000000e+02
6.479018123242345599e-03
1.700000000000000000e+02
5.921063951753622809e-03
3.000000000000000000e+01
1.085771373791506386e-02
1.270000000000000000e+02
1.276183941955977633e-02
1.940000000000000000e+02
1.015950737275078935e-03
9.800000000000000000e+01
