9.583625663819034376e-04
9.700000000000000000e+01
1.543941953467280540e-02
1.700000000000000000e+01
9.663514857399914740e-03
5.300000000000000000e+01
7.274478181665547209e-03
3.300000000000000000e+01
6.729396135170121959e-03
6.900000000000000000e+01
2.039922572510512525e-02
3.200000000000000000e+01
2.053140737871312488e-02
4.200000000000000000e+01
9.637448343491061831e-04
1.350000000000000000e+02
1.969089914415443621e-02
2.300000000000000000e+01
1.360431191064697537e-02
3.300000000000000000e+01
