1.500000000000000000e+03 1.500000000000000000e+03 1.500000000000000000e+03 1.500000000000000000e+03
5.910000000000000000e+02 2.252000000000000000e+03 1.167000000000000000e+03 1.990000000000000000e+03
3.348000000000000000e+03 1.077000000000000000e+03 1.018000000000000000e+03 5.570000000000000000e+02
8.310000000000000000e+02 1.235000000000000000e+03 1.706000000000000000e+03 2.228000000000000000e+03
1.082000000000000000e+03 5.820000000000000000e+02 9.130000000000000000e+02 3.423000000000000000e+03
1.170000000000000000e+03 9.280000000000000000e+02 2.656000000000000000e+03 1.246000000000000000e+03
3.380000000000000000e+02 7.700000000000000000e+02 0.000000000000000000e+00 4.892000000000000000e+03
1.454000000000000000e+03 2.425000000000000000e+03 2.120000000000000000e+03 1.000000000000000000e+00
2.090000000000000000e+03 1.932000000000000000e+03 0.000000000000000000e+00 1.978000000000000000e+03
3.122000000000000000e+03 4.530000000000000000e+02 2.423000000000000000e+03 2.000000000000000000e+00
1.956000000000000000e+03 2.933000000000000000e+03 1.110000000000000000e+03 1.000000000000000000e+00
0.000000000000000000e+00 2.755000000000000000e+03 4.830000000000000000e+02 2.762000000000000000e+03
1.058000000000000000e+03 5.830000000000000000e+02 3.972000000000000000e+03 3.870000000000000000e+02
0.000000000000000000e+00 5.740000000000000000e+02 3.098000000000000000e+03 2.328000000000000000e+03
0.000000000000000000e+00 2.541000000000000000e+03 1.922000000000000000e+03 1.537000000000000000e+03
