1.172346895084198492e-03
2.740000000000000000e+02
1.166646872624209786e-03
2.740000000000000000e+02
1.170566140100382738e-03
7.300000000000000000e+01
1.182031717839301293e-03
7.600000000000000000e+01
9.847692035479585753e-04
4.480000000000000000e+02
1.532044688446657088e-03
5.620000000000000000e+02
1.302918035569002953e-03
1.450000000000000000e+02
1.197393084079716435e-03
9.800000000000000000e+01
1.078008830835936382e-03
3.300000000000000000e+01
8.706727134066517479e-04
4.400000000000000000e+01
1.160180211683398827e-02
5.000000000000000000e+01
