7.600000000000000000e+02 2.410000000000000000e+02 3.190000000000000000e+02 4.680000000000000000e+03
7.580000000000000000e+02 2.410000000000000000e+02 3.210000000000000000e+02 4.680000000000000000e+03
1.272000000000000000e+03 7.130000000000000000e+02 1.412000000000000000e+03 2.603000000000000000e+03
1.274000000000000000e+03 6.720000000000000000e+02 1.437000000000000000e+03 2.617000000000000000e+03
3.400000000000000000e+01 5.260000000000000000e+02 2.795000000000000000e+03 2.645000000000000000e+03
3.090000000000000000e+02 0.000000000000000000e+00 3.507000000000000000e+03 2.184000000000000000e+03
2.240000000000000000e+02 3.970000000000000000e+02 4.030000000000000000e+03 1.349000000000000000e+03
1.276000000000000000e+03 1.137000000000000000e+03 1.927000000000000000e+03 1.660000000000000000e+03
1.336000000000000000e+03 1.212000000000000000e+03 1.784000000000000000e+03 1.668000000000000000e+03
1.383000000000000000e+03 1.122000000000000000e+03 1.814000000000000000e+03 1.681000000000000000e+03
0.000000000000000000e+00 3.024000000000000000e+03 2.908000000000000000e+03 6.800000000000000000e+01
