-4.746700000000000159e+02
5.738831000000000904e-01
-4.755590000000000259e+02
5.786145189999999383e-01
-4.557099999999999795e+01
8.909295900000001323e-02
-4.597899999999999920e+01
9.574055899999998898e-02
-1.242069999999999936e+02
2.338321510000000159e-01
-3.267690000000000055e+02
4.751776389999999295e-01
-3.985129999999999768e+02
6.587398309999998869e-01
-2.053600000000000136e+01
3.318670399999999743e-02
-1.947500000000000142e+01
3.486737500000000600e-02
-2.279700000000000060e+01
3.661779099999999676e-02
-2.728960000000000150e+02
3.966351839999999740e-01
