9.714191319693994426e-04
1.100000000000000000e+02
1.575205502864177390e-02
3.700000000000000000e+01
2.608416206687957581e-02
1.300000000000000000e+01
1.297203238266001358e-03
1.450000000000000000e+02
9.913584634470150488e-04
1.210000000000000000e+02
5.913365629396615843e-03
1.800000000000000000e+02
1.083759706971818004e-03
3.860000000000000000e+02
1.213113381793893934e-02
1.750000000000000000e+02
2.861841733649690689e-02
2.100000000000000000e+01
1.124455279191935789e-02
3.150000000000000000e+02
