1.500000000000000000e+03 1.500000000000000000e+03 1.500000000000000000e+03 1.500000000000000000e+03
8.870000000000000000e+02 2.325000000000000000e+03 2.149000000000000000e+03 6.390000000000000000e+02
1.339000000000000000e+03 2.517000000000000000e+03 8.050000000000000000e+02 1.339000000000000000e+03
1.336000000000000000e+03 8.750000000000000000e+02 2.146000000000000000e+03 1.643000000000000000e+03
2.009000000000000000e+03 1.030000000000000000e+03 1.641000000000000000e+03 1.320000000000000000e+03
3.132000000000000000e+03 5.940000000000000000e+02 5.690000000000000000e+02 1.705000000000000000e+03
1.500000000000000000e+03 1.108000000000000000e+03 3.391000000000000000e+03 1.000000000000000000e+00
2.650000000000000000e+03 1.272000000000000000e+03 2.076000000000000000e+03 2.000000000000000000e+00
1.255000000000000000e+03 4.910000000000000000e+02 1.294000000000000000e+03 2.960000000000000000e+03
3.000000000000000000e+01 2.097000000000000000e+03 6.400000000000000000e+02 3.233000000000000000e+03
4.390000000000000000e+02 0.000000000000000000e+00 2.310000000000000000e+02 5.330000000000000000e+03
2.690000000000000000e+02 2.760000000000000000e+02 3.851000000000000000e+03 1.604000000000000000e+03
1.093000000000000000e+03 0.000000000000000000e+00 2.964000000000000000e+03 1.943000000000000000e+03
2.211000000000000000e+03 1.032000000000000000e+03 0.000000000000000000e+00 2.757000000000000000e+03
8.310000000000000000e+02 2.322000000000000000e+03 0.000000000000000000e+00 2.847000000000000000e+03
