1.231079527564029078e-03
5.900000000000000000e+01
1.141986759029749426e-03
8.300000000000000000e+01
1.151056279539493027e-03
7.800000000000000000e+01
1.144360895212564316e-03
7.600000000000000000e+01
1.165516417664239470e-03
8.100000000000000000e+01
1.147137047023795344e-03
1.080000000000000000e+02
1.170925374169822690e-03
7.400000000000000000e+01
1.154236007764097849e-03
8.200000000000000000e+01
1.158989533365734200e-03
8.100000000000000000e+01
1.077371541894119131e-03
7.900000000000000000e+01
8.910388992330184809e-04
4.900000000000000000e+01
