9.707907658661656461e-04
1.220000000000000000e+02
1.090248383731665192e-03
8.200000000000000000e+01
1.122958414288944802e-03
3.700000000000000000e+01
2.311152517366091980e-02
8.000000000000000000e+01
1.226590382237515786e-03
8.200000000000000000e+01
7.946331199571427363e-04
5.200000000000000000e+01
1.017404613457277129e-03
2.600000000000000000e+01
1.003728634952034699e-03
7.900000000000000000e+01
2.127247144441762536e-02
5.500000000000000000e+01
9.341026412775087651e-04
5.600000000000000000e+01
