9.410000000000000000e+02 1.216000000000000000e+03 1.603000000000000000e+03 2.240000000000000000e+03
1.554000000000000000e+03 6.480000000000000000e+02 1.547000000000000000e+03 2.251000000000000000e+03
1.556000000000000000e+03 6.460000000000000000e+02 1.550000000000000000e+03 2.248000000000000000e+03
1.545000000000000000e+03 6.650000000000000000e+02 1.550000000000000000e+03 2.240000000000000000e+03
1.566000000000000000e+03 6.470000000000000000e+02 1.540000000000000000e+03 2.247000000000000000e+03
1.568000000000000000e+03 6.460000000000000000e+02 1.539000000000000000e+03 2.247000000000000000e+03
1.568000000000000000e+03 6.410000000000000000e+02 1.537000000000000000e+03 2.254000000000000000e+03
1.572000000000000000e+03 6.420000000000000000e+02 1.533000000000000000e+03 2.253000000000000000e+03
1.562000000000000000e+03 6.480000000000000000e+02 1.533000000000000000e+03 2.257000000000000000e+03
1.486000000000000000e+03 6.650000000000000000e+02 1.557000000000000000e+03 2.292000000000000000e+03
1.455000000000000000e+03 9.680000000000000000e+02 1.416000000000000000e+03 2.161000000000000000e+03
