1.500000000000000000e+03 1.500000000000000000e+03 1.500000000000000000e+03 1.500000000000000000e+03 3.910000000000000000e+02 3.610000000000000000e+02 3.140000000000000000e+02 3.540000000000000000e+02
1.171000000000000000e+03 8.620000000000000000e+02 1.119000000000000000e+03 2.848000000000000000e+03 3.330000000000000000e+02 3.490000000000000000e+02 3.420000000000000000e+02 3.840000000000000000e+02
2.021000000000000000e+03 1.924000000000000000e+03 8.690000000000000000e+02 1.186000000000000000e+03 3.230000000000000000e+02 3.530000000000000000e+02 3.380000000000000000e+02 3.310000000000000000e+02
8.370000000000000000e+02 6.640000000000000000e+02 6.880000000000000000e+02 3.811000000000000000e+03 3.350000000000000000e+02 3.630000000000000000e+02 3.520000000000000000e+02 4.040000000000000000e+02
1.750000000000000000e+03 1.542000000000000000e+03 1.678000000000000000e+03 1.030000000000000000e+03 3.170000000000000000e+02 3.450000000000000000e+02 3.340000000000000000e+02 3.420000000000000000e+02
4.010000000000000000e+02 1.823000000000000000e+03 1.538000000000000000e+03 2.238000000000000000e+03 3.560000000000000000e+02 3.570000000000000000e+02 3.340000000000000000e+02 3.630000000000000000e+02
4.490000000000000000e+02 2.435000000000000000e+03 2.472000000000000000e+03 6.440000000000000000e+02 3.460000000000000000e+02 3.560000000000000000e+02 3.400000000000000000e+02 3.630000000000000000e+02
4.960000000000000000e+02 3.703000000000000000e+03 1.289000000000000000e+03 5.120000000000000000e+02 3.450000000000000000e+02 3.560000000000000000e+02 3.390000000000000000e+02 3.630000000000000000e+02
3.009000000000000000e+03 2.599000000000000000e+03 4.500000000000000000e+01 3.470000000000000000e+02 3.450000000000000000e+02 3.560000000000000000e+02 3.400000000000000000e+02 3.630000000000000000e+02
7.500000000000000000e+02 4.516000000000000000e+03 2.350000000000000000e+02 4.990000000000000000e+02 3.450000000000000000e+02 3.560000000000000000e+02 3.400000000000000000e+02 3.630000000000000000e+02
1.811000000000000000e+03 1.563000000000000000e+03 3.400000000000000000e+01 2.592000000000000000e+03 3.450000000000000000e+02 3.560000000000000000e+02 3.400000000000000000e+02 3.630000000000000000e+02
6.310000000000000000e+02 7.240000000000000000e+02 3.113000000000000000e+03 1.532000000000000000e+03 3.400000000000000000e+02 3.560000000000000000e+02 3.400000000000000000e+02 3.630000000000000000e+02
9.300000000000000000e+01 3.113000000000000000e+03 4.590000000000000000e+02 2.335000000000000000e+03 3.450000000000000000e+02 3.560000000000000000e+02 3.400000000000000000e+02 3.630000000000000000e+02
3.729000000000000000e+03 4.410000000000000000e+02 1.483000000000000000e+03 3.470000000000000000e+02 3.460000000000000000e+02 3.560000000000000000e+02 3.400000000000000000e+02 3.630000000000000000e+02
1.293000000000000000e+03 6.980000000000000000e+02 1.758000000000000000e+03 2.251000000000000000e+03 3.590000000000000000e+02 3.580000000000000000e+02 3.330000000000000000e+02 3.620000000000000000e+02
