1.427000000000000000e+03 2.766000000000000000e+03 6.430000000000000000e+02 1.164000000000000000e+03
1.423000000000000000e+03 2.771000000000000000e+03 6.220000000000000000e+02 1.184000000000000000e+03
1.772000000000000000e+03 2.504000000000000000e+03 0.000000000000000000e+00 1.724000000000000000e+03
1.773000000000000000e+03 2.503000000000000000e+03 0.000000000000000000e+00 1.724000000000000000e+03
1.489000000000000000e+03 2.250000000000000000e+03 7.800000000000000000e+02 1.481000000000000000e+03
0.000000000000000000e+00 2.436000000000000000e+03 5.180000000000000000e+02 3.046000000000000000e+03
1.976000000000000000e+03 5.270000000000000000e+02 0.000000000000000000e+00 3.497000000000000000e+03
2.891000000000000000e+03 2.767000000000000000e+03 3.410000000000000000e+02 1.000000000000000000e+00
1.229000000000000000e+03 1.321000000000000000e+03 1.486000000000000000e+03 1.964000000000000000e+03
1.229000000000000000e+03 1.321000000000000000e+03 1.485000000000000000e+03 1.965000000000000000e+03
1.209000000000000000e+03 1.330000000000000000e+03 1.517000000000000000e+03 1.944000000000000000e+03
