-8.455100000000000193e+01
1.067933990000000111e-01
-8.450900000000000034e+01
1.039739189999999980e-01
-4.050720000000000027e+02
5.493988160000001786e-01
-4.053639999999999759e+02
5.671995039999999655e-01
-6.144400000000000261e+01
8.125686400000001197e-02
-2.670950000000000273e+02
3.694639750000000000e-01
-6.130750000000000455e+02
9.906593750000000087e-01
-3.657160000000000082e+02
4.521913439999999396e-01
-1.401200000000000045e+01
2.398785600000000184e-02
-1.409200000000000053e+01
2.465953599999999926e-02
-1.439700000000000024e+01
2.485739100000000298e-02
