1.191269627674274544e-03
2.000000000000000000e+02
1.187697832603160824e-03
1.940000000000000000e+02
5.087751135853095866e-03
4.930000000000000000e+02
4.886459934021436698e-03
5.490000000000000000e+02
9.407467395242649676e-04
6.000000000000000000e+01
1.385351679383938807e-02
3.400000000000000000e+01
7.085819456966764920e-03
1.900000000000000000e+02
5.314300274488219927e-02
1.200000000000000000e+01
8.976441540921083900e-04
4.600000000000000000e+01
8.852976561822738320e-04
3.700000000000000000e+01
9.016735583729556993e-04
3.700000000000000000e+01
