1.500000000000000000e+03 1.500000000000000000e+03 1.500000000000000000e+03 1.500000000000000000e+03
1.803000000000000000e+03 1.327000000000000000e+03 1.623000000000000000e+03 1.247000000000000000e+03
7.530000000000000000e+02 1.738000000000000000e+03 2.215000000000000000e+03 1.294000000000000000e+03
2.893000000000000000e+03 1.107000000000000000e+03 1.314000000000000000e+03 6.860000000000000000e+02
1.219000000000000000e+03 1.376000000000000000e+03 7.980000000000000000e+02 2.607000000000000000e+03
1.170000000000000000e+02 0.000000000000000000e+00 1.835000000000000000e+03 4.048000000000000000e+03
7.170000000000000000e+02 3.654000000000000000e+03 7.100000000000000000e+02 9.190000000000000000e+02
4.403000000000000000e+03 0.000000000000000000e+00 1.193000000000000000e+03 4.040000000000000000e+02
1.384000000000000000e+03 0.000000000000000000e+00 2.958000000000000000e+03 1.658000000000000000e+03
1.697000000000000000e+03 2.665000000000000000e+03 1.636000000000000000e+03 2.000000000000000000e+00
6.580000000000000000e+02 2.579000000000000000e+03 0.000000000000000000e+00 2.763000000000000000e+03
2.118000000000000000e+03 0.000000000000000000e+00 3.620000000000000000e+02 3.520000000000000000e+03
2.268000000000000000e+03 2.517000000000000000e+03 0.000000000000000000e+00 1.215000000000000000e+03
7.320000000000000000e+02 4.470000000000000000e+03 7.970000000000000000e+02 1.000000000000000000e+00
0.000000000000000000e+00 3.152000000000000000e+03 2.643000000000000000e+03 2.050000000000000000e+02
