-3.629099999999999682e+01
5.272231900000001054e-02
-4.498260000000000218e+02
6.963217239999999197e-01
-3.018799999999999955e+02
3.512095999999999552e-01
-4.420960000000000036e+02
6.504267839999999801e-01
-5.679170000000000300e+02
7.635061109999999873e-01
-4.458220000000000027e+02
6.086703159999999890e-01
-4.435240000000000009e+02
6.613134239999998165e-01
-4.429279999999999973e+02
6.432048159999999015e-01
-4.089470000000000027e+02
6.027301910000000262e-01
-3.818319999999999936e+02
5.044957760000000624e-01
-2.800600000000000023e+01
4.539996399999999405e-02
