9.363644693195910789e-04
1.080000000000000000e+02
1.096491420434933355e-02
6.300000000000000000e+01
9.894060542710427040e-04
1.120000000000000000e+02
1.087800473129663277e-02
1.280000000000000000e+02
2.664634003624329756e-02
1.500000000000000000e+01
1.274733705208396829e-02
1.650000000000000000e+02
1.257286005912831156e-02
2.110000000000000000e+02
1.255780437118660456e-02
1.620000000000000000e+02
8.714135399369533561e-03
2.020000000000000000e+02
7.381306321205842978e-03
3.060000000000000000e+02
9.719923538799966770e-04
1.260000000000000000e+02
