9.923280767103357866e-04
1.080000000000000000e+02
1.230540378170868121e-03
9.900000000000000000e+01
2.431052370610183120e-03
6.900000000000000000e+01
2.246030550938683552e-03
6.700000000000000000e+01
9.832421920326578444e-04
3.900000000000000000e+02
1.028166606142408464e-03
2.130000000000000000e+02
4.960058171963169227e-03
3.200000000000000000e+01
4.318619048242007541e-02
1.300000000000000000e+01
1.003082721897822311e-03
1.110000000000000000e+02
1.589011917984854694e-02
1.600000000000000000e+01
9.686394105313311320e-04
7.200000000000000000e+01
