1.917000000000000000e+03 3.450000000000000000e+02 1.734000000000000000e+03 2.004000000000000000e+03
7.490000000000000000e+02 1.571000000000000000e+03 3.301000000000000000e+03 3.790000000000000000e+02
1.010000000000000000e+03 1.978000000000000000e+03 3.011000000000000000e+03 1.000000000000000000e+00
4.774000000000000000e+03 4.940000000000000000e+02 7.310000000000000000e+02 1.000000000000000000e+00
0.000000000000000000e+00 2.346000000000000000e+03 1.766000000000000000e+03 1.888000000000000000e+03
6.620000000000000000e+02 4.468000000000000000e+03 2.570000000000000000e+02 6.130000000000000000e+02
5.310000000000000000e+02 3.404000000000000000e+03 0.000000000000000000e+00 2.065000000000000000e+03
1.408000000000000000e+03 1.500000000000000000e+03 1.668000000000000000e+03 1.424000000000000000e+03
0.000000000000000000e+00 1.864000000000000000e+03 2.498000000000000000e+03 1.638000000000000000e+03
1.451000000000000000e+03 1.632000000000000000e+03 1.652000000000000000e+03 1.265000000000000000e+03
0.000000000000000000e+00 1.865000000000000000e+03 2.495000000000000000e+03 1.640000000000000000e+03
