1.244955708602499007e-03
2.160000000000000000e+02
9.769053147080039318e-04
1.190000000000000000e+02
5.637235488611620771e-03
3.100000000000000000e+01
2.337246825729115060e-02
1.800000000000000000e+01
8.564145054312482033e-03
1.230000000000000000e+02
1.358257943369076733e-03
1.990000000000000000e+02
9.793780652341595866e-03
3.900000000000000000e+01
1.722451657490717313e-03
3.300000000000000000e+01
9.618163998459822520e-03
1.340000000000000000e+02
1.735229328907041168e-03
3.400000000000000000e+01
1.014667028848799737e-02
1.540000000000000000e+02
