2.687280878607051487e-03
1.630000000000000000e+02
1.069461165752948108e-03
2.580000000000000000e+02
3.558099777436041916e-02
1.200000000000000000e+01
4.935022227017238361e-02
4.700000000000000000e+01
1.077566395306209408e-02
4.600000000000000000e+01
1.075193315699416374e-03
1.490000000000000000e+02
1.209952823756805899e-02
5.600000000000000000e+01
6.640160257405894328e-02
2.100000000000000000e+01
4.009783341097670345e-03
1.070000000000000000e+02
1.837162976184248536e-02
9.200000000000000000e+01
