1.500000000000000000e+03 1.500000000000000000e+03 1.500000000000000000e+03 1.500000000000000000e+03
8.040000000000000000e+02 1.609000000000000000e+03 2.155000000000000000e+03 1.432000000000000000e+03
1.599000000000000000e+03 2.215000000000000000e+03 1.434000000000000000e+03 7.520000000000000000e+02
6.380000000000000000e+02 1.035000000000000000e+03 8.350000000000000000e+02 3.492000000000000000e+03
2.543000000000000000e+03 1.597000000000000000e+03 7.140000000000000000e+02 1.146000000000000000e+03
4.670000000000000000e+02 0.000000000000000000e+00 2.028000000000000000e+03 3.505000000000000000e+03
3.083000000000000000e+03 3.040000000000000000e+02 2.094000000000000000e+03 5.190000000000000000e+02
2.326000000000000000e+03 6.690000000000000000e+02 0.000000000000000000e+00 3.005000000000000000e+03
1.596000000000000000e+03 2.137000000000000000e+03 2.266000000000000000e+03 1.000000000000000000e+00
0.000000000000000000e+00 2.362000000000000000e+03 1.615000000000000000e+03 2.023000000000000000e+03
6.550000000000000000e+02 1.113000000000000000e+03 3.336000000000000000e+03 8.960000000000000000e+02
2.277000000000000000e+03 0.000000000000000000e+00 1.352000000000000000e+03 2.371000000000000000e+03
2.014000000000000000e+03 2.926000000000000000e+03 1.059000000000000000e+03 1.000000000000000000e+00
2.390000000000000000e+02 3.406000000000000000e+03 0.000000000000000000e+00 2.355000000000000000e+03
0.000000000000000000e+00 3.662000000000000000e+03 9.490000000000000000e+02 1.389000000000000000e+03
