3.466490284515302833e-05
6.000000000000000000e+00
1.817984998508936911e-05
4.000000000000000000e+00
5.914069499781029471e-01
2.000000000000000000e+00
2.880244288072653092e-05
5.000000000000000000e+00
3.978430867984691748e-04
4.000000000000000000e+00
3.625655170491626222e-05
5.000000000000000000e+00
1.569686811064840981e-05
4.000000000000000000e+00
1.207583618015872773e-04
6.000000000000000000e+00
4.276708319127797697e-04
6.000000000000000000e+00
1.021917301853858540e-04
4.000000000000000000e+00
2.445110041304765502e-05
5.000000000000000000e+00
4.929989016111413491e-05
5.000000000000000000e+00
2.749826804304689176e-05
5.000000000000000000e+00
1.527414745416955100e-05
6.000000000000000000e+00
1.859233974426111047e-04
6.000000000000000000e+00
4.520582759517555171e-03
4.000000000000000000e+00
5.522569548713218701e-05
7.000000000000000000e+00
9.083350808234205709e-05
5.000000000000000000e+00
4.685444473049527048e-03
7.000000000000000000e+00
3.136048568354171673e-04
6.000000000000000000e+00
4.516891971055932153e-03
3.000000000000000000e+00
4.814672308303680204e-04
6.000000000000000000e+00
4.586101328118985521e-05
5.000000000000000000e+00
2.810965363977402376e-04
6.000000000000000000e+00
5.004655462045426439e-03
6.000000000000000000e+00
8.525342457837981058e-05
5.000000000000000000e+00
5.648309681931529269e-04
6.000000000000000000e+00
7.854864791787749545e-04
8.000000000000000000e+00
8.227344547989505485e-05
5.000000000000000000e+00
2.722079354350592784e-04
6.000000000000000000e+00
4.779242725036492168e-05
6.000000000000000000e+00
3.786023619545275665e-05
5.000000000000000000e+00
5.072124835784567326e-05
7.000000000000000000e+00
6.818429182936514010e-05
7.000000000000000000e+00
1.286565067540879070e-04
4.000000000000000000e+00
3.899679157814042729e-03
7.000000000000000000e+00
3.404246729391707804e-01
2.000000000000000000e+00
1.670345550662311052e-03
6.000000000000000000e+00
6.091082239711997914e-05
5.000000000000000000e+00
4.703650168536022136e-05
4.000000000000000000e+00
4.588436765184944477e-04
3.000000000000000000e+00
4.500221231482921802e-03
5.000000000000000000e+00
3.951996868490237347e-03
7.000000000000000000e+00
8.933167358713516026e-04
6.000000000000000000e+00
2.319909816220081314e-05
4.000000000000000000e+00
1.687297669947240841e-04
7.000000000000000000e+00
3.667941027543752952e-03
7.000000000000000000e+00
3.344020991941747123e-03
6.000000000000000000e+00
7.144051779472797292e-05
6.000000000000000000e+00
3.841963959529404171e-04
5.000000000000000000e+00
1.152810687381489174e-04
5.000000000000000000e+00
7.339837628240128420e-04
6.000000000000000000e+00
3.025433036044078428e-04
3.000000000000000000e+00
7.890017588089992540e-05
5.000000000000000000e+00
2.301295299169114905e-04
5.000000000000000000e+00
5.277215403831969631e-03
3.000000000000000000e+00
4.616669121308557278e-03
5.000000000000000000e+00
1.003669820776417754e-03
5.000000000000000000e+00
4.585150904557355744e-03
4.000000000000000000e+00
2.581413212943275276e-03
6.000000000000000000e+00
1.285312158119272276e-04
4.000000000000000000e+00
5.364409494933858324e-05
6.000000000000000000e+00
5.821684775386692934e-05
5.000000000000000000e+00
3.876840455058205848e-05
5.000000000000000000e+00
4.413633011991324739e-03
7.000000000000000000e+00
4.216441906785040744e-03
5.000000000000000000e+00
2.140061665834025462e-05
4.000000000000000000e+00
6.222256763933203816e-06
4.000000000000000000e+00
1.585312515001886802e-04
5.000000000000000000e+00
3.822094572969305520e-03
5.000000000000000000e+00
1.191874482142640801e-05
9.000000000000000000e+00
2.241297792269711375e-05
5.000000000000000000e+00
8.760575640663795793e-01
3.000000000000000000e+00
4.200531353814873636e-03
3.000000000000000000e+00
1.895073011665276974e-03
4.000000000000000000e+00
1.566999925375553437e-05
7.000000000000000000e+00
1.047048222970470288e-04
3.000000000000000000e+00
1.648064013332783961e-03
5.000000000000000000e+00
2.071171651818470849e-05
6.000000000000000000e+00
1.355056629377335287e-05
7.000000000000000000e+00
4.374597974972749270e-03
5.000000000000000000e+00
3.739701892506728902e-03
6.000000000000000000e+00
3.179877592387470031e-04
3.000000000000000000e+00
2.146752380595834397e-04
3.000000000000000000e+00
1.757144199048127353e-04
6.000000000000000000e+00
1.081497646922618613e-04
5.000000000000000000e+00
4.439547452404490890e-03
4.000000000000000000e+00
2.648242347982887601e-06
6.000000000000000000e+00
1.258276631134400469e+00
2.000000000000000000e+00
7.531962161140548506e-06
4.000000000000000000e+00
1.414286051130281274e-05
4.000000000000000000e+00
4.023180995563233747e-03
5.000000000000000000e+00
6.197814681023483541e-07
6.000000000000000000e+00
4.558745191075158631e-05
5.000000000000000000e+00
4.200538270771048133e-06
7.000000000000000000e+00
1.783190404568146814e-04
4.000000000000000000e+00
4.066896523025054222e-05
4.000000000000000000e+00
1.519611061846781741e-05
5.000000000000000000e+00
4.400217185682175902e-05
5.000000000000000000e+00
4.723516836416197240e-03
3.000000000000000000e+00
2.701504311766744770e-06
6.000000000000000000e+00
