9.021797557475302811e-05
1.000000000000000000e+01
5.644354453274201891e-06
5.000000000000000000e+00
1.475912241182179927e-04
4.000000000000000000e+00
6.172978449610214483e-06
8.000000000000000000e+00
1.267445376185560423e-04
8.000000000000000000e+00
6.732747178241924122e-04
4.000000000000000000e+00
8.297699576571764359e-05
6.000000000000000000e+00
1.030755381970903210e-03
3.000000000000000000e+00
1.032815644111230793e-04
7.000000000000000000e+00
3.766056223132746052e-04
1.000000000000000000e+00
5.632978939165093207e-05
4.000000000000000000e+00
2.539989141879474190e-05
5.000000000000000000e+00
2.482467456368284663e-04
3.000000000000000000e+00
4.358589437635418309e-05
6.000000000000000000e+00
1.010402893119713473e-04
5.000000000000000000e+00
5.451289831227689332e-04
3.000000000000000000e+00
2.652705214458801405e-04
5.000000000000000000e+00
8.176899678815209398e-05
3.000000000000000000e+00
2.119052609845962912e-04
1.000000000000000000e+00
1.148617733845642454e-05
5.000000000000000000e+00
2.579105731680977030e-05
8.000000000000000000e+00
4.327283103715315977e-04
4.000000000000000000e+00
5.447501485523948729e-04
5.000000000000000000e+00
1.441538684701708329e-04
5.000000000000000000e+00
1.207556666309436347e-04
5.000000000000000000e+00
2.157056809949805219e-05
5.000000000000000000e+00
3.900249723485025959e-04
1.000000000000000000e+00
8.385704903143950586e-05
5.000000000000000000e+00
5.056997010446630464e-05
6.000000000000000000e+00
1.341745739479144025e-04
3.000000000000000000e+00
5.109972738447442035e-04
3.000000000000000000e+00
2.516750915256410481e-04
7.000000000000000000e+00
3.791511644753051092e-04
1.000000000000000000e+00
4.982929856632171755e-04
1.000000000000000000e+00
6.036920289290278671e-05
6.000000000000000000e+00
7.623116783409358312e-05
5.000000000000000000e+00
5.209427615673152198e-04
4.000000000000000000e+00
6.027469995579552101e-04
3.000000000000000000e+00
4.855701965863912640e-04
5.000000000000000000e+00
4.306465383242070663e-05
4.000000000000000000e+00
1.708065315435939886e-04
5.000000000000000000e+00
4.053967110545885605e-05
6.000000000000000000e+00
1.542289916154635301e-04
5.000000000000000000e+00
6.091841345379043907e-04
1.000000000000000000e+00
4.635020534047086559e-05
7.000000000000000000e+00
1.398273606024940741e-04
4.000000000000000000e+00
1.686273653057560734e-04
5.000000000000000000e+00
9.298176824624451633e-05
4.000000000000000000e+00
1.621427052872992597e-04
6.000000000000000000e+00
3.119126789518786508e-05
1.000000000000000000e+01
5.007711204982399737e-05
6.000000000000000000e+00
2.392830636519985407e-04
7.000000000000000000e+00
6.298229059536581634e-04
3.000000000000000000e+00
6.691887674330518170e-04
3.000000000000000000e+00
2.748265352761707059e-04
5.000000000000000000e+00
4.713363297720611546e-05
5.000000000000000000e+00
6.167229325885054114e-06
4.000000000000000000e+00
2.174032677543083546e-04
1.000000000000000000e+00
5.602934235535587731e-04
6.000000000000000000e+00
3.674253598468322363e-04
4.000000000000000000e+00
8.945080553441855280e-05
7.000000000000000000e+00
1.789023221114268217e-04
5.000000000000000000e+00
4.683656780903336586e-04
6.000000000000000000e+00
5.309999239184939602e-05
5.000000000000000000e+00
4.626188390096378964e-04
7.000000000000000000e+00
1.469703989994502540e-05
1.000000000000000000e+00
4.346440002026631709e-05
4.000000000000000000e+00
9.893350359611336343e-04
1.000000000000000000e+00
7.820283255126385868e-05
1.000000000000000000e+00
3.019889169368174860e-04
4.000000000000000000e+00
4.352586351767944069e-05
5.000000000000000000e+00
3.205344486991443861e-05
6.000000000000000000e+00
1.272408557999112782e-04
1.000000000000000000e+00
1.578289111053648129e-05
6.000000000000000000e+00
1.902841729949879734e-04
1.000000000000000000e+00
1.341305135202958305e-04
4.000000000000000000e+00
6.755322045439369294e-06
1.000000000000000000e+00
1.089284513921630121e-04
5.000000000000000000e+00
9.488792985822578646e-07
1.000000000000000000e+00
8.690641746752526819e-07
5.000000000000000000e+00
1.817524031797351448e-10
1.000000000000000000e+00
8.003785430145181401e-70
1.000000000000000000e+00
8.371138125905935607e-05
1.000000000000000000e+00
1.496072417212062895e-04
1.000000000000000000e+00
2.987481637049908841e-50
1.000000000000000000e+00
4.699909805135282580e-06
1.000000000000000000e+00
1.546623108317517399e-04
1.000000000000000000e+00
3.239065656580763673e-04
1.000000000000000000e+00
6.692472480922013892e-04
1.000000000000000000e+00
1.769354175205307077e-05
1.000000000000000000e+00
1.188452403187514589e-05
1.000000000000000000e+00
3.394919274881411184e-06
4.000000000000000000e+00
1.918384591816901786e-11
1.000000000000000000e+00
2.834466117330383023e-07
1.000000000000000000e+00
3.193640851703568109e-04
4.000000000000000000e+00
4.013448654142320144e-04
4.000000000000000000e+00
1.312235615001680579e-04
5.000000000000000000e+00
2.473533764915925557e-05
1.000000000000000000e+00
4.251794421292607500e-04
6.000000000000000000e+00
1.661231426711270911e-05
5.000000000000000000e+00
