2.919410548386441562e+01
9.207953280903544169e+01
3.613439047652347824e+01
1.495839288431239140e+02
1.047171552481923895e-01
1.987024070680243337e-01
1.228269974490976413e+00
2.562329935818725146e-01
3.120332032677743882e+03
2.027869601777926967e+00
1.063088822879734163e-01
8.388498151489681698e-01
4.327183004745298323e-02
1.252872888617968972e+00
2.358513946151505059e-01
5.165302440590762156e-01
5.418904089915858036e-01
2.620372763767468971e-01
5.968449061279460510e-01
3.557180012955275528e-01
1.075842185336188805e-01
1.084313978287699154e+00
3.508337479708509982e-02
1.353725539917297604e-01
1.705102412588422600e-01
1.237812663737901386e-01
5.921300445282529523e+01
1.121269416359363669e-01
1.475960425101467344e+01
1.653198510711693658e-01
1.041104708039743143e-01
9.371978646130685320e-02
4.816381142078645650e-01
1.558492585911701034e-01
5.727741335382710020e+00
1.817937181713168981e-01
1.025539948273120316e+01
2.222149474509874101e-01
3.245311059346417948e-01
5.990961062877074583e-02
5.040768783537478148e-01
3.330494213331546827e-01
5.791557306010507489e+01
8.229172709057047674e-01
1.716143698051800504e-01
4.173729673100082249e-01
2.059033913847443942e-01
1.017961792357891665e-01
8.243551870811989535e-02
2.951269052881166921e-02
3.355727976770124799e-01
3.545255295786621907e+00
3.391739349731927033e-01
4.483540272401657090e-01
1.701704386066305030e-01
1.133453805468921799e-01
2.288731862017323593e-01
8.443916137776916186e-02
1.486539738245462872e-01
3.815655031063202030e-01
1.911520200010346504e-01
1.025576922791040957e+00
8.360324575230568822e-01
1.458663047286433076e-02
4.007096426751449725e-01
1.408087277454009190e+00
1.689001004405741302e-01
6.735572870432324066e+01
3.998671433520651908e-01
7.357937281306233146e+00
9.858141179605210691e-02
4.138341829694387286e+01
7.083143781680215079e-02
1.663808234682450760e+01
2.620278263933296659e-01
2.787986417616340695e+00
3.619539695397578916e-01
3.987050773853087371e+00
3.319226909943571968e+01
2.499252203536318773e-01
7.040419326907987330e-02
3.152878266390889972e-01
3.534224303135832246e-01
4.626035267213209679e+00
2.892563536594467410e-01
8.772645572037340855e-02
4.251806728935388913e-01
1.495291381883718240e-01
3.722422279398489020e-01
1.468133018995314842e-01
3.127471690111594427e+00
2.494169817374575437e+00
5.109455689567916903e-02
1.940220094955427688e-01
4.272766740562985177e+01
5.445694291222728189e+00
2.612290161002420869e-02
2.120553169197260335e+00
2.030677188275251122e-01
1.055564791496401256e+01
5.107100859237219403e-02
1.885321730429069531e-01
8.932343728205781375e+00
9.625318994539743045e+00
4.591484173438778460e-02
6.806274692794890557e-02
6.827091520384707957e-02
1.402397098457764724e+00
3.252942843830561315e-01
6.330639739743933181e-02
