-1.668040973461563103e+00
2.224393837064258861e+00
-1.759685067963441485e+00
2.511665447627529524e+00
-6.953286723102536371e-02
6.704631774158742452e-01
1.595447138881893601e+00
1.105079272376592314e-01
-1.219196990542668280e+00
-1.873672628032490239e+00
-2.236509653044069512e-01
6.066990850102518262e-01
-6.187937807985013916e-02
6.032989868634042185e-01
5.223265454422864051e-01
4.807218451059440678e-01
4.724289657873496084e-01
4.787393750875815202e-01
1.005167225783502483e+00
4.974648955404816775e-01
4.950444756554615577e-01
1.075326198136987932e+00
4.706723411973318671e-01
-5.668557371740594597e-01
-5.142639475391865833e-01
1.417687326389745379e-02
5.927242521399216368e-01
1.766362132503545082e-02
-9.800493317375353897e-01
-4.817629638809463599e-01
1.936242678674260018e-02
6.849133473865422206e-02
6.242799150415681009e-01
6.334567052026833789e-01
1.344026134911260106e+00
2.891052314828387870e-02
-1.377491423107513935e+00
4.928706487037977368e-02
-4.255277739312410268e-01
4.298200433187521902e-02
5.824843503670865674e-01
2.502073234834233800e-02
-1.300943309896702926e+00
-9.653377573383750132e-01
1.894553447405581542e-02
5.644038626537863923e-01
5.538096204275808621e-01
1.703400590912407427e-03
5.602501669623216607e-01
-5.526794924807131720e-02
4.579191518090702240e-01
1.031694356423890513e+00
-9.380157019489836212e-02
-5.053263476875908822e-01
1.026707890647435839e+00
-1.274425234280286978e-01
-1.023492651279159782e-01
4.663058916197682646e-01
-7.140476352598991161e-01
4.246168379611645061e-01
4.179607867381148756e-01
9.290748472461232144e-01
4.070029931151217806e-01
-1.595087609767844306e-01
5.029986736654630253e-01
1.083254167294747328e+00
-5.769283296015109697e-02
-1.083791235290005428e+00
5.037848643437700114e-01
5.028295548916302815e-01
-5.876194469588984226e-02
4.953949767168835394e-01
-6.189067184205717526e-02
-5.162357651247125867e-01
5.014743579386117256e-01
-1.128970516306835981e+00
4.994112679400714572e-01
9.810517666823059812e-01
-1.085131653327819912e+00
4.976824868527089940e-01
4.941797576887103638e-01
4.821658989399902340e-01
8.805984621758029540e-01
4.874562832018945469e-01
1.045811001125698247e+00
4.869517666103048148e-01
7.656992233548600701e-01
-6.104350009338946337e-02
-1.070614332988017781e+00
4.945173845518630595e-01
1.789593438369713851e+00
-1.608399139405126022e+00
-6.112241305357368759e-02
-4.875662599198431479e-01
-1.901254301069948971e+00
-1.041293890192679816e+00
-5.519346965671614313e-01
1.015678592933370261e+00
4.809528972117114165e-01
1.233857602426644107e+00
1.539894763291076885e+00
4.825613413532448548e-01
1.790781552603456284e+00
1.732601880285323581e+00
-8.222599066154565040e-02
-1.033532256278708317e-01
4.620392496186131459e-01
-1.177669093711477766e+00
4.735162149893299977e-01
4.742962767669495761e-01
