-1.320025521247101041e+00
-2.642992922543969225e+00
-1.511931301454724430e+00
-3.474158037044069225e+00
7.089014187407116641e-01
1.356134661438338218e-01
-2.566454235416134377e+00
5.773823154115081957e-01
7.154986838076767697e+01
-3.810784073514055681e+00
-8.429519771710415332e-01
6.644927870807024739e-01
1.462247375057978416e-01
-2.536594974888292775e+00
-1.189416047963959555e-01
-5.383292441832399251e-03
3.497973380900204488e-01
-2.638168082241644785e-01
-2.456219292774149743e+00
-6.772501162491085039e-03
-3.130636261763050099e-01
-2.270659365976720245e+00
9.227636700425716487e-01
-4.294669445260385632e-01
3.008351804070471536e-01
2.967872023827277661e-01
8.662039965311143064e+00
2.029842407607180821e-01
3.619825542916958572e+00
-1.477112714483256040e-01
-7.097230188204580736e-01
1.605643022473712822e-01
6.250645708208191209e-01
-1.211086616798572990e+00
-1.857110122711325584e+00
-6.700701971162420501e-01
-4.891999999234534435e+00
4.532438545541866981e-01
-3.700887260347192342e-02
3.789537939724665350e-01
-8.783979192179576234e-01
3.762037081878418787e-01
7.369467475399197554e+00
-9.354243850230148372e-01
4.570975503667238371e-01
-7.762292120790778016e-01
-1.780451643935874184e-01
-2.172856912015478092e-01
-1.539851889385835948e+00
4.805250137209873817e-01
1.834412605526676010e-01
1.697932053334941516e-01
-1.629305848543892987e-01
-9.649435431753733416e-01
-7.934981915812324704e-01
-6.020924249524279848e-01
-6.713219218473990280e-01
-8.901431243313606689e-01
1.230732956836659009e-01
-4.560023411382297942e-01
-3.359409274331466300e-01
-6.819848558579908460e-01
-2.852900279275024431e+00
-9.103222735593258230e-01
-2.628593301952240058e-01
-6.323619929271755424e-01
-3.869771678193160147e-01
1.066922747858244058e+01
-3.937793384434805644e-01
-3.471615846051572252e+00
2.687713853796570573e-01
7.860913531213685523e+00
-5.170276331981824569e-01
2.603856262154736978e+00
-5.110400895043186731e-01
-6.613170920560709209e-01
-4.725089357037959847e-01
3.034902230199552631e-01
-9.771079602506297590e+00
-5.502365663381444394e-01
-6.145725801563427515e-01
3.779262278436566480e-01
-8.544443649812409891e-01
-3.443362867212106604e+00
-1.234229183230688642e+00
9.399618389744179847e-02
-2.696353538634975733e-01
4.986119323928311364e-01
-1.964601929417125969e+00
-3.030867221090738362e-02
-3.288780602948963239e+00
-9.543238383937293623e-01
-7.710822527895939971e-02
3.402971194942719935e-01
-1.238888447470398546e+01
3.560679097986132913e+00
-1.135196737977526737e+00
2.993900028172665762e-01
3.328152567216863811e-01
-2.759391450071282392e+00
-2.203967514030890307e+00
-2.066330033302248848e-01
-3.739352216488631253e+00
-1.078323574579328037e+00
6.940321012062768968e-01
-3.033582869999112974e-01
2.465770089953262523e-01
-3.417611602099863255e+00
1.827697528846693176e-01
-1.454878358940830285e+00
