1.812132859878457306e-02
1.300000000000000000e+01
4.792903704505111417e-04
8.000000000000000000e+00
1.526767615618401146e-03
6.000000000000000000e+00
4.464040854365122117e-04
5.700000000000000000e+01
3.643746889427079520e-03
6.000000000000000000e+00
4.766975183402768351e-03
7.000000000000000000e+00
4.417841864023019406e-03
1.000000000000000000e+01
1.425871804782553529e-02
4.000000000000000000e+00
8.037225157868612552e-03
8.000000000000000000e+00
3.792274286518874699e-04
1.800000000000000000e+01
