5.707175301561385333e-03
6.000000000000000000e+00
2.432725148499047599e-02
1.100000000000000000e+01
2.447779388139609547e-01
1.000000000000000000e+01
2.198528379111890640e-01
9.000000000000000000e+00
1.876899517119312855e-01
8.000000000000000000e+00
1.687004601908106971e-01
1.800000000000000000e+01
9.582403199638578339e-02
1.100000000000000000e+01
1.241541928952104995e-01
1.800000000000000000e+01
1.251535915344535455e-01
1.200000000000000000e+01
4.923992331864689986e-01
3.600000000000000000e+01
5.614249741453321008e-01
1.600000000000000000e+01
