-2.176620000000000061e+02
3.326817560000000507e-01
-3.348360000000000127e+02
5.373511040000000794e-01
-2.829549999999999841e+02
4.107849749999999966e-01
-2.848929999999999723e+02
4.519015509999999569e-01
-7.494599999999999795e+01
1.332270839999999956e-01
-3.857600000000000051e+01
7.282022400000000284e-02
-3.650399999999999778e+01
6.636598400000000286e-02
-3.768699999999999761e+01
7.080903099999999450e-02
-2.128699999999999903e+01
3.060663099999999526e-02
-2.131899999999999906e+01
3.456323900000000254e-02
-2.095499999999999829e+01
3.530697500000000433e-02
