1.020488828580280944e-03
4.400000000000000000e+01
1.773677673540900029e-02
1.900000000000000000e+01
5.677622022935984065e-03
1.300000000000000000e+01
1.121547507519882105e-03
3.700000000000000000e+01
1.169703297788178683e-03
1.210000000000000000e+02
1.024800039753069516e-03
6.800000000000000000e+01
3.992042561488431257e-02
6.400000000000000000e+01
1.250988048932099878e-03
8.800000000000000000e+01
4.767365398600104109e-02
9.000000000000000000e+00
1.143881263470889658e-03
5.600000000000000000e+01
