8.120000000000000000e+02 1.137000000000000000e+03 5.750000000000000000e+02 3.476000000000000000e+03
5.970000000000000000e+02 7.500000000000000000e+01 1.356000000000000000e+03 3.972000000000000000e+03
1.303000000000000000e+03 3.110000000000000000e+02 6.600000000000000000e+02 3.726000000000000000e+03
1.305000000000000000e+03 3.080000000000000000e+02 6.600000000000000000e+02 3.727000000000000000e+03
6.170000000000000000e+02 5.240000000000000000e+02 2.702000000000000000e+03 2.157000000000000000e+03
6.020000000000000000e+02 8.360000000000000000e+02 2.331000000000000000e+03 2.231000000000000000e+03
6.140000000000000000e+02 8.590000000000000000e+02 2.319000000000000000e+03 2.208000000000000000e+03
6.110000000000000000e+02 8.470000000000000000e+02 2.324000000000000000e+03 2.218000000000000000e+03
9.040000000000000000e+02 1.148000000000000000e+03 2.027000000000000000e+03 1.921000000000000000e+03
8.980000000000000000e+02 1.147000000000000000e+03 2.031000000000000000e+03 1.924000000000000000e+03
8.990000000000000000e+02 1.135000000000000000e+03 2.042000000000000000e+03 1.924000000000000000e+03
