1.392805491936984202e-03
1.520000000000000000e+02
1.356057495538875264e-03
1.030000000000000000e+02
1.409243370072040414e-03
1.500000000000000000e+02
1.421268358519314117e-03
1.500000000000000000e+02
1.197729420826303300e-03
1.180000000000000000e+02
1.190609391348479255e-03
6.700000000000000000e+01
1.200718012094560087e-03
6.900000000000000000e+01
1.176570907169618551e-03
6.700000000000000000e+01
1.006225001641549224e-03
4.700000000000000000e+01
1.005485992832663711e-03
4.700000000000000000e+01
1.071776620504506262e-03
5.100000000000000000e+01
