1.500000000000000000e+03 1.500000000000000000e+03 1.500000000000000000e+03 1.500000000000000000e+03 3.640000000000000000e+02 3.590000000000000000e+02 3.490000000000000000e+02 3.830000000000000000e+02
6.360000000000000000e+02 1.132000000000000000e+03 3.557000000000000000e+03 6.750000000000000000e+02 3.520000000000000000e+02 3.470000000000000000e+02 3.420000000000000000e+02 3.720000000000000000e+02
3.084000000000000000e+03 7.210000000000000000e+02 1.686000000000000000e+03 5.090000000000000000e+02 3.460000000000000000e+02 3.740000000000000000e+02 3.490000000000000000e+02 4.050000000000000000e+02
1.115000000000000000e+03 2.707000000000000000e+03 1.383000000000000000e+03 7.950000000000000000e+02 3.240000000000000000e+02 3.600000000000000000e+02 3.420000000000000000e+02 3.590000000000000000e+02
1.331000000000000000e+03 6.440000000000000000e+02 2.039000000000000000e+03 1.986000000000000000e+03 3.350000000000000000e+02 3.740000000000000000e+02 3.100000000000000000e+02 3.790000000000000000e+02
7.440000000000000000e+02 1.672000000000000000e+03 1.199000000000000000e+03 2.385000000000000000e+03 3.430000000000000000e+02 3.580000000000000000e+02 3.360000000000000000e+02 3.640000000000000000e+02
8.370000000000000000e+02 1.986000000000000000e+03 9.350000000000000000e+02 2.242000000000000000e+03 3.430000000000000000e+02 3.580000000000000000e+02 3.370000000000000000e+02 3.640000000000000000e+02
4.430000000000000000e+02 1.719000000000000000e+03 1.554000000000000000e+03 2.284000000000000000e+03 3.430000000000000000e+02 3.580000000000000000e+02 3.370000000000000000e+02 3.590000000000000000e+02
1.849000000000000000e+03 5.620000000000000000e+02 1.519000000000000000e+03 2.070000000000000000e+03 3.380000000000000000e+02 3.680000000000000000e+02 3.200000000000000000e+02 3.730000000000000000e+02
1.455000000000000000e+03 1.250000000000000000e+02 2.722000000000000000e+03 1.698000000000000000e+03 3.400000000000000000e+02 3.650000000000000000e+02 3.250000000000000000e+02 3.710000000000000000e+02
1.450000000000000000e+03 4.090000000000000000e+02 4.960000000000000000e+02 3.645000000000000000e+03 3.450000000000000000e+02 3.560000000000000000e+02 3.400000000000000000e+02 3.630000000000000000e+02
1.581000000000000000e+03 3.419000000000000000e+03 6.560000000000000000e+02 3.440000000000000000e+02 3.420000000000000000e+02 3.570000000000000000e+02 3.400000000000000000e+02 3.620000000000000000e+02
6.500000000000000000e+01 6.240000000000000000e+02 2.687000000000000000e+03 2.624000000000000000e+03 3.430000000000000000e+02 3.590000000000000000e+02 3.350000000000000000e+02 3.650000000000000000e+02
8.870000000000000000e+02 2.569000000000000000e+03 2.205000000000000000e+03 3.390000000000000000e+02 3.380000000000000000e+02 3.610000000000000000e+02 3.370000000000000000e+02 3.600000000000000000e+02
1.480000000000000000e+02 6.950000000000000000e+02 9.900000000000000000e+01 5.058000000000000000e+03 3.450000000000000000e+02 3.560000000000000000e+02 3.400000000000000000e+02 3.630000000000000000e+02
