1.137000000000000000e+03 1.756000000000000000e+03 6.670000000000000000e+02 2.440000000000000000e+03
8.530000000000000000e+02 2.784000000000000000e+03 1.402000000000000000e+03 9.610000000000000000e+02
8.390000000000000000e+02 3.859000000000000000e+03 4.620000000000000000e+02 8.400000000000000000e+02
1.747000000000000000e+03 8.350000000000000000e+02 3.417000000000000000e+03 1.000000000000000000e+00
9.910000000000000000e+02 0.000000000000000000e+00 3.095000000000000000e+03 1.914000000000000000e+03
1.243000000000000000e+03 1.850000000000000000e+03 1.666000000000000000e+03 1.241000000000000000e+03
1.603000000000000000e+03 5.270000000000000000e+02 3.869000000000000000e+03 1.000000000000000000e+00
1.607000000000000000e+03 5.130000000000000000e+02 3.879000000000000000e+03 1.000000000000000000e+00
1.570000000000000000e+03 3.320000000000000000e+02 4.096000000000000000e+03 2.000000000000000000e+00
1.302000000000000000e+03 1.647000000000000000e+03 1.581000000000000000e+03 1.470000000000000000e+03
3.167000000000000000e+03 0.000000000000000000e+00 1.100000000000000000e+01 2.822000000000000000e+03
