-3.711800000000000210e+01
5.282607599999999959e-02
-7.736199999999999477e+01
9.978095600000000398e-02
-8.427899999999999636e+01
9.316715900000001327e-02
-2.778609999999999900e+02
4.813536789999999788e-01
-2.290260000000000105e+02
3.426693239999999974e-01
-3.242300000000000182e+01
4.821407100000000417e-02
-3.977459999999999809e+02
7.017934839999999674e-01
-4.002900000000000205e+02
7.909058999999998285e-01
-4.583249999999999886e+02
6.902493749999999428e-01
-2.057100000000000151e+01
3.536695900000000337e-02
-4.359700000000000273e+02
5.557171000000000749e-01
