1.054213986034903709e-03
2.160000000000000000e+02
1.117172916287692682e-03
2.140000000000000000e+02
1.054857862994160265e-03
2.420000000000000000e+02
2.557823615683331095e-02
2.000000000000000000e+01
2.088729270997062223e-02
2.500000000000000000e+01
9.670871581113100069e-04
2.900000000000000000e+01
9.243643444738948098e-03
8.300000000000000000e+01
8.944190192685629037e-03
1.260000000000000000e+02
5.125549228460277683e-03
8.600000000000000000e+01
2.139728091197841409e-03
2.900000000000000000e+01
6.630672004606918794e-03
3.600000000000000000e+01
