1.500000000000000000e+03 1.500000000000000000e+03 1.500000000000000000e+03 1.500000000000000000e+03
2.551000000000000000e+03 2.013000000000000000e+03 5.890000000000000000e+02 8.470000000000000000e+02
1.343000000000000000e+03 1.127000000000000000e+03 2.156000000000000000e+03 1.374000000000000000e+03
2.502000000000000000e+03 2.236000000000000000e+03 7.100000000000000000e+02 5.520000000000000000e+02
2.453000000000000000e+03 1.359000000000000000e+03 1.438000000000000000e+03 7.500000000000000000e+02
1.264000000000000000e+03 1.403000000000000000e+03 1.630000000000000000e+02 3.170000000000000000e+03
0.000000000000000000e+00 1.978000000000000000e+03 3.018000000000000000e+03 1.004000000000000000e+03
9.030000000000000000e+02 3.644000000000000000e+03 6.890000000000000000e+02 7.640000000000000000e+02
0.000000000000000000e+00 1.191000000000000000e+03 1.431000000000000000e+03 3.378000000000000000e+03
1.554000000000000000e+03 0.000000000000000000e+00 1.710000000000000000e+03 2.736000000000000000e+03
1.325000000000000000e+03 2.484000000000000000e+03 2.190000000000000000e+03 1.000000000000000000e+00
0.000000000000000000e+00 3.400000000000000000e+03 4.000000000000000000e+00 2.596000000000000000e+03
4.331000000000000000e+03 8.590000000000000000e+02 6.970000000000000000e+02 1.130000000000000000e+02
9.210000000000000000e+02 2.134000000000000000e+03 1.317000000000000000e+03 1.628000000000000000e+03
6.420000000000000000e+02 0.000000000000000000e+00 3.392000000000000000e+03 1.966000000000000000e+03
