1.046742207798526461e-03
9.900000000000000000e+01
1.275821746646841693e-03
1.170000000000000000e+02
7.025643110592504591e-03
2.700000000000000000e+01
1.222517642973637879e-03
1.160000000000000000e+02
1.147081426385799380e-03
9.000000000000000000e+01
1.109988354417284053e-03
1.690000000000000000e+02
1.265496720582124420e-03
1.480000000000000000e+02
2.379336351248969791e-02
2.800000000000000000e+01
1.235646173121015753e-03
9.400000000000000000e+01
2.860553512931502881e-02
8.000000000000000000e+00
