1.510458442563283659e-03
2.900000000000000000e+02
8.455329917053651043e-03
3.700000000000000000e+01
1.037012800920589098e-03
2.810000000000000000e+02
1.066166907720771280e-03
2.990000000000000000e+02
1.395445370488842445e-03
2.130000000000000000e+02
3.865616791525939080e-03
2.920000000000000000e+02
1.059498921834752493e-03
7.000000000000000000e+01
1.084596070479010386e-03
9.200000000000000000e+01
1.069649593094326679e-03
7.300000000000000000e+01
6.827861415282256152e-02
1.200000000000000000e+01
1.032052004696998749e-03
7.200000000000000000e+01
