1.500000000000000000e+03 1.500000000000000000e+03 1.500000000000000000e+03 1.500000000000000000e+03 3.370000000000000000e+02 3.810000000000000000e+02 3.650000000000000000e+02 3.790000000000000000e+02
2.938000000000000000e+03 6.150000000000000000e+02 9.850000000000000000e+02 1.462000000000000000e+03 3.510000000000000000e+02 3.420000000000000000e+02 3.240000000000000000e+02 3.820000000000000000e+02
1.220000000000000000e+03 7.040000000000000000e+02 8.700000000000000000e+02 3.206000000000000000e+03 3.330000000000000000e+02 3.450000000000000000e+02 3.460000000000000000e+02 3.520000000000000000e+02
5.930000000000000000e+02 9.360000000000000000e+02 1.281000000000000000e+03 3.190000000000000000e+03 3.550000000000000000e+02 3.790000000000000000e+02 3.250000000000000000e+02 3.770000000000000000e+02
1.342000000000000000e+03 2.714000000000000000e+03 7.180000000000000000e+02 1.226000000000000000e+03 3.160000000000000000e+02 3.590000000000000000e+02 3.280000000000000000e+02 3.930000000000000000e+02
4.000000000000000000e+01 3.369000000000000000e+03 1.431000000000000000e+03 1.160000000000000000e+03 3.440000000000000000e+02 3.560000000000000000e+02 3.400000000000000000e+02 3.630000000000000000e+02
2.668000000000000000e+03 1.810000000000000000e+03 1.094000000000000000e+03 4.280000000000000000e+02 3.440000000000000000e+02 3.570000000000000000e+02 3.400000000000000000e+02 3.630000000000000000e+02
1.453000000000000000e+03 1.443000000000000000e+03 1.715000000000000000e+03 1.389000000000000000e+03 3.380000000000000000e+02 3.790000000000000000e+02 3.630000000000000000e+02 3.780000000000000000e+02
3.390000000000000000e+02 1.845000000000000000e+03 2.452000000000000000e+03 1.364000000000000000e+03 3.440000000000000000e+02 3.570000000000000000e+02 3.400000000000000000e+02 3.630000000000000000e+02
1.086000000000000000e+03 6.600000000000000000e+02 3.137000000000000000e+03 1.117000000000000000e+03 3.450000000000000000e+02 3.560000000000000000e+02 3.400000000000000000e+02 3.630000000000000000e+02
4.080000000000000000e+02 1.928000000000000000e+03 8.370000000000000000e+02 2.827000000000000000e+03 3.450000000000000000e+02 3.560000000000000000e+02 3.400000000000000000e+02 3.630000000000000000e+02
3.800000000000000000e+01 2.633000000000000000e+03 1.853000000000000000e+03 1.476000000000000000e+03 3.440000000000000000e+02 3.560000000000000000e+02 3.400000000000000000e+02 3.630000000000000000e+02
1.067000000000000000e+03 3.758000000000000000e+03 8.290000000000000000e+02 3.460000000000000000e+02 3.440000000000000000e+02 3.560000000000000000e+02 3.390000000000000000e+02 3.640000000000000000e+02
1.570000000000000000e+02 1.261000000000000000e+03 2.543000000000000000e+03 2.039000000000000000e+03 3.450000000000000000e+02 3.560000000000000000e+02 3.400000000000000000e+02 3.630000000000000000e+02
1.304000000000000000e+03 2.999000000000000000e+03 1.371000000000000000e+03 3.260000000000000000e+02 3.240000000000000000e+02 3.550000000000000000e+02 3.430000000000000000e+02 3.690000000000000000e+02
