1.044388849433651456e-02
2.400000000000000000e+01
1.213825598144949126e-03
2.270000000000000000e+02
2.171877584665047808e-02
3.300000000000000000e+01
1.869700339305175501e-03
1.420000000000000000e+02
8.556260854840729013e-02
1.300000000000000000e+01
1.008574578221107642e-03
3.100000000000000000e+02
1.314367726208218179e-02
4.200000000000000000e+01
3.865298358138675051e-03
7.700000000000000000e+01
1.102736007503118780e-03
4.600000000000000000e+01
4.914955895534669356e-03
5.500000000000000000e+01
