-3.794080000000000155e+02
5.915395360000000879e-01
-3.613090000000000259e+02
4.862595190000000289e-01
-3.684440000000000168e+02
5.370148640000000917e-01
-3.433960000000000150e+02
3.868191839999999826e-01
-4.509279999999999973e+02
7.099628160000001076e-01
-1.022450000000000045e+02
1.498689749999999876e-01
-3.407850000000000250e+02
4.034467749999999797e-01
-6.461670000000000300e+02
1.142105111000000006e+00
-9.061899999999999977e+01
1.512118389999999590e-01
-1.439899999999999913e+01
2.167179899999999854e-02
-1.488599999999999923e+01
2.412100399999999797e-02
