1.500000000000000000e+03 1.500000000000000000e+03 1.500000000000000000e+03 1.500000000000000000e+03
1.070000000000000000e+03 2.657000000000000000e+03 7.740000000000000000e+02 1.499000000000000000e+03
1.396000000000000000e+03 1.632000000000000000e+03 1.890000000000000000e+03 1.082000000000000000e+03
2.724000000000000000e+03 6.690000000000000000e+02 2.079000000000000000e+03 5.280000000000000000e+02
1.158000000000000000e+03 2.641000000000000000e+03 1.550000000000000000e+03 6.510000000000000000e+02
0.000000000000000000e+00 2.375000000000000000e+03 1.143000000000000000e+03 2.482000000000000000e+03
7.200000000000000000e+02 7.510000000000000000e+02 3.586000000000000000e+03 9.430000000000000000e+02
1.709000000000000000e+03 0.000000000000000000e+00 2.963000000000000000e+03 1.328000000000000000e+03
6.840000000000000000e+02 0.000000000000000000e+00 9.910000000000000000e+02 4.325000000000000000e+03
0.000000000000000000e+00 4.950000000000000000e+02 3.207000000000000000e+03 2.298000000000000000e+03
2.280000000000000000e+02 5.053000000000000000e+03 6.480000000000000000e+02 7.100000000000000000e+01
2.296000000000000000e+03 2.780000000000000000e+03 9.220000000000000000e+02 2.000000000000000000e+00
2.310000000000000000e+03 2.840000000000000000e+02 0.000000000000000000e+00 3.406000000000000000e+03
9.600000000000000000e+02 1.437000000000000000e+03 1.361000000000000000e+03 2.242000000000000000e+03
3.924000000000000000e+03 1.833000000000000000e+03 2.410000000000000000e+02 2.000000000000000000e+00
