1.578135358228413771e-03
5.300000000000000000e+01
1.565243750908962414e-03
3.200000000000000000e+01
1.045563457386404797e-03
9.400000000000000000e+01
9.990974346339731322e-04
9.500000000000000000e+01
1.353415188750633135e-03
1.780000000000000000e+02
1.339358717551867228e-03
1.760000000000000000e+02
1.128646096884019763e-03
1.240000000000000000e+02
1.130131059929650583e-03
1.240000000000000000e+02
1.167207247814173142e-02
4.900000000000000000e+01
1.510173448963099581e-02
7.700000000000000000e+01
1.499050646287793630e-02
7.200000000000000000e+01
