-5.954999999999999716e+01
8.488950000000000662e-02
-1.708739999999999952e+02
2.716141240000000123e-01
-4.200999999999999801e+01
7.924389999999999212e-02
-4.271699999999999875e+01
8.179491099999999792e-02
-3.321300000000000097e+01
6.057363099999999584e-02
-3.293900000000000006e+01
5.796327899999999950e-02
-3.353900000000000148e+01
6.616847900000000227e-02
-3.273599999999999710e+01
5.764830399999999744e-02
-3.553070000000000164e+02
4.850527510000000597e-01
-4.155570000000000164e+02
5.696387509999999432e-01
-4.883700000000000045e+02
6.381571000000001437e-01
