1.500000000000000000e+03 1.500000000000000000e+03 1.500000000000000000e+03 1.500000000000000000e+03
5.070000000000000000e+02 3.163000000000000000e+03 1.015000000000000000e+03 1.315000000000000000e+03
1.361000000000000000e+03 1.105000000000000000e+03 2.153000000000000000e+03 1.381000000000000000e+03
2.192000000000000000e+03 2.218000000000000000e+03 8.800000000000000000e+02 7.100000000000000000e+02
2.012000000000000000e+03 2.791000000000000000e+03 5.480000000000000000e+02 6.490000000000000000e+02
1.228000000000000000e+03 1.213000000000000000e+03 1.219000000000000000e+03 2.340000000000000000e+03
2.025000000000000000e+03 2.049000000000000000e+03 0.000000000000000000e+00 1.926000000000000000e+03
1.098000000000000000e+03 2.056000000000000000e+03 2.844000000000000000e+03 2.000000000000000000e+00
1.154000000000000000e+03 7.030000000000000000e+02 1.166000000000000000e+03 2.977000000000000000e+03
7.620000000000000000e+02 5.750000000000000000e+02 3.870000000000000000e+03 7.930000000000000000e+02
3.515000000000000000e+03 0.000000000000000000e+00 1.162000000000000000e+03 1.323000000000000000e+03
8.710000000000000000e+02 5.120000000000000000e+02 6.170000000000000000e+02 4.000000000000000000e+03
4.280000000000000000e+02 7.800000000000000000e+02 2.689000000000000000e+03 2.103000000000000000e+03
3.748000000000000000e+03 1.439000000000000000e+03 8.110000000000000000e+02 2.000000000000000000e+00
1.870000000000000000e+03 0.000000000000000000e+00 1.749000000000000000e+03 2.381000000000000000e+03
