1.203640332092121993e-03
3.300000000000000000e+01
1.122720508865209963e-03
1.660000000000000000e+02
1.183595257165452261e-02
2.000000000000000000e+00
1.784441972464306456e-02
5.500000000000000000e+01
5.034423570020499228e-03
6.900000000000000000e+01
5.204316677492834900e-03
8.000000000000000000e+01
1.285448279105856498e-03
2.440000000000000000e+02
1.159788402446048196e-03
1.460000000000000000e+02
8.789645695900783623e-03
3.260000000000000000e+02
3.877289960556156573e-02
2.600000000000000000e+01
