-9.843300000000000693e+01
1.697575109999999998e-01
-4.671669999999999732e+02
7.478451110000000623e-01
-4.583050000000000068e+02
7.027679749999998782e-01
-9.111700000000000443e+01
9.854331100000002230e-02
-3.786610000000000014e+02
6.327540790000000248e-01
-1.750860000000000127e+02
2.930106040000000078e-01
-4.818200000000000216e+01
9.689087599999998690e-02
-4.700000000000000000e+01
1.004180000000000073e-01
-3.295900000000000318e+01
6.038931899999998992e-02
-2.464399999999999835e+01
3.798326399999999575e-02
-2.445899999999999963e+01
3.744231899999999474e-02
