1.114000000000000000e+03 1.122000000000000000e+03 8.180000000000000000e+02 2.946000000000000000e+03
2.136000000000000000e+03 1.934000000000000000e+03 0.000000000000000000e+00 1.930000000000000000e+03
2.084000000000000000e+03 2.030000000000000000e+03 0.000000000000000000e+00 1.886000000000000000e+03
8.280000000000000000e+02 3.381000000000000000e+03 1.789000000000000000e+03 2.000000000000000000e+00
0.000000000000000000e+00 6.230000000000000000e+02 3.654000000000000000e+03 1.723000000000000000e+03
3.540000000000000000e+02 6.680000000000000000e+02 3.249000000000000000e+03 1.729000000000000000e+03
5.740000000000000000e+02 7.860000000000000000e+02 2.483000000000000000e+03 2.157000000000000000e+03
5.600000000000000000e+02 8.100000000000000000e+02 2.475000000000000000e+03 2.155000000000000000e+03
5.690000000000000000e+02 1.122000000000000000e+03 2.309000000000000000e+03 2.000000000000000000e+03
6.100000000000000000e+02 1.234000000000000000e+03 2.116000000000000000e+03 2.040000000000000000e+03
6.170000000000000000e+02 1.250000000000000000e+03 2.091000000000000000e+03 2.042000000000000000e+03
