1.507423822815466725e-03
7.200000000000000000e+01
4.464503709057566876e-03
1.650000000000000000e+02
2.840711514616883933e-03
2.370000000000000000e+02
4.172926869404805506e-03
3.300000000000000000e+01
2.642119434504788117e-03
5.280000000000000000e+02
1.289524766246782179e-03
2.760000000000000000e+02
1.525452112630093894e-03
5.800000000000000000e+01
1.509869532744225525e-03
1.160000000000000000e+02
4.495291348715724916e-03
6.200000000000000000e+01
3.804249105524360516e-03
4.900000000000000000e+01
2.860901347948715742e-03
4.700000000000000000e+01
