1.500000000000000000e+03 1.500000000000000000e+03 1.500000000000000000e+03 1.500000000000000000e+03 3.830000000000000000e+02 3.730000000000000000e+02 3.610000000000000000e+02 3.820000000000000000e+02
5.610000000000000000e+02 1.114000000000000000e+03 3.631000000000000000e+03 6.940000000000000000e+02 3.250000000000000000e+02 3.680000000000000000e+02 3.380000000000000000e+02 3.700000000000000000e+02
1.370000000000000000e+03 6.090000000000000000e+02 1.999000000000000000e+03 2.022000000000000000e+03 3.490000000000000000e+02 3.660000000000000000e+02 3.810000000000000000e+02 3.870000000000000000e+02
2.646000000000000000e+03 1.061000000000000000e+03 1.317000000000000000e+03 9.760000000000000000e+02 3.260000000000000000e+02 3.660000000000000000e+02 3.180000000000000000e+02 3.760000000000000000e+02
7.150000000000000000e+02 1.799000000000000000e+03 1.861000000000000000e+03 1.625000000000000000e+03 3.610000000000000000e+02 3.660000000000000000e+02 3.580000000000000000e+02 3.890000000000000000e+02
8.350000000000000000e+02 1.515000000000000000e+03 8.880000000000000000e+02 2.762000000000000000e+03 3.450000000000000000e+02 3.560000000000000000e+02 3.400000000000000000e+02 3.630000000000000000e+02
4.640000000000000000e+02 2.618000000000000000e+03 1.690000000000000000e+03 1.228000000000000000e+03 3.460000000000000000e+02 3.570000000000000000e+02 3.410000000000000000e+02 3.650000000000000000e+02
9.360000000000000000e+02 2.510000000000000000e+03 8.030000000000000000e+02 1.751000000000000000e+03 3.400000000000000000e+02 3.590000000000000000e+02 3.210000000000000000e+02 3.980000000000000000e+02
6.480000000000000000e+02 7.680000000000000000e+02 1.118000000000000000e+03 3.466000000000000000e+03 3.450000000000000000e+02 3.560000000000000000e+02 3.400000000000000000e+02 3.630000000000000000e+02
1.647000000000000000e+03 9.300000000000000000e+02 1.288000000000000000e+03 2.135000000000000000e+03 3.470000000000000000e+02 3.620000000000000000e+02 3.630000000000000000e+02 3.760000000000000000e+02
1.734000000000000000e+03 4.250000000000000000e+02 1.907000000000000000e+03 1.934000000000000000e+03 3.480000000000000000e+02 3.640000000000000000e+02 3.750000000000000000e+02 3.830000000000000000e+02
1.700000000000000000e+01 3.311000000000000000e+03 3.340000000000000000e+02 2.338000000000000000e+03 3.450000000000000000e+02 3.560000000000000000e+02 3.400000000000000000e+02 3.630000000000000000e+02
1.008000000000000000e+03 2.650000000000000000e+02 2.386000000000000000e+03 2.341000000000000000e+03 3.470000000000000000e+02 3.610000000000000000e+02 3.580000000000000000e+02 3.730000000000000000e+02
8.280000000000000000e+02 2.200000000000000000e+01 3.630000000000000000e+03 1.520000000000000000e+03 3.450000000000000000e+02 3.570000000000000000e+02 3.410000000000000000e+02 3.640000000000000000e+02
1.268000000000000000e+03 1.313000000000000000e+03 1.329000000000000000e+03 2.090000000000000000e+03 3.500000000000000000e+02 3.600000000000000000e+02 3.520000000000000000e+02 3.700000000000000000e+02
