-2.287800000000000011e+01
3.694711600000000207e-02
-8.329500000000000171e+01
8.780397499999999245e-02
-2.373050000000000068e+02
4.222319749999999816e-01
-3.758240000000000123e+02
5.117190240000000223e-01
-2.817399999999999949e+01
3.931172400000000622e-02
-6.668719999999999573e+02
1.105593615999999946e+00
-2.097200000000000131e+01
3.408121599999999751e-02
-2.157199999999999918e+01
3.479481599999999925e-02
-2.170299999999999940e+01
3.403479100000000174e-02
-1.933800000000000097e+01
3.045175599999999996e-02
-1.944500000000000028e+01
3.099897499999999806e-02
