9.590000000000000000e+02 1.066000000000000000e+03 2.092000000000000000e+03 1.883000000000000000e+03
3.400000000000000000e+02 4.101000000000000000e+03 4.800000000000000000e+02 1.079000000000000000e+03
1.123000000000000000e+03 1.393000000000000000e+03 3.482000000000000000e+03 2.000000000000000000e+00
3.320000000000000000e+03 1.650000000000000000e+02 2.514000000000000000e+03 1.000000000000000000e+00
7.900000000000000000e+02 1.802000000000000000e+03 1.703000000000000000e+03 1.705000000000000000e+03
6.870000000000000000e+02 1.083000000000000000e+03 0.000000000000000000e+00 4.230000000000000000e+03
1.318000000000000000e+03 1.347000000000000000e+03 1.825000000000000000e+03 1.510000000000000000e+03
1.314000000000000000e+03 1.386000000000000000e+03 1.855000000000000000e+03 1.445000000000000000e+03
1.330000000000000000e+03 1.352000000000000000e+03 1.843000000000000000e+03 1.475000000000000000e+03
1.171000000000000000e+03 1.218000000000000000e+03 1.968000000000000000e+03 1.643000000000000000e+03
1.167000000000000000e+03 1.223000000000000000e+03 1.970000000000000000e+03 1.640000000000000000e+03
