1.500000000000000000e+03 1.500000000000000000e+03 1.500000000000000000e+03 1.500000000000000000e+03
8.940000000000000000e+02 2.458000000000000000e+03 2.117000000000000000e+03 5.310000000000000000e+02
1.846000000000000000e+03 1.293000000000000000e+03 1.300000000000000000e+03 1.561000000000000000e+03
3.285000000000000000e+03 1.314000000000000000e+03 7.750000000000000000e+02 6.260000000000000000e+02
6.740000000000000000e+02 1.464000000000000000e+03 8.490000000000000000e+02 3.013000000000000000e+03
6.640000000000000000e+02 7.360000000000000000e+02 2.385000000000000000e+03 2.215000000000000000e+03
1.221000000000000000e+03 4.009000000000000000e+03 2.780000000000000000e+02 4.920000000000000000e+02
8.950000000000000000e+02 1.144000000000000000e+03 3.884000000000000000e+03 7.700000000000000000e+01
3.040000000000000000e+03 4.890000000000000000e+02 2.470000000000000000e+03 1.000000000000000000e+00
0.000000000000000000e+00 2.521000000000000000e+03 1.535000000000000000e+03 1.944000000000000000e+03
6.010000000000000000e+02 4.800000000000000000e+01 0.000000000000000000e+00 5.351000000000000000e+03
8.290000000000000000e+02 0.000000000000000000e+00 1.534000000000000000e+03 3.637000000000000000e+03
1.853000000000000000e+03 1.905000000000000000e+03 0.000000000000000000e+00 2.242000000000000000e+03
7.390000000000000000e+02 0.000000000000000000e+00 3.192000000000000000e+03 2.069000000000000000e+03
3.910000000000000000e+02 4.196000000000000000e+03 1.411000000000000000e+03 2.000000000000000000e+00
