1.207416595439601056e-03
1.870000000000000000e+02
1.067078920247458481e-03
1.710000000000000000e+02
3.160965586945170807e-03
2.520000000000000000e+02
3.022091012241082467e-03
2.620000000000000000e+02
1.269402767710556441e-02
2.470000000000000000e+02
5.526605532789132663e-02
1.200000000000000000e+01
2.081089489154031458e-03
2.400000000000000000e+01
1.987014450257177517e-03
2.400000000000000000e+01
5.443219388294585730e-03
3.300000000000000000e+01
1.939578043813195221e-03
2.200000000000000000e+01
1.612390773234454117e-03
4.500000000000000000e+01
