1.091239012808266741e-03
1.270000000000000000e+02
6.905442178337104983e-03
9.900000000000000000e+01
5.688065784714342078e-03
3.500000000000000000e+01
1.271820481684760029e-02
1.110000000000000000e+02
7.986653067671954653e-03
6.200000000000000000e+01
1.870536360906022155e-02
9.200000000000000000e+01
6.925013882386814486e-03
2.000000000000000000e+02
1.493568703454341631e-02
2.010000000000000000e+02
8.500844291787547705e-03
1.060000000000000000e+02
1.094340070481508937e-03
3.900000000000000000e+01
