1.105000000000000000e+03 1.392000000000000000e+03 3.298000000000000000e+03 2.050000000000000000e+02
1.033000000000000000e+03 3.835000000000000000e+03 5.520000000000000000e+02 5.800000000000000000e+02
1.547000000000000000e+03 3.805000000000000000e+03 6.460000000000000000e+02 2.000000000000000000e+00
1.548000000000000000e+03 3.826000000000000000e+03 6.240000000000000000e+02 2.000000000000000000e+00
1.435000000000000000e+03 2.636000000000000000e+03 0.000000000000000000e+00 1.929000000000000000e+03
3.851000000000000000e+03 6.590000000000000000e+02 1.489000000000000000e+03 1.000000000000000000e+00
1.325000000000000000e+03 1.542000000000000000e+03 1.550000000000000000e+03 1.583000000000000000e+03
1.325000000000000000e+03 1.528000000000000000e+03 1.549000000000000000e+03 1.598000000000000000e+03
4.467000000000000000e+03 7.710000000000000000e+02 7.610000000000000000e+02 1.000000000000000000e+00
1.280000000000000000e+03 1.490000000000000000e+03 1.762000000000000000e+03 1.468000000000000000e+03
1.200000000000000000e+03 1.500000000000000000e+03 1.781000000000000000e+03 1.519000000000000000e+03
