-1.890900000000000034e+02
3.015458999999999778e-01
-8.598799999999999955e+01
9.904385599999999956e-02
-1.102789999999999964e+02
1.486191590000000007e-01
-1.118190000000000026e+02
1.460342390000000101e-01
-3.631619999999999777e+02
3.829837559999999530e-01
-3.113210000000000264e+02
3.787619589999999814e-01
-1.947899999999999920e+01
3.164355900000000166e-02
-1.953200000000000003e+01
3.476497599999999605e-02
-3.011129999999999995e+02
3.500742310000000690e-01
-1.970899999999999963e+01
3.141431899999999611e-02
-1.824699999999999989e+01
2.866999100000000231e-02
