1.500000000000000000e+03 1.500000000000000000e+03 1.500000000000000000e+03 1.500000000000000000e+03
2.622000000000000000e+03 1.302000000000000000e+03 9.070000000000000000e+02 1.169000000000000000e+03
7.760000000000000000e+02 1.753000000000000000e+03 6.950000000000000000e+02 2.776000000000000000e+03
2.917000000000000000e+03 6.350000000000000000e+02 7.230000000000000000e+02 1.725000000000000000e+03
9.260000000000000000e+02 6.090000000000000000e+02 1.507000000000000000e+03 2.958000000000000000e+03
1.118000000000000000e+03 1.264000000000000000e+03 3.450000000000000000e+03 1.680000000000000000e+02
0.000000000000000000e+00 2.615000000000000000e+03 1.945000000000000000e+03 1.440000000000000000e+03
0.000000000000000000e+00 7.830000000000000000e+02 3.560000000000000000e+02 4.861000000000000000e+03
1.566000000000000000e+03 3.065000000000000000e+03 1.367000000000000000e+03 2.000000000000000000e+00
6.620000000000000000e+02 4.346000000000000000e+03 0.000000000000000000e+00 9.920000000000000000e+02
1.833000000000000000e+03 7.170000000000000000e+02 0.000000000000000000e+00 3.450000000000000000e+03
0.000000000000000000e+00 4.300000000000000000e+01 3.320000000000000000e+03 2.637000000000000000e+03
1.585000000000000000e+03 0.000000000000000000e+00 2.570000000000000000e+03 1.845000000000000000e+03
1.649000000000000000e+03 2.646000000000000000e+03 0.000000000000000000e+00 1.705000000000000000e+03
9.560000000000000000e+02 1.530000000000000000e+03 1.878000000000000000e+03 1.636000000000000000e+03
