1.185000000000000000e+03 9.570000000000000000e+02 2.577000000000000000e+03 1.281000000000000000e+03
1.092000000000000000e+03 0.000000000000000000e+00 2.700000000000000000e+02 4.638000000000000000e+03
1.135000000000000000e+03 0.000000000000000000e+00 7.460000000000000000e+02 4.119000000000000000e+03
1.097000000000000000e+03 0.000000000000000000e+00 7.560000000000000000e+02 4.147000000000000000e+03
1.169000000000000000e+03 1.163000000000000000e+03 1.688000000000000000e+03 1.980000000000000000e+03
0.000000000000000000e+00 2.898000000000000000e+03 4.940000000000000000e+02 2.608000000000000000e+03
1.115000000000000000e+03 1.233000000000000000e+03 1.704000000000000000e+03 1.948000000000000000e+03
1.032000000000000000e+03 1.259000000000000000e+03 1.803000000000000000e+03 1.906000000000000000e+03
1.028000000000000000e+03 1.314000000000000000e+03 1.751000000000000000e+03 1.907000000000000000e+03
1.006000000000000000e+03 1.294000000000000000e+03 1.768000000000000000e+03 1.932000000000000000e+03
1.001000000000000000e+03 1.296000000000000000e+03 1.764000000000000000e+03 1.939000000000000000e+03
