-5.560399999999999920e+01
1.057791840000000122e-01
-5.546799999999999500e+02
6.964916000000000995e-01
-4.510110000000000241e+02
6.445348789999999495e-01
-4.609970000000000141e+02
6.819509909999998953e-01
-1.650199999999999889e+01
3.432799599999999951e-02
-2.070440000000000111e+02
2.761320640000000104e-01
-1.524799999999999933e+01
2.341849599999999698e-02
-1.671300000000000097e+01
2.687663099999999805e-02
-1.534099999999999930e+01
2.357071900000000039e-02
-1.547799999999999976e+01
2.631551599999999713e-02
-1.525399999999999956e+01
2.357348400000000566e-02
