1.153114703938472839e-03
2.500000000000000000e+01
1.266889078126025607e-03
9.000000000000000000e+01
2.202123400473370018e-02
1.700000000000000000e+01
9.748802949164127058e-04
7.500000000000000000e+01
2.435513928414910489e-02
3.400000000000000000e+01
3.093414742128385020e-02
2.000000000000000000e+01
1.524086788285803837e-02
3.600000000000000000e+01
9.853579932247950174e-04
7.100000000000000000e+01
4.261892614238191324e-02
5.000000000000000000e+00
2.061835933868100615e-02
4.000000000000000000e+01
