1.500000000000000000e+03 1.500000000000000000e+03 1.500000000000000000e+03 1.500000000000000000e+03 3.190000000000000000e+02 3.800000000000000000e+02 3.420000000000000000e+02 3.560000000000000000e+02
2.784000000000000000e+03 1.083000000000000000e+03 9.870000000000000000e+02 1.146000000000000000e+03 3.430000000000000000e+02 3.650000000000000000e+02 3.070000000000000000e+02 3.700000000000000000e+02
1.419000000000000000e+03 2.628000000000000000e+03 8.590000000000000000e+02 1.094000000000000000e+03 3.440000000000000000e+02 3.350000000000000000e+02 3.330000000000000000e+02 3.610000000000000000e+02
1.014000000000000000e+03 1.925000000000000000e+03 7.920000000000000000e+02 2.269000000000000000e+03 3.380000000000000000e+02 3.480000000000000000e+02 3.230000000000000000e+02 3.360000000000000000e+02
7.660000000000000000e+02 1.537000000000000000e+03 1.338000000000000000e+03 2.359000000000000000e+03 3.370000000000000000e+02 3.770000000000000000e+02 3.350000000000000000e+02 3.860000000000000000e+02
1.264000000000000000e+03 5.890000000000000000e+02 2.967000000000000000e+03 1.180000000000000000e+03 3.450000000000000000e+02 3.560000000000000000e+02 3.400000000000000000e+02 3.640000000000000000e+02
5.790000000000000000e+02 2.099000000000000000e+03 2.029000000000000000e+03 1.293000000000000000e+03 3.430000000000000000e+02 3.620000000000000000e+02 3.390000000000000000e+02 3.700000000000000000e+02
6.270000000000000000e+02 8.430000000000000000e+02 4.184000000000000000e+03 3.460000000000000000e+02 3.440000000000000000e+02 3.560000000000000000e+02 3.400000000000000000e+02 3.610000000000000000e+02
7.120000000000000000e+02 7.250000000000000000e+02 4.990000000000000000e+02 4.064000000000000000e+03 3.450000000000000000e+02 3.560000000000000000e+02 3.400000000000000000e+02 3.630000000000000000e+02
2.462000000000000000e+03 0.000000000000000000e+00 2.600000000000000000e+02 3.278000000000000000e+03 3.450000000000000000e+02 3.560000000000000000e+02 3.400000000000000000e+02 3.630000000000000000e+02
1.462000000000000000e+03 1.423000000000000000e+03 1.482000000000000000e+03 1.633000000000000000e+03 3.200000000000000000e+02 3.790000000000000000e+02 3.420000000000000000e+02 3.580000000000000000e+02
6.930000000000000000e+02 1.911000000000000000e+03 2.079000000000000000e+03 1.317000000000000000e+03 3.430000000000000000e+02 3.620000000000000000e+02 3.390000000000000000e+02 3.690000000000000000e+02
8.000000000000000000e+00 3.078000000000000000e+03 2.090000000000000000e+02 2.705000000000000000e+03 3.450000000000000000e+02 3.560000000000000000e+02 3.400000000000000000e+02 3.630000000000000000e+02
3.415000000000000000e+03 5.180000000000000000e+02 1.732000000000000000e+03 3.350000000000000000e+02 3.340000000000000000e+02 3.600000000000000000e+02 3.390000000000000000e+02 3.670000000000000000e+02
6.050000000000000000e+02 4.152000000000000000e+03 8.970000000000000000e+02 3.460000000000000000e+02 3.450000000000000000e+02 3.560000000000000000e+02 3.400000000000000000e+02 3.630000000000000000e+02
