1.075097143793488953e-03
1.310000000000000000e+02
2.812940574230330271e-03
1.180000000000000000e+02
1.125733954603682632e-05
1.000000000000000000e+00
2.062150458685194001e-03
8.700000000000000000e+01
3.029060452365778255e-02
9.000000000000000000e+00
1.166303710046048478e-03
1.240000000000000000e+02
9.658757712927953020e-04
1.300000000000000000e+02
2.071568309145345108e-02
1.600000000000000000e+01
1.682883743006093405e-02
1.900000000000000000e+01
1.428313006532089821e-03
1.750000000000000000e+02
