9.691637200495234689e-04
2.080000000000000000e+02
9.749090523099190235e-04
2.080000000000000000e+02
9.696306558006698162e-04
2.180000000000000000e+02
1.010393826711107612e-03
2.390000000000000000e+02
1.067328899473671093e-03
1.370000000000000000e+02
1.014832733839619730e-03
4.800000000000000000e+01
1.114149667302548330e-02
3.400000000000000000e+01
9.345251665645480307e-03
4.400000000000000000e+01
1.064665849309504725e-02
4.700000000000000000e+01
1.079112510571881341e-03
2.900000000000000000e+01
1.402908628891274580e-02
2.000000000000000000e+01
