1.753000000000000000e+03 1.974000000000000000e+03 7.880000000000000000e+02 1.485000000000000000e+03
1.753000000000000000e+03 1.975000000000000000e+03 7.880000000000000000e+02 1.484000000000000000e+03
1.762000000000000000e+03 1.983000000000000000e+03 7.930000000000000000e+02 1.462000000000000000e+03
1.654000000000000000e+03 1.889000000000000000e+03 6.450000000000000000e+02 1.812000000000000000e+03
1.175000000000000000e+03 1.760000000000000000e+03 5.140000000000000000e+02 2.551000000000000000e+03
9.170000000000000000e+02 1.707000000000000000e+03 1.082000000000000000e+03 2.294000000000000000e+03
0.000000000000000000e+00 2.825000000000000000e+03 1.820000000000000000e+02 2.993000000000000000e+03
0.000000000000000000e+00 1.127000000000000000e+03 2.265000000000000000e+03 2.608000000000000000e+03
0.000000000000000000e+00 8.560000000000000000e+02 1.202000000000000000e+03 3.942000000000000000e+03
1.050000000000000000e+03 1.671000000000000000e+03 1.677000000000000000e+03 1.602000000000000000e+03
4.250000000000000000e+02 3.333000000000000000e+03 2.240000000000000000e+03 2.000000000000000000e+00
