9.551734793439384599e-03
3.000000000000000000e+01
9.402884153445797977e-03
1.200000000000000000e+02
9.793356631619760857e-04
2.150000000000000000e+02
1.077393817527472425e-03
8.700000000000000000e+01
1.074070356194391359e-03
6.200000000000000000e+01
1.195167300033961452e-03
4.500000000000000000e+01
1.100090604064465514e-03
8.300000000000000000e+01
1.118923179752017924e-03
1.380000000000000000e+02
1.119517180879805920e-03
1.450000000000000000e+02
1.531192312268788097e-03
4.500000000000000000e+01
