1.110651048708590155e-03
2.340000000000000000e+02
1.156171475893899049e-03
8.000000000000000000e+01
1.065558237985316003e-03
8.900000000000000000e+01
1.017178888330019879e-03
7.300000000000000000e+01
1.053471501694196221e-03
5.900000000000000000e+01
9.981340107678604752e-04
3.600000000000000000e+01
1.582703121245174899e-02
4.500000000000000000e+01
1.098208216945341723e-03
3.900000000000000000e+01
1.127674071900634052e-03
4.500000000000000000e+01
9.627437371037296781e-04
3.400000000000000000e+01
1.127097491983308341e-03
4.200000000000000000e+01
