-3.555899999999999750e+01
4.860051900000000175e-02
-3.614900000000000091e+01
6.263079899999998701e-02
-2.951099999999999923e+01
5.345387900000000275e-02
-2.361199999999999832e+01
3.325945599999999974e-02
-2.495200000000000173e+01
3.265769599999999301e-02
-2.139399999999999835e+01
3.188876400000000000e-02
-4.648750000000000000e+02
6.299533750000000376e-01
-2.090200000000000102e+01
3.300839600000000235e-02
-2.139300000000000068e+01
3.088455099999999967e-02
-1.786400000000000077e+01
2.656750399999999873e-02
-1.828500000000000014e+01
2.892977500000000132e-02
