9.790000000000000000e+02 1.892000000000000000e+03 1.882000000000000000e+03 1.247000000000000000e+03
9.360000000000000000e+02 1.691000000000000000e+03 2.238000000000000000e+03 1.135000000000000000e+03
6.810000000000000000e+02 1.457000000000000000e+03 2.218000000000000000e+03 1.644000000000000000e+03
6.630000000000000000e+02 1.669000000000000000e+03 1.900000000000000000e+03 1.768000000000000000e+03
7.030000000000000000e+02 1.713000000000000000e+03 1.822000000000000000e+03 1.762000000000000000e+03
1.013000000000000000e+03 1.680000000000000000e+03 1.766000000000000000e+03 1.541000000000000000e+03
4.150000000000000000e+02 2.481000000000000000e+03 0.000000000000000000e+00 3.104000000000000000e+03
9.890000000000000000e+02 1.682000000000000000e+03 1.744000000000000000e+03 1.585000000000000000e+03
9.530000000000000000e+02 1.660000000000000000e+03 1.807000000000000000e+03 1.580000000000000000e+03
1.022000000000000000e+03 1.588000000000000000e+03 1.723000000000000000e+03 1.667000000000000000e+03
1.003000000000000000e+03 1.633000000000000000e+03 1.687000000000000000e+03 1.677000000000000000e+03
