1.500000000000000000e+03 1.500000000000000000e+03 1.500000000000000000e+03 1.500000000000000000e+03 3.570000000000000000e+02 3.360000000000000000e+02 3.290000000000000000e+02 3.510000000000000000e+02
2.239000000000000000e+03 8.320000000000000000e+02 1.366000000000000000e+03 1.563000000000000000e+03 3.450000000000000000e+02 3.220000000000000000e+02 3.470000000000000000e+02 3.390000000000000000e+02
5.160000000000000000e+02 3.525000000000000000e+03 1.121000000000000000e+03 8.380000000000000000e+02 3.670000000000000000e+02 3.880000000000000000e+02 3.620000000000000000e+02 3.540000000000000000e+02
3.481000000000000000e+03 5.600000000000000000e+02 1.222000000000000000e+03 7.370000000000000000e+02 3.700000000000000000e+02 3.530000000000000000e+02 3.600000000000000000e+02 3.820000000000000000e+02
1.298000000000000000e+03 7.500000000000000000e+02 8.050000000000000000e+02 3.147000000000000000e+03 3.370000000000000000e+02 3.620000000000000000e+02 3.480000000000000000e+02 3.570000000000000000e+02
1.535000000000000000e+03 1.568000000000000000e+03 1.339000000000000000e+03 1.558000000000000000e+03 3.570000000000000000e+02 3.370000000000000000e+02 3.290000000000000000e+02 3.510000000000000000e+02
1.412000000000000000e+03 2.055000000000000000e+03 2.184000000000000000e+03 3.490000000000000000e+02 3.470000000000000000e+02 3.510000000000000000e+02 3.370000000000000000e+02 3.600000000000000000e+02
1.164000000000000000e+03 5.550000000000000000e+02 3.611000000000000000e+03 6.700000000000000000e+02 3.450000000000000000e+02 3.560000000000000000e+02 3.390000000000000000e+02 3.630000000000000000e+02
2.959000000000000000e+03 2.519000000000000000e+03 5.400000000000000000e+01 4.680000000000000000e+02 3.450000000000000000e+02 3.560000000000000000e+02 3.400000000000000000e+02 3.630000000000000000e+02
1.740000000000000000e+02 1.692000000000000000e+03 1.855000000000000000e+03 2.279000000000000000e+03 3.450000000000000000e+02 3.560000000000000000e+02 3.400000000000000000e+02 3.630000000000000000e+02
3.336000000000000000e+03 1.450000000000000000e+02 4.200000000000000000e+01 2.477000000000000000e+03 3.450000000000000000e+02 3.560000000000000000e+02 3.400000000000000000e+02 3.630000000000000000e+02
7.700000000000000000e+01 1.810000000000000000e+02 1.924000000000000000e+03 3.818000000000000000e+03 3.450000000000000000e+02 3.560000000000000000e+02 3.400000000000000000e+02 3.630000000000000000e+02
2.970000000000000000e+02 2.515000000000000000e+03 4.900000000000000000e+01 3.139000000000000000e+03 3.450000000000000000e+02 3.560000000000000000e+02 3.400000000000000000e+02 3.630000000000000000e+02
1.900000000000000000e+01 2.328000000000000000e+03 2.554000000000000000e+03 1.099000000000000000e+03 3.450000000000000000e+02 3.560000000000000000e+02 3.400000000000000000e+02 3.630000000000000000e+02
3.570000000000000000e+02 1.890000000000000000e+03 1.645000000000000000e+03 2.108000000000000000e+03 3.450000000000000000e+02 3.560000000000000000e+02 3.400000000000000000e+02 3.630000000000000000e+02
