1.213044720169806964e-03
9.200000000000000000e+01
1.190568094733879083e-03
1.480000000000000000e+02
1.399193114979595904e-03
1.250000000000000000e+02
1.262747936168762131e-03
1.450000000000000000e+02
7.399192757001717136e-03
2.010000000000000000e+02
7.451390509004757190e-03
2.000000000000000000e+02
1.642370689866749431e-02
1.900000000000000000e+01
7.640712320360045808e-03
2.340000000000000000e+02
9.408228857583947032e-04
7.900000000000000000e+01
9.469134879369643437e-04
5.500000000000000000e+01
1.130087656971798899e-03
3.900000000000000000e+01
