2.280000000000000000e+02 9.410000000000000000e+02 2.755000000000000000e+03 2.076000000000000000e+03
1.057000000000000000e+03 9.530000000000000000e+02 5.800000000000000000e+02 3.410000000000000000e+03
2.446000000000000000e+03 4.490000000000000000e+02 4.220000000000000000e+02 2.683000000000000000e+03
2.394000000000000000e+03 1.045000000000000000e+03 0.000000000000000000e+00 2.561000000000000000e+03
1.730000000000000000e+03 2.558000000000000000e+03 0.000000000000000000e+00 1.712000000000000000e+03
1.728000000000000000e+03 2.558000000000000000e+03 0.000000000000000000e+00 1.714000000000000000e+03
4.556000000000000000e+03 9.350000000000000000e+02 5.080000000000000000e+02 1.000000000000000000e+00
1.423000000000000000e+03 2.487000000000000000e+03 0.000000000000000000e+00 2.090000000000000000e+03
1.354000000000000000e+03 1.113000000000000000e+03 1.895000000000000000e+03 1.638000000000000000e+03
1.305000000000000000e+03 1.313000000000000000e+03 1.998000000000000000e+03 1.384000000000000000e+03
1.319000000000000000e+03 1.549000000000000000e+03 1.921000000000000000e+03 1.211000000000000000e+03
