1.150015943240074046e-03
8.400000000000000000e+01
1.181211791631432651e-03
1.530000000000000000e+02
6.219354781540543291e-04
1.000000000000000000e+00
1.605469542026973428e-03
2.510000000000000000e+02
3.475181854794394485e-03
7.800000000000000000e+01
5.274178121921234419e-03
1.940000000000000000e+02
1.034443377074275791e-03
3.960000000000000000e+02
5.957100052469042027e-03
2.480000000000000000e+02
3.470686233818816996e-02
1.280000000000000000e+02
6.007327355001836761e-03
8.800000000000000000e+01
