1.500000000000000000e+03 1.500000000000000000e+03 1.500000000000000000e+03 1.500000000000000000e+03 3.080000000000000000e+02 3.460000000000000000e+02 3.260000000000000000e+02 3.870000000000000000e+02
1.381000000000000000e+03 2.418000000000000000e+03 1.213000000000000000e+03 9.880000000000000000e+02 3.500000000000000000e+02 3.700000000000000000e+02 3.270000000000000000e+02 3.330000000000000000e+02
9.720000000000000000e+02 1.710000000000000000e+03 1.727000000000000000e+03 1.591000000000000000e+03 3.560000000000000000e+02 3.700000000000000000e+02 3.320000000000000000e+02 3.430000000000000000e+02
1.437000000000000000e+03 1.845000000000000000e+03 1.042000000000000000e+03 1.676000000000000000e+03 3.310000000000000000e+02 4.060000000000000000e+02 3.470000000000000000e+02 3.660000000000000000e+02
1.753000000000000000e+03 1.420000000000000000e+03 5.170000000000000000e+02 2.310000000000000000e+03 3.040000000000000000e+02 3.550000000000000000e+02 3.060000000000000000e+02 3.310000000000000000e+02
2.170000000000000000e+02 8.430000000000000000e+02 2.067000000000000000e+03 2.873000000000000000e+03 3.450000000000000000e+02 3.560000000000000000e+02 3.400000000000000000e+02 3.630000000000000000e+02
1.900000000000000000e+03 2.410000000000000000e+02 2.736000000000000000e+03 1.123000000000000000e+03 3.440000000000000000e+02 3.560000000000000000e+02 3.400000000000000000e+02 3.630000000000000000e+02
1.174000000000000000e+03 2.696000000000000000e+03 1.780000000000000000e+03 3.500000000000000000e+02 3.480000000000000000e+02 3.650000000000000000e+02 3.360000000000000000e+02 3.510000000000000000e+02
6.240000000000000000e+02 5.400000000000000000e+02 6.930000000000000000e+02 4.143000000000000000e+03 3.450000000000000000e+02 3.590000000000000000e+02 3.380000000000000000e+02 3.640000000000000000e+02
2.358000000000000000e+03 1.691000000000000000e+03 1.607000000000000000e+03 3.440000000000000000e+02 3.420000000000000000e+02 3.540000000000000000e+02 3.340000000000000000e+02 3.630000000000000000e+02
4.600000000000000000e+01 3.391000000000000000e+03 2.920000000000000000e+02 2.271000000000000000e+03 3.450000000000000000e+02 3.560000000000000000e+02 3.400000000000000000e+02 3.630000000000000000e+02
1.943000000000000000e+03 8.800000000000000000e+01 1.208000000000000000e+03 2.761000000000000000e+03 3.440000000000000000e+02 3.560000000000000000e+02 3.400000000000000000e+02 3.630000000000000000e+02
