8.240000000000000000e+02 1.842000000000000000e+03 1.665000000000000000e+03 1.669000000000000000e+03
1.036000000000000000e+03 1.577000000000000000e+03 1.788000000000000000e+03 1.599000000000000000e+03
1.101000000000000000e+03 1.785000000000000000e+03 1.552000000000000000e+03 1.562000000000000000e+03
1.115000000000000000e+03 1.867000000000000000e+03 1.508000000000000000e+03 1.510000000000000000e+03
1.070000000000000000e+03 1.892000000000000000e+03 1.663000000000000000e+03 1.375000000000000000e+03
1.062000000000000000e+03 1.827000000000000000e+03 1.698000000000000000e+03 1.413000000000000000e+03
1.081000000000000000e+03 1.903000000000000000e+03 1.634000000000000000e+03 1.382000000000000000e+03
1.086000000000000000e+03 1.809000000000000000e+03 1.636000000000000000e+03 1.469000000000000000e+03
1.069000000000000000e+03 1.742000000000000000e+03 1.710000000000000000e+03 1.479000000000000000e+03
1.070000000000000000e+03 1.743000000000000000e+03 1.708000000000000000e+03 1.479000000000000000e+03
1.057000000000000000e+03 1.750000000000000000e+03 1.699000000000000000e+03 1.494000000000000000e+03
