-3.060999999999999943e+01
4.295790000000000025e-02
-1.902899999999999991e+01
2.727015899999999868e-02
-2.620200000000000173e+01
3.706119599999999764e-02
-3.075700000000000145e+01
4.290195100000000067e-02
-3.310999999999999943e+01
4.522789999999999450e-02
-3.045799999999999841e+01
4.515623600000000931e-02
-3.352100000000000080e+01
4.688955899999999732e-02
-2.856200000000000117e+01
3.888215599999999411e-02
-2.578300000000000125e+01
3.683991100000000296e-02
-2.560800000000000054e+01
3.763033600000000034e-02
-2.615500000000000114e+01
3.740897499999999709e-02
