1.119106458715717241e-03
3.400000000000000000e+01
1.266433278952408450e-03
3.330000000000000000e+02
1.222318511273642579e-03
5.200000000000000000e+01
1.278173989665327406e-03
5.800000000000000000e+01
8.727993433165092850e-04
4.900000000000000000e+01
8.325150140062586440e-04
3.500000000000000000e+01
7.944081261165328268e-04
3.500000000000000000e+01
1.001083822620863623e-03
3.600000000000000000e+01
8.730174155289077437e-04
3.600000000000000000e+01
8.611026547561838242e-04
3.600000000000000000e+01
8.619592501767845945e-04
3.700000000000000000e+01
