1.161130383031232401e-03
1.140000000000000000e+02
1.526603959995281694e-03
4.500000000000000000e+01
6.136228584062029291e-03
8.800000000000000000e+01
1.386759094627111263e-02
6.700000000000000000e+01
9.759413246478151676e-04
3.100000000000000000e+02
1.941729779037479342e-02
8.800000000000000000e+01
1.408902629762314763e-02
4.020000000000000000e+02
1.153296376805801673e-02
2.420000000000000000e+02
9.458134946221864086e-04
8.900000000000000000e+01
2.379285346102013796e-02
1.700000000000000000e+01
