1.500000000000000000e+03 1.500000000000000000e+03 1.500000000000000000e+03 1.500000000000000000e+03
2.061000000000000000e+03 1.439000000000000000e+03 1.171000000000000000e+03 1.329000000000000000e+03
2.674000000000000000e+03 6.510000000000000000e+02 1.759000000000000000e+03 9.160000000000000000e+02
1.668000000000000000e+03 1.658000000000000000e+03 2.124000000000000000e+03 5.500000000000000000e+02
1.790000000000000000e+03 6.270000000000000000e+02 6.910000000000000000e+02 2.892000000000000000e+03
2.970000000000000000e+02 2.148000000000000000e+03 1.702000000000000000e+03 1.853000000000000000e+03
4.500000000000000000e+02 7.750000000000000000e+02 4.208000000000000000e+03 5.670000000000000000e+02
0.000000000000000000e+00 1.210000000000000000e+02 2.210000000000000000e+03 3.669000000000000000e+03
3.180000000000000000e+02 2.053000000000000000e+03 0.000000000000000000e+00 3.629000000000000000e+03
1.549000000000000000e+03 3.839000000000000000e+03 4.060000000000000000e+02 2.060000000000000000e+02
1.347000000000000000e+03 0.000000000000000000e+00 2.626000000000000000e+03 2.027000000000000000e+03
6.760000000000000000e+02 3.069000000000000000e+03 2.253000000000000000e+03 2.000000000000000000e+00
1.636000000000000000e+03 2.714000000000000000e+03 -1.000000000000000000e+00 1.651000000000000000e+03
7.330000000000000000e+02 1.516000000000000000e+03 2.298000000000000000e+03 1.453000000000000000e+03
0.000000000000000000e+00 3.843000000000000000e+03 7.000000000000000000e+02 1.457000000000000000e+03
