1.455192036267132644e-02
4.900000000000000000e+01
1.460269313999381117e-03
1.060000000000000000e+02
1.326511281137678295e-03
1.370000000000000000e+02
2.946110900717066085e-03
7.700000000000000000e+01
8.180044088184996662e-03
1.280000000000000000e+02
1.345736519467545089e-03
2.760000000000000000e+02
4.455243630317426082e-03
6.200000000000000000e+01
8.580258479026764765e-03
2.330000000000000000e+02
5.451813505241620908e-03
1.570000000000000000e+02
5.192509831549702720e-02
1.000000000000000000e+01
