1.042000000000000000e+03 1.496000000000000000e+03 3.461000000000000000e+03 1.000000000000000000e+00
8.190000000000000000e+02 1.749000000000000000e+03 8.370000000000000000e+02 2.595000000000000000e+03
8.560000000000000000e+02 8.000000000000000000e+02 1.659000000000000000e+03 2.685000000000000000e+03
1.487000000000000000e+03 1.252000000000000000e+03 3.259000000000000000e+03 2.000000000000000000e+00
1.411000000000000000e+03 1.654000000000000000e+03 9.000000000000000000e+02 2.035000000000000000e+03
1.526000000000000000e+03 8.360000000000000000e+02 3.636000000000000000e+03 2.000000000000000000e+00
1.441000000000000000e+03 1.668000000000000000e+03 8.950000000000000000e+02 1.996000000000000000e+03
1.435000000000000000e+03 1.661000000000000000e+03 9.000000000000000000e+02 2.004000000000000000e+03
1.334000000000000000e+03 1.172000000000000000e+03 1.375000000000000000e+03 2.119000000000000000e+03
1.179000000000000000e+03 1.386000000000000000e+03 1.155000000000000000e+03 2.280000000000000000e+03
1.194000000000000000e+03 1.387000000000000000e+03 1.195000000000000000e+03 2.224000000000000000e+03
