1.500000000000000000e+03 1.500000000000000000e+03 1.500000000000000000e+03 1.500000000000000000e+03
1.416000000000000000e+03 1.309000000000000000e+03 7.590000000000000000e+02 2.516000000000000000e+03
3.302000000000000000e+03 6.230000000000000000e+02 1.242000000000000000e+03 8.330000000000000000e+02
3.163000000000000000e+03 1.276000000000000000e+03 9.990000000000000000e+02 5.620000000000000000e+02
3.628000000000000000e+03 6.010000000000000000e+02 8.410000000000000000e+02 9.300000000000000000e+02
2.295000000000000000e+03 3.380000000000000000e+02 0.000000000000000000e+00 3.367000000000000000e+03
6.580000000000000000e+02 2.369000000000000000e+03 3.530000000000000000e+02 2.620000000000000000e+03
6.160000000000000000e+02 5.300000000000000000e+02 1.908000000000000000e+03 2.946000000000000000e+03
8.340000000000000000e+02 3.842000000000000000e+03 1.322000000000000000e+03 2.000000000000000000e+00
0.000000000000000000e+00 2.308000000000000000e+03 2.677000000000000000e+03 1.015000000000000000e+03
2.006000000000000000e+03 1.400000000000000000e+02 3.852000000000000000e+03 2.000000000000000000e+00
0.000000000000000000e+00 4.220000000000000000e+02 2.540000000000000000e+02 5.324000000000000000e+03
1.883000000000000000e+03 2.686000000000000000e+03 0.000000000000000000e+00 1.431000000000000000e+03
1.778000000000000000e+03 0.000000000000000000e+00 2.181000000000000000e+03 2.041000000000000000e+03
1.659000000000000000e+03 2.517000000000000000e+03 1.823000000000000000e+03 1.000000000000000000e+00
