-5.562500000000000000e+01
1.131343750000000092e-01
-4.875790000000000077e+02
6.114717590000001701e-01
-2.420869999999999891e+02
4.008794310000001193e-01
-6.898000000000000398e+01
1.137496000000000063e-01
-1.704299999999999926e+01
2.777315099999999939e-02
-1.658399999999999963e+01
2.516294399999999959e-02
-1.540900000000000070e+01
2.418971900000000189e-02
-3.703870000000000005e+02
4.160992309999999583e-01
-1.697400000000000020e+01
2.703332400000000094e-02
-1.785399999999999920e+01
2.602268400000000079e-02
-1.755799999999999983e+01
2.520263599999999701e-02
