1.474000000000000000e+03 7.920000000000000000e+02 1.116000000000000000e+03 2.618000000000000000e+03
2.813000000000000000e+03 0.000000000000000000e+00 9.200000000000000000e+01 3.095000000000000000e+03
1.945000000000000000e+03 0.000000000000000000e+00 2.556000000000000000e+03 1.499000000000000000e+03
1.702000000000000000e+03 6.560000000000000000e+02 2.107000000000000000e+03 1.535000000000000000e+03
1.201000000000000000e+03 1.496000000000000000e+03 1.658000000000000000e+03 1.645000000000000000e+03
1.178000000000000000e+03 1.467000000000000000e+03 1.651000000000000000e+03 1.704000000000000000e+03
1.156000000000000000e+03 1.393000000000000000e+03 1.640000000000000000e+03 1.811000000000000000e+03
3.958000000000000000e+03 0.000000000000000000e+00 6.500000000000000000e+01 1.977000000000000000e+03
1.117000000000000000e+03 1.489000000000000000e+03 1.706000000000000000e+03 1.688000000000000000e+03
1.146000000000000000e+03 1.536000000000000000e+03 1.722000000000000000e+03 1.596000000000000000e+03
1.135000000000000000e+03 1.531000000000000000e+03 1.716000000000000000e+03 1.618000000000000000e+03
