1.218041694136636193e-03
7.300000000000000000e+01
9.516507671534203683e-03
7.100000000000000000e+01
1.343728733855176563e-02
6.100000000000000000e+01
2.202978534777586764e-03
1.560000000000000000e+02
4.995093837334230874e-02
1.300000000000000000e+01
5.054989287318809726e-02
1.500000000000000000e+01
5.188800691292889261e-02
6.000000000000000000e+00
1.640451485729403983e-02
2.300000000000000000e+01
1.126646216105964445e-02
9.900000000000000000e+01
9.508662182640905845e-04
5.100000000000000000e+01
