1.500000000000000000e+03 1.500000000000000000e+03 1.500000000000000000e+03 1.500000000000000000e+03
5.870000000000000000e+02 3.155000000000000000e+03 1.444000000000000000e+03 8.140000000000000000e+02
1.615000000000000000e+03 1.958000000000000000e+03 1.440000000000000000e+03 9.870000000000000000e+02
3.179000000000000000e+03 1.119000000000000000e+03 1.147000000000000000e+03 5.550000000000000000e+02
7.210000000000000000e+02 1.262000000000000000e+03 2.685000000000000000e+03 1.332000000000000000e+03
1.297000000000000000e+03 3.190000000000000000e+02 1.197000000000000000e+03 3.187000000000000000e+03
0.000000000000000000e+00 2.147000000000000000e+03 6.220000000000000000e+02 3.231000000000000000e+03
1.812000000000000000e+03 2.026000000000000000e+03 0.000000000000000000e+00 2.162000000000000000e+03
1.936000000000000000e+03 0.000000000000000000e+00 2.561000000000000000e+03 1.503000000000000000e+03
2.410000000000000000e+03 0.000000000000000000e+00 3.750000000000000000e+02 3.215000000000000000e+03
8.070000000000000000e+02 5.950000000000000000e+02 0.000000000000000000e+00 4.598000000000000000e+03
2.060000000000000000e+03 3.304000000000000000e+03 6.340000000000000000e+02 2.000000000000000000e+00
6.180000000000000000e+02 1.304000000000000000e+03 4.077000000000000000e+03 1.000000000000000000e+00
0.000000000000000000e+00 3.370000000000000000e+02 2.642000000000000000e+03 3.021000000000000000e+03
8.850000000000000000e+02 1.617000000000000000e+03 1.672000000000000000e+03 1.826000000000000000e+03
