1.582762747120036988e-03
4.300000000000000000e+01
1.590652814876856655e-03
5.300000000000000000e+01
1.504495422828563403e-03
1.820000000000000000e+02
1.500845492345969550e-03
1.790000000000000000e+02
1.537673788565880814e-03
3.300000000000000000e+01
1.206213282664869626e-03
2.740000000000000000e+02
1.109648179041139741e-03
1.070000000000000000e+02
1.157902060519395201e-03
1.140000000000000000e+02
1.175799618274965454e-03
1.160000000000000000e+02
1.189950548028290882e-03
8.300000000000000000e+01
8.144455326387486579e-03
3.300000000000000000e+01
