1.241000000000000000e+03 1.213000000000000000e+03 1.210000000000000000e+03 2.336000000000000000e+03
1.114000000000000000e+03 1.048000000000000000e+03 1.003000000000000000e+03 2.835000000000000000e+03
1.494000000000000000e+03 1.385000000000000000e+03 3.350000000000000000e+02 2.786000000000000000e+03
1.458000000000000000e+03 1.332000000000000000e+03 4.130000000000000000e+02 2.797000000000000000e+03
7.160000000000000000e+02 4.410000000000000000e+02 9.440000000000000000e+02 3.899000000000000000e+03
2.142000000000000000e+03 1.990000000000000000e+02 1.571000000000000000e+03 2.088000000000000000e+03
8.830000000000000000e+02 6.860000000000000000e+02 2.335000000000000000e+03 2.096000000000000000e+03
9.540000000000000000e+02 6.380000000000000000e+02 2.363000000000000000e+03 2.045000000000000000e+03
9.000000000000000000e+02 6.690000000000000000e+02 2.380000000000000000e+03 2.051000000000000000e+03
1.102000000000000000e+03 1.211000000000000000e+03 1.752000000000000000e+03 1.935000000000000000e+03
7.690000000000000000e+02 4.474000000000000000e+03 7.550000000000000000e+02 2.000000000000000000e+00
