-2.214600000000000080e+01
4.005268399999999118e-02
-7.878600000000000136e+01
1.433662040000000526e-01
-8.334999999999999432e+01
1.591515000000000013e-01
-7.943999999999999773e+01
1.490884000000000098e-01
-3.169719999999999800e+02
4.478432160000000439e-01
-1.724840000000000089e+02
3.157957439999999893e-01
-3.474199999999999733e+01
7.395143599999999540e-02
-3.656300000000000239e+01
7.154403100000000792e-02
-3.710799999999999699e+01
6.950833600000001777e-02
-1.550500000000000078e+01
2.553597499999999548e-02
-8.628000000000000114e+01
9.105760000000000243e-02
