1.500000000000000000e+03 1.500000000000000000e+03 1.500000000000000000e+03 1.500000000000000000e+03 3.250000000000000000e+02 3.620000000000000000e+02 3.730000000000000000e+02 3.890000000000000000e+02
5.070000000000000000e+02 3.163000000000000000e+03 1.015000000000000000e+03 1.315000000000000000e+03 3.450000000000000000e+02 3.390000000000000000e+02 3.590000000000000000e+02 3.640000000000000000e+02
1.361000000000000000e+03 1.105000000000000000e+03 2.153000000000000000e+03 1.381000000000000000e+03 3.440000000000000000e+02 3.530000000000000000e+02 3.410000000000000000e+02 3.920000000000000000e+02
2.192000000000000000e+03 2.218000000000000000e+03 8.800000000000000000e+02 7.100000000000000000e+02 3.400000000000000000e+02 3.270000000000000000e+02 3.330000000000000000e+02 3.600000000000000000e+02
2.012000000000000000e+03 2.791000000000000000e+03 5.480000000000000000e+02 6.490000000000000000e+02 3.390000000000000000e+02 3.390000000000000000e+02 3.450000000000000000e+02 3.470000000000000000e+02
1.189000000000000000e+03 1.322000000000000000e+03 1.497000000000000000e+03 1.992000000000000000e+03 3.440000000000000000e+02 3.560000000000000000e+02 3.410000000000000000e+02 3.630000000000000000e+02
3.286000000000000000e+03 7.350000000000000000e+02 7.900000000000000000e+02 1.189000000000000000e+03 3.400000000000000000e+02 3.550000000000000000e+02 3.400000000000000000e+02 3.480000000000000000e+02
3.390000000000000000e+02 2.207000000000000000e+03 2.657000000000000000e+03 7.970000000000000000e+02 3.450000000000000000e+02 3.560000000000000000e+02 3.400000000000000000e+02 3.630000000000000000e+02
1.371000000000000000e+03 7.970000000000000000e+02 9.210000000000000000e+02 2.911000000000000000e+03 3.440000000000000000e+02 3.560000000000000000e+02 3.400000000000000000e+02 3.630000000000000000e+02
8.060000000000000000e+02 1.848000000000000000e+03 1.401000000000000000e+03 1.945000000000000000e+03 3.430000000000000000e+02 3.570000000000000000e+02 3.310000000000000000e+02 3.720000000000000000e+02
1.405000000000000000e+03 1.275000000000000000e+03 1.334000000000000000e+03 1.986000000000000000e+03 3.440000000000000000e+02 3.600000000000000000e+02 3.410000000000000000e+02 3.570000000000000000e+02
1.317000000000000000e+03 1.260000000000000000e+03 1.460000000000000000e+03 1.963000000000000000e+03 3.430000000000000000e+02 3.580000000000000000e+02 3.460000000000000000e+02 3.610000000000000000e+02
1.660000000000000000e+02 2.325000000000000000e+03 1.079000000000000000e+03 2.430000000000000000e+03 3.450000000000000000e+02 3.560000000000000000e+02 3.410000000000000000e+02 3.630000000000000000e+02
8.710000000000000000e+02 4.090000000000000000e+02 2.701000000000000000e+03 2.019000000000000000e+03 3.440000000000000000e+02 3.560000000000000000e+02 3.400000000000000000e+02 3.630000000000000000e+02
3.185000000000000000e+03 7.800000000000000000e+01 6.080000000000000000e+02 2.129000000000000000e+03 3.450000000000000000e+02 3.560000000000000000e+02 3.400000000000000000e+02 3.630000000000000000e+02
