1.227000000000000000e+03 1.122000000000000000e+03 3.360000000000000000e+02 3.315000000000000000e+03
1.415000000000000000e+03 1.670000000000000000e+03 0.000000000000000000e+00 2.915000000000000000e+03
1.312000000000000000e+03 1.360000000000000000e+03 3.327000000000000000e+03 1.000000000000000000e+00
1.378000000000000000e+03 1.796000000000000000e+03 2.824000000000000000e+03 2.000000000000000000e+00
1.369000000000000000e+03 1.783000000000000000e+03 2.847000000000000000e+03 1.000000000000000000e+00
1.339000000000000000e+03 1.631000000000000000e+03 3.028000000000000000e+03 2.000000000000000000e+00
1.213000000000000000e+03 2.285000000000000000e+03 0.000000000000000000e+00 2.502000000000000000e+03
4.761000000000000000e+03 5.410000000000000000e+02 4.080000000000000000e+02 2.900000000000000000e+02
9.120000000000000000e+02 2.269000000000000000e+03 0.000000000000000000e+00 2.819000000000000000e+03
1.214000000000000000e+03 1.488000000000000000e+03 1.483000000000000000e+03 1.815000000000000000e+03
1.258000000000000000e+03 1.466000000000000000e+03 1.378000000000000000e+03 1.898000000000000000e+03
