9.012403575642558571e-04
8.500000000000000000e+01
1.064249631550758055e-03
2.000000000000000000e+02
1.197390475751423933e-03
2.020000000000000000e+02
2.134193875796320389e-02
1.200000000000000000e+01
2.895627063051511504e-02
7.000000000000000000e+00
6.935483298820739086e-03
6.800000000000000000e+01
8.051567821634669081e-03
7.100000000000000000e+01
9.897067535779493098e-04
8.500000000000000000e+01
1.010850710928200844e-03
7.300000000000000000e+01
1.275730837532969937e-03
9.700000000000000000e+01
