-1.760680000000000121e+02
2.731453759999999953e-01
-3.906530000000000200e+02
5.629745909999999132e-01
-2.005840000000000032e+02
3.372609440000000069e-01
-1.137489999999999952e+02
1.900999989999999917e-01
-1.141350000000000051e+02
2.055647750000000051e-01
-1.389970000000000141e+02
2.591529909999999992e-01
-3.556250000000000000e+02
4.335423749999999798e-01
-2.955280000000000200e+02
3.231392160000000069e-01
-3.972710000000000150e+02
5.555775590000000541e-01
-1.508000000000000007e+01
2.505360000000000226e-02
-1.531099999999999994e+01
2.339427899999999699e-02
