1.500000000000000000e+03 1.500000000000000000e+03 1.500000000000000000e+03 1.500000000000000000e+03 3.490000000000000000e+02 3.600000000000000000e+02 3.320000000000000000e+02 3.780000000000000000e+02
2.238000000000000000e+03 6.980000000000000000e+02 1.672000000000000000e+03 1.392000000000000000e+03 3.740000000000000000e+02 3.390000000000000000e+02 3.470000000000000000e+02 3.750000000000000000e+02
9.960000000000000000e+02 1.029000000000000000e+03 2.310000000000000000e+03 1.665000000000000000e+03 2.900000000000000000e+02 3.680000000000000000e+02 3.410000000000000000e+02 3.430000000000000000e+02
1.897000000000000000e+03 1.469000000000000000e+03 1.284000000000000000e+03 1.350000000000000000e+03 3.670000000000000000e+02 3.330000000000000000e+02 3.040000000000000000e+02 3.670000000000000000e+02
7.090000000000000000e+02 2.650000000000000000e+03 1.433000000000000000e+03 1.208000000000000000e+03 3.770000000000000000e+02 3.670000000000000000e+02 3.540000000000000000e+02 3.410000000000000000e+02
2.880000000000000000e+02 3.720000000000000000e+02 1.994000000000000000e+03 3.346000000000000000e+03 3.450000000000000000e+02 3.560000000000000000e+02 3.400000000000000000e+02 3.630000000000000000e+02
1.391000000000000000e+03 1.323000000000000000e+03 8.070000000000000000e+02 2.479000000000000000e+03 3.450000000000000000e+02 3.580000000000000000e+02 3.390000000000000000e+02 3.670000000000000000e+02
1.708000000000000000e+03 3.499000000000000000e+03 3.250000000000000000e+02 4.680000000000000000e+02 3.450000000000000000e+02 3.560000000000000000e+02 3.400000000000000000e+02 3.630000000000000000e+02
1.395000000000000000e+03 1.112000000000000000e+03 9.080000000000000000e+02 2.585000000000000000e+03 3.450000000000000000e+02 3.530000000000000000e+02 3.380000000000000000e+02 3.650000000000000000e+02
3.001000000000000000e+03 8.370000000000000000e+02 1.815000000000000000e+03 3.470000000000000000e+02 3.450000000000000000e+02 3.700000000000000000e+02 3.440000000000000000e+02 3.520000000000000000e+02
1.372000000000000000e+03 1.223000000000000000e+03 3.059000000000000000e+03 3.460000000000000000e+02 3.440000000000000000e+02 3.560000000000000000e+02 3.400000000000000000e+02 3.630000000000000000e+02
1.181000000000000000e+03 1.510000000000000000e+03 1.104000000000000000e+03 2.205000000000000000e+03 3.440000000000000000e+02 3.600000000000000000e+02 3.400000000000000000e+02 3.670000000000000000e+02
2.510000000000000000e+03 4.100000000000000000e+01 8.000000000000000000e+00 3.441000000000000000e+03 3.450000000000000000e+02 3.560000000000000000e+02 3.400000000000000000e+02 3.630000000000000000e+02
2.140000000000000000e+02 9.320000000000000000e+02 4.008000000000000000e+03 8.460000000000000000e+02 3.450000000000000000e+02 3.560000000000000000e+02 3.400000000000000000e+02 3.630000000000000000e+02
8.410000000000000000e+02 1.444000000000000000e+03 3.600000000000000000e+01 3.679000000000000000e+03 3.450000000000000000e+02 3.560000000000000000e+02 3.400000000000000000e+02 3.630000000000000000e+02
