-9.000000000000000000e+00
0.000000000000000000e+00
-9.000000000001316280e+00
0.000000000000000000e+00
-9.000000000000040856e+00
0.000000000000000000e+00
-9.000000000000452971e+00
0.000000000000000000e+00
-1.675599882494080317e+00
0.000000000000000000e+00
-1.666589113587048532e+00
0.000000000000000000e+00
-1.688327587375637595e+00
0.000000000000000000e+00
-1.781610361089921879e+00
0.000000000000000000e+00
-1.696962715765836682e+00
0.000000000000000000e+00
-1.755428709422530487e+00
0.000000000000000000e+00
-1.479859599502528322e+00
0.000000000000000000e+00
-1.380194311200363178e+00
0.000000000000000000e+00
-1.463009498764612726e+00
0.000000000000000000e+00
-1.475585511542977013e+00
0.000000000000000000e+00
-1.453684595919241485e+00
0.000000000000000000e+00
-4.928464882801738417e-02
0.000000000000000000e+00
-5.160880055957151047e-02
0.000000000000000000e+00
-4.256438177393417899e-02
0.000000000000000000e+00
-4.227474042705313406e-02
0.000000000000000000e+00
-4.267860537382433400e-02
0.000000000000000000e+00
-3.867136539234045101e-02
0.000000000000000000e+00
-4.539332872798569618e-02
0.000000000000000000e+00
-5.504156881827787506e-02
0.000000000000000000e+00
-2.220046831454442621e-02
0.000000000000000000e+00
-9.852446227602360950e-04
0.000000000000000000e+00
-7.027645221629106459e-03
0.000000000000000000e+00
-7.832239724944584786e-03
0.000000000000000000e+00
-5.156105456402515844e-03
0.000000000000000000e+00
-9.234629582095921869e-04
0.000000000000000000e+00
-1.816731458940595194e-03
0.000000000000000000e+00
-3.817156264618217897e-04
0.000000000000000000e+00
-6.791494652951838781e-04
0.000000000000000000e+00
-6.778174356713362932e-04
0.000000000000000000e+00
-6.100343014766093771e-04
0.000000000000000000e+00
-1.083682385859231377e-03
0.000000000000000000e+00
-1.110726119862721125e-03
0.000000000000000000e+00
-1.045248631946253930e-03
0.000000000000000000e+00
-1.113230026568998079e-03
0.000000000000000000e+00
-1.138222365279650209e-03
0.000000000000000000e+00
-1.108756456159880723e-03
0.000000000000000000e+00
-9.846430995263603502e-04
0.000000000000000000e+00
-1.327209456275387249e-03
0.000000000000000000e+00
-1.465046018949826096e-03
0.000000000000000000e+00
-1.516376192909262401e-03
0.000000000000000000e+00
-2.474182497691343550e-03
0.000000000000000000e+00
-2.362579167052799179e-03
0.000000000000000000e+00
-2.346458901500190087e-03
0.000000000000000000e+00
-5.926702048157436210e-03
0.000000000000000000e+00
-6.370016240636541122e-03
0.000000000000000000e+00
-1.225973602071901876e-02
0.000000000000000000e+00
-7.676293539314245871e-03
0.000000000000000000e+00
-8.217488595213066557e-03
0.000000000000000000e+00
-7.449236519519879078e-03
0.000000000000000000e+00
-6.676501386949749636e-03
0.000000000000000000e+00
-9.244859215732878846e-03
0.000000000000000000e+00
-7.035741825209137872e-03
0.000000000000000000e+00
-7.069240047769527122e-03
0.000000000000000000e+00
-7.175270178406615088e-03
0.000000000000000000e+00
-8.389927419503614286e-03
0.000000000000000000e+00
-8.318793858677453468e-03
0.000000000000000000e+00
-2.410627403960774115e-02
0.000000000000000000e+00
-2.595416710246657016e-02
0.000000000000000000e+00
-1.356342703287721080e-02
0.000000000000000000e+00
-1.383291319241944199e-02
0.000000000000000000e+00
-1.190291680410776771e-02
0.000000000000000000e+00
-1.199115591663270711e-02
0.000000000000000000e+00
-1.206890850839572628e-02
0.000000000000000000e+00
-1.003118030724222884e-02
0.000000000000000000e+00
-8.270961219940448084e-03
0.000000000000000000e+00
-7.599848771195447106e-03
0.000000000000000000e+00
-7.604125814719159097e-03
0.000000000000000000e+00
-7.042773532504546102e-03
0.000000000000000000e+00
-7.121823896357046962e-03
0.000000000000000000e+00
-8.056298637729605167e-03
0.000000000000000000e+00
-8.045513251596272258e-03
0.000000000000000000e+00
-7.245258011172728621e-03
0.000000000000000000e+00
-6.651828593478453268e-03
0.000000000000000000e+00
-8.024050525103512341e-03
0.000000000000000000e+00
-9.394670485768134849e-03
0.000000000000000000e+00
-9.733738714225195071e-03
0.000000000000000000e+00
-9.741395396390604283e-03
0.000000000000000000e+00
-9.678664805660274623e-03
0.000000000000000000e+00
-9.303564238730754193e-03
0.000000000000000000e+00
-9.323871648565209419e-03
0.000000000000000000e+00
-1.000803210814130498e-02
0.000000000000000000e+00
-1.045010319899240467e-02
0.000000000000000000e+00
-1.036543319419457911e-02
0.000000000000000000e+00
-9.140966971635189342e-03
0.000000000000000000e+00
-1.008953633730533782e-02
0.000000000000000000e+00
-1.416619011872907036e-02
0.000000000000000000e+00
-6.559886625605105930e-03
0.000000000000000000e+00
-1.595283315577520344e+00
0.000000000000000000e+00
-5.332974056861261233e-03
0.000000000000000000e+00
-5.227259820548161261e-03
0.000000000000000000e+00
-5.315935974420946640e-03
0.000000000000000000e+00
-6.888738951932056771e-03
0.000000000000000000e+00
-6.614613863125999582e-03
0.000000000000000000e+00
-6.668761990712899351e-03
0.000000000000000000e+00
-6.874570010216483895e-03
0.000000000000000000e+00
-6.946100376905767204e-03
0.000000000000000000e+00
-7.033748954879787477e-03
0.000000000000000000e+00
