6.526905629238063077e-03
3.000000000000000000e+00
1.936254326766568834e-01
3.000000000000000000e+00
1.887998765023096714e+00
1.010000000000000000e+02
3.029546367907239857e-01
3.000000000000000000e+00
1.629481331251736886e+00
1.010000000000000000e+02
1.620923486621050014e+00
1.010000000000000000e+02
1.173855565723907812e+00
1.010000000000000000e+02
2.578223734023950442e+00
1.010000000000000000e+02
6.986998311977903775e+00
1.010000000000000000e+02
1.796036055082317562e+00
4.000000000000000000e+00
9.903961992335527098e-01
1.010000000000000000e+02
4.326276336429901725e-01
4.500000000000000000e+01
2.390598351538471833e-01
3.600000000000000000e+01
2.195719856872963005e-01
1.000000000000000000e+00
1.065421293743995612e+01
1.100000000000000000e+01
1.489484278763675729e+00
1.010000000000000000e+02
9.045301119861770545e+00
1.300000000000000000e+01
1.413551985764629204e-01
1.000000000000000000e+00
2.795869547777500297e-01
1.000000000000000000e+00
2.720114616033217469e+00
1.010000000000000000e+02
2.158250440435808271e-01
3.500000000000000000e+01
9.559662470600581941e+00
1.010000000000000000e+02
8.347787299405137196e-01
3.100000000000000000e+01
3.561833841382935906e-01
4.000000000000000000e+01
3.996103720084009581e+01
1.010000000000000000e+02
1.647752489701559131e-01
1.000000000000000000e+00
3.693117961509890357e+00
1.010000000000000000e+02
1.359647853320394284e-01
2.300000000000000000e+01
2.054141686393861632e-01
1.000000000000000000e+00
1.030655394800020219e-01
1.000000000000000000e+00
8.212087615318065525e-01
5.000000000000000000e+00
1.334485284047791376e-02
1.000000000000000000e+00
4.832139004293173556e+00
1.010000000000000000e+02
6.650237581433912117e-04
1.000000000000000000e+00
5.719207887785489330e-02
1.300000000000000000e+01
1.021596582841018952e+00
1.400000000000000000e+01
4.602580615804842123e-01
1.300000000000000000e+01
1.712478407910704784e-02
1.000000000000000000e+00
1.670409818122631673e+00
1.010000000000000000e+02
3.464165936571487331e-02
1.000000000000000000e+00
2.509810870597337096e-01
6.000000000000000000e+00
8.171967736232020607e-02
1.000000000000000000e+00
1.546516428987028346e+00
1.010000000000000000e+02
8.318777773179268920e+00
2.200000000000000000e+01
2.158129954460492161e+00
1.010000000000000000e+02
2.649899077370002076e-01
1.500000000000000000e+01
2.344885898537070468e-01
1.000000000000000000e+00
2.354394511858723504e+00
1.900000000000000000e+01
7.895334288595154959e-01
1.010000000000000000e+02
2.908558852275417106e+00
3.000000000000000000e+00
1.230288701093778636e+00
1.010000000000000000e+02
1.630421244355605148e-01
1.000000000000000000e+00
5.745215355378791716e-02
1.000000000000000000e+00
6.752183692185229069e-02
1.000000000000000000e+00
4.165682169974191384e-02
1.000000000000000000e+00
3.286917667878531870e-03
1.000000000000000000e+00
5.545163413340519210e-01
1.010000000000000000e+02
8.574992040900953905e-01
1.010000000000000000e+02
4.395225644784399310e-02
1.000000000000000000e+00
1.338050651981888661e+00
2.000000000000000000e+00
1.489849600278261077e+00
2.000000000000000000e+00
1.782068009589304003e+00
1.000000000000000000e+00
3.227556018071942034e+00
1.010000000000000000e+02
3.815361136262049868e+00
1.010000000000000000e+02
5.657165436581057527e-01
3.000000000000000000e+00
2.383498738817384055e+00
5.500000000000000000e+01
3.340840256866186575e-01
1.000000000000000000e+00
1.503405736278215221e-01
4.000000000000000000e+00
2.021628552528075273e-01
4.000000000000000000e+00
3.461436690593089782e+00
8.200000000000000000e+01
1.353616615565187509e+01
2.000000000000000000e+00
1.110293659172396641e+00
2.000000000000000000e+00
1.483345596250121856e+00
6.000000000000000000e+01
5.766669831909178257e+00
1.600000000000000000e+01
2.168932403835823308e+00
1.010000000000000000e+02
8.802727303024167338e-02
1.000000000000000000e+00
9.026964492098767323e+01
1.900000000000000000e+01
1.383091311852156657e+01
1.010000000000000000e+02
6.278602777482786834e-01
1.000000000000000000e+00
1.557981638465697760e-01
1.000000000000000000e+00
6.854907346709452525e-04
1.000000000000000000e+00
2.574309936049133274e+00
1.010000000000000000e+02
1.089696356879578665e-01
1.000000000000000000e+01
8.145432949819046975e-01
2.000000000000000000e+00
8.131445608027672023e+00
1.010000000000000000e+02
3.521798795113672415e-02
1.000000000000000000e+00
2.575529438615273975e-02
1.000000000000000000e+00
6.370386572552408033e+00
1.010000000000000000e+02
5.296924822556512424e-01
1.000000000000000000e+00
6.337196776744586479e+00
4.000000000000000000e+00
1.182004536806188222e+00
4.000000000000000000e+00
1.699641325895415944e+00
5.000000000000000000e+00
1.942296033123373400e+00
1.010000000000000000e+02
2.012493686936544179e+00
5.000000000000000000e+00
1.313218075942995426e+02
1.010000000000000000e+02
3.880722821103283593e+01
1.010000000000000000e+02
1.212174574051902809e+01
5.000000000000000000e+00
2.637364058695871449e+01
1.010000000000000000e+02
9.546206792762351512e+00
1.010000000000000000e+02
1.601566915109892353e+00
9.000000000000000000e+00
