2.947451940013683935e-01
3.000000000000000000e+00
2.949564903045245323e-01
4.000000000000000000e+00
6.201323047696654100e-01
3.000000000000000000e+00
1.245504791920773124e+00
3.000000000000000000e+00
4.576212836560067387e-05
5.000000000000000000e+00
2.467427272412336947e-05
7.000000000000000000e+00
4.315409826149974037e-05
7.000000000000000000e+00
1.664891472727414445e-05
7.000000000000000000e+00
2.438819167399852716e-03
9.000000000000000000e+00
4.636802784043769776e-04
4.000000000000000000e+00
4.325500359603218214e-04
9.000000000000000000e+00
5.981675269006725415e-05
4.000000000000000000e+00
4.007254896889245188e-03
5.000000000000000000e+00
6.187930151824172498e-04
5.000000000000000000e+00
1.728763142232470074e-04
5.000000000000000000e+00
7.776037746368702486e-04
5.000000000000000000e+00
2.712150385383860218e-05
5.000000000000000000e+00
6.137569664685926796e-04
6.000000000000000000e+00
7.318766435631118839e-04
6.000000000000000000e+00
1.055285196026566064e-04
5.000000000000000000e+00
1.657632609024517478e-04
4.000000000000000000e+00
1.254573906006140049e-03
5.000000000000000000e+00
3.325628111716660840e-05
5.000000000000000000e+00
3.039765621127732409e-03
4.000000000000000000e+00
2.614560545839417216e-04
5.000000000000000000e+00
2.379691961662544486e-05
6.000000000000000000e+00
4.689423989967522743e-05
6.000000000000000000e+00
8.628395569587610225e-05
6.000000000000000000e+00
1.226756072907342343e-04
7.000000000000000000e+00
3.292522094354599638e-03
4.000000000000000000e+00
2.254629168851884913e-05
5.000000000000000000e+00
5.845849164565208866e-05
6.000000000000000000e+00
1.546955977094199852e-06
6.000000000000000000e+00
3.842953753940836492e-06
6.000000000000000000e+00
2.179184348927165615e-05
4.000000000000000000e+00
3.042941199725033782e-05
5.000000000000000000e+00
3.958239585877265654e-06
5.000000000000000000e+00
3.154469186614477366e-06
6.000000000000000000e+00
4.987660997679554953e-05
4.000000000000000000e+00
6.469940423503572902e-05
6.000000000000000000e+00
1.902020514688018693e-05
5.000000000000000000e+00
6.207922156187956064e-05
7.000000000000000000e+00
2.903688093303102846e-06
5.000000000000000000e+00
2.900920110590288203e-03
5.000000000000000000e+00
3.065655177267312403e-05
6.000000000000000000e+00
4.062330784160295138e-05
5.000000000000000000e+00
3.758821242383358907e-04
5.000000000000000000e+00
1.613094620508959132e-05
4.000000000000000000e+00
2.934984311142585511e-06
5.000000000000000000e+00
7.659662920378451645e-06
5.000000000000000000e+00
3.531179568572184735e-05
5.000000000000000000e+00
7.261055487740863956e-05
5.000000000000000000e+00
1.257670045497379097e-05
5.000000000000000000e+00
6.729609295204330710e-05
4.000000000000000000e+00
1.509562399260033771e-05
5.000000000000000000e+00
1.041354912040270975e-05
6.000000000000000000e+00
2.897155101794356147e-03
4.000000000000000000e+00
1.240852681805293400e-05
5.000000000000000000e+00
4.726981354008508163e-05
5.000000000000000000e+00
4.648728026848919330e-04
3.000000000000000000e+00
2.826575227519778633e-03
2.000000000000000000e+00
5.292228225783901507e-05
5.000000000000000000e+00
6.826169946982929559e-05
3.000000000000000000e+00
2.226901751667398344e-05
3.000000000000000000e+00
5.005442498465240142e-05
3.000000000000000000e+00
1.082528664477777625e-04
5.000000000000000000e+00
4.438502001491428928e-06
8.000000000000000000e+00
3.293048253194541530e-06
6.000000000000000000e+00
6.345946140795533097e-05
3.000000000000000000e+00
5.696996985271596259e-06
6.000000000000000000e+00
2.120533583238604081e-04
4.000000000000000000e+00
7.553175481067597730e-06
6.000000000000000000e+00
2.179317849225058390e-03
3.000000000000000000e+00
3.260478267804279434e-03
4.000000000000000000e+00
5.383429119476534908e-05
5.000000000000000000e+00
1.162165120418556796e-04
5.000000000000000000e+00
5.618057749302851622e-05
5.000000000000000000e+00
2.697018077042170198e-03
4.000000000000000000e+00
4.053439720097529175e-06
3.000000000000000000e+00
3.041934041198629188e-03
5.000000000000000000e+00
3.475218627979614894e-06
5.000000000000000000e+00
2.581589644936176965e-03
4.000000000000000000e+00
3.335367185370863297e-04
5.000000000000000000e+00
1.692348212678496111e-07
6.000000000000000000e+00
3.039087865932616622e-03
3.000000000000000000e+00
1.305141166518808404e-05
3.000000000000000000e+00
9.751716691486222999e-06
5.000000000000000000e+00
5.107516150459900928e-06
6.000000000000000000e+00
3.675955935204117120e-06
3.000000000000000000e+00
1.601786531604254549e-04
5.000000000000000000e+00
6.024791358516523587e-05
5.000000000000000000e+00
7.150851306980676725e-05
7.000000000000000000e+00
4.366150970946947041e-05
5.000000000000000000e+00
2.714001040615698912e-05
5.000000000000000000e+00
6.248591887147991741e-05
5.000000000000000000e+00
5.885844135383733189e-06
4.000000000000000000e+00
1.048469063273660407e-05
5.000000000000000000e+00
5.438245870595728726e-05
3.000000000000000000e+00
2.527134081597992576e-05
5.000000000000000000e+00
9.379121267194534539e-06
3.000000000000000000e+00
2.555153128946940910e-05
6.000000000000000000e+00
