-1.668040973461563103e+00 1.876032258370354810e-01
2.224393837064258861e+00 -3.298699577793592352e-01
-1.759685067963441485e+00 -1.192764612421806092e+00
2.511665447627529524e+00 -2.048765105875872961e-01
-6.953286723102536371e-02 -3.588289470012431259e-01
6.704631774158742452e-01 6.034716026094953945e-01
1.595447138881893601e+00 -1.664788529471694423e+00
1.105079272376592314e-01 -7.001790376899513779e-01
-1.219196990542668280e+00 1.151391009487170214e+00
-1.873672628032490239e+00 1.857331007231311837e+00
3.000000000000000000e+00 -1.916759244145292002e-02
-2.998632965255782157e+00 -6.152468061728177950e-02
-1.022728532098873711e+00 -1.150216852930059819e+00
-3.000000000000002220e+00 -2.728427375512231801e-01
7.694225139405646008e-01 5.582399436354456013e-01
-2.884803720603831834e-01 -1.706482939588759296e+00
4.363629058785946646e-01 -1.191733958548321093e+00
-3.695792097277940669e-01 1.125575396556628860e+00
-3.718255232898017848e-01 -1.361703820816574151e+00
-1.919911030304206623e+00 1.237827037027355193e+00
-2.155509617322926896e+00 -7.892604024963189024e-01
-4.058925187495610043e-01 -6.723939619271362966e-01
-2.841025582549627782e+00 1.101871595572095019e+00
2.852759311102404549e+00 -6.029782044578541056e-01
-4.129114609644962686e-01 -1.184693460178393387e+00
2.999581675473535824e+00 1.265109681565337096e+00
-1.674163793830411584e-01 -1.363308445089429721e+00
-2.510222218913440440e+00 1.776063938986393476e+00
-2.691178469049743338e+00 4.931365961914511153e-01
2.020714404965894273e-01 1.544259784064564656e+00
3.294217101670532943e-01 8.571101583628963905e-01
-1.772771115253331420e+00 9.917276639689533990e-01
6.450265506817813577e-02 -1.911146158765008707e+00
1.585653582245812210e+00 6.315677136830015748e-01
-5.034596301590746892e-01 -1.034678071609846262e+00
1.762174794733609273e+00 -1.170243450710409139e+00
4.099967825004243172e-01 1.368301271505480976e+00
-1.746695222004611692e-01 2.197892979026670801e+00
1.057829097065474261e-01 -4.915990089810743507e-02
-2.686005653376780655e-01 5.091041875643940312e-02
-1.819917639028865997e-01 1.442570611495720634e+00
-2.949796429367958606e+00 5.711169019574859895e-01
-1.377162048072890776e+00 -1.093087959117907237e+00
2.637117088126993636e+00 4.594974376210579359e-01
-2.449473335521720863e+00 3.403966570259598368e-01
-2.117729761950271072e+00 6.511531262015598509e-01
-1.332182880896738641e+00 -7.502593629501323746e-02
-2.859381116458917127e+00 2.058725041532862565e-01
-1.934994701041157228e+00 -7.446627049624335859e-01
1.730919195342704109e+00 2.192751542877688919e-01
1.125887559273364147e+00 -1.440672035237863025e+00
1.485341364127256814e+00 1.308994927705655342e-01
2.914387027276550857e+00 -7.934952368271080969e-01
-1.019444803254925924e+00 1.070371052529469402e+00
-2.310318086651298675e+00 9.400206261596842916e-01
-1.437116514141238310e+00 2.322739585174528679e-02
5.286041979344894282e-01 -7.229275964926703546e-01
-1.222401789300671338e+00 -1.100606537475098623e+00
3.279629807057140023e-01 -1.919226151582658746e+00
2.272980818036254569e-01 -8.926785267090392439e-01
-1.671149110249568581e+00 -7.827375452913070131e-01
4.712512516997963696e-01 3.628617331445660454e-02
2.413706978139488868e+00 1.091410783163228482e+00
1.156638362220641314e+00 1.303874738919659493e-01
1.007841607236748649e+00 -3.023029921455185343e-01
-2.923610985532555606e+00 3.273311380216444855e-01
-1.067612335725514727e+00 5.669360936855496469e-01
3.139828976694091223e-01 3.559900605459668799e-01
-1.443362863874010804e+00 -1.341310591371788936e-02
-7.503009222197895012e-01 -3.800387786725899497e-01
-6.096316597626645351e-01 -2.332057660000666777e-01
9.757881596604586205e-01 6.885676781730069029e-01
-1.387693196250379124e+00 9.007261814144325029e-01
-1.612778901938811016e+00 -6.928610728089114046e-01
-1.624946032313743016e+00 2.385107521894386906e+00
-1.383987300486517080e+00 1.903245606931403877e+00
9.810503360197282419e-01 2.216899505736454223e+00
-1.082327344629030241e+00 1.280415840898252000e+00
-6.170715643521894611e-01 1.020521384151277022e+00
-1.607455880685266791e+00 -2.031405011961876284e+00
6.354339569582788672e-01 -9.955668817555753947e-01
-1.833091352199310187e+00 -1.006945234218749929e+00
4.702816371431268183e-01 2.076875607217411601e-01
-8.866170412376301879e-01 8.785475755902683037e-01
-6.484680819286277043e-01 -4.836631864260934055e-01
1.715055808798866099e+00 -7.363466248621003407e-01
1.336382660873825512e-01 -8.124827476478597710e-01
-8.904740392274290706e-01 -6.921253748227031988e-01
1.859090397342146428e+00 1.135818100657675300e+00
2.985123873590530774e+00 -4.531724867049826133e-01
-2.927037791002471856e+00 3.177633176868249198e-01
-1.923786680955020145e+00 7.461326676496246035e-01
-2.837176045273346325e+00 -7.665369629360372361e-01
-1.901246325040765184e+00 7.175942468364935323e-01
-1.038020801336416277e+00 -7.558956316484558569e-01
9.371693735130025571e-01 1.894140578999204683e-01
1.015677182540331014e+00 3.185354868443516452e+00
4.574567371633793678e-01 8.000898955029457360e-01
1.233856412786261458e+00 7.095122176115508106e-01
-7.895866230829243770e-01 6.014395637978152687e-01
5.093478555266445218e-01 -2.973975436134425276e+00
-2.507706063332551416e+00 -3.557991277587905787e-01
-2.766622745292738994e+00 6.029804755427570218e-01
-2.673649843263175896e+00 -7.377123469414582635e-01
-4.048989596019355597e-01 1.198745327225443136e+00
-1.696061320275865425e+00 1.358895555202289218e+00
-2.082878815523901306e+00 9.383377513445148033e-01
-1.443523145524803430e+00 -1.138246302753533001e+00
-1.047977173152104147e+00 1.817122275219647198e+00
-1.507876885144396439e+00 -2.247886242911426358e+00
