7.636260916057054260e+00
-1.534481155531260299e+01
-3.760260698513749222e+00
-2.812367813033693054e+01
3.566409008689109261e-01
-1.199316956529708378e+00
-5.803115919992150040e-01
6.881506753291930512e-01
-2.651425256170468092e+00
-5.387881666988379337e+00
-1.149150735369682508e+02
5.062932531967960159e+01
4.680312050984577477e-01
-9.884330579098087100e+00
-1.633753295639192249e+00
1.587775265241782918e+00
9.398490363192966157e-01
-1.261147866916725091e+00
1.193703988484398293e+00
-4.360060831687893490e+00
-7.423205074285027294e+00
4.211330454429196846e-01
-3.512645896620168351e+00
-1.579041939271740080e+00
1.146027924260997644e+00
-1.247753958477188085e+01
1.326836148649678027e+00
-4.723872647737460184e+00
-6.779905626734598734e+00
-1.580434966164040445e+00
-9.492282522872018680e-01
-4.582150082507671307e+00
1.905501470604405778e+00
-1.935457514032885795e+00
6.940156876963753385e-01
-2.873393400901302019e+00
-1.512372112756419140e+00
-2.240248742029561591e+00
-1.832621941239847077e-02
-8.337868514998401093e-01
-1.453786635504059843e+00
-1.645563738661917963e+00
-3.365735402732623616e-01
3.239695722741205763e+00
7.075679486529565798e-01
-4.073722082700407476e+00
5.481451240057102936e+00
-2.499267448464305375e+01
-1.073217476557608352e+00
1.106010425591697155e+00
-2.164943974727181197e-01
-7.745396410397558995e+00
-1.060130945817160963e+01
-1.769824162018239999e+00
-6.241195356622101897e+00
-3.583912686293698613e+01
3.486038119405738267e-01
-1.120599641194995000e+00
1.773353431761704346e+00
8.625239566068489960e-01
-4.735256814754643884e+00
-4.581177870824205911e+00
-7.138876863650378546e+00
-5.957730432979841062e+00
3.033773945356532664e-01
-1.033751963430374410e+01
-1.447934239142115276e+00
-4.033651540826118098e-01
-7.362471060112230248e+01
3.828865448482198786e-01
-2.841640063772111202e-01
-8.144798163431021809e-01
-2.435210831432736533e+00
1.422422956575033925e+00
-4.521248149020218321e+00
-3.565402794599230596e+00
-3.080189103454240573e+00
-3.056906665260810563e+00
-1.553469749986392090e+00
-9.907008657026764586e-01
7.517291951596668520e-01
-3.280838586764717402e+00
-1.593799478795538127e-01
-1.691014315859062922e+00
2.956833151370916873e-02
-7.057162379157555510e-01
8.015672898918622113e-01
-2.614656561969813109e-01
-4.234788183671031270e+00
-8.183896414525699825e+00
-1.484173736573729085e+00
-7.823559357579012996e+00
-7.654131690286497758e+00
1.531880159355266890e+00
-6.719820893538023254e-01
-7.757580716337184601e-01
-4.292484286931903981e+00
-9.468708607016835810e-01
-3.342611471584069793e+00
-5.846567716794204284e-01
2.704630444352667418e+00
-1.380889898707401697e-01
3.932199908876939709e+00
-6.063101502074956795e-01
-1.309841307880495354e+00
-3.848097842535943336e+00
-3.912959985034618171e+00
-2.054280291526450419e+00
-3.117545778110824450e+00
-3.468212217796283192e-01
