2.690000000000000000e+02 3.310000000000000000e+02 0.000000000000000000e+00 0.000000000000000000e+00
1.590000000000000000e+02 2.400000000000000000e+02 1.990000000000000000e+02 2.000000000000000000e+00
2.000000000000000000e+00 1.430000000000000000e+02 4.540000000000000000e+02 1.000000000000000000e+00
2.740000000000000000e+02 1.390000000000000000e+02 1.860000000000000000e+02 1.000000000000000000e+00
2.880000000000000000e+02 4.000000000000000000e+00 3.070000000000000000e+02 1.000000000000000000e+00
2.150000000000000000e+02 2.930000000000000000e+02 9.100000000000000000e+01 1.000000000000000000e+00
1.390000000000000000e+02 1.520000000000000000e+02 1.840000000000000000e+02 1.250000000000000000e+02
3.740000000000000000e+02 2.260000000000000000e+02 0.000000000000000000e+00 0.000000000000000000e+00
2.050000000000000000e+02 1.040000000000000000e+02 2.900000000000000000e+02 1.000000000000000000e+00
2.220000000000000000e+02 1.860000000000000000e+02 1.900000000000000000e+02 2.000000000000000000e+00
3.270000000000000000e+02 6.900000000000000000e+01 2.020000000000000000e+02 2.000000000000000000e+00
6.000000000000000000e+01 5.040000000000000000e+02 3.400000000000000000e+01 2.000000000000000000e+00
1.410000000000000000e+02 3.120000000000000000e+02 1.450000000000000000e+02 2.000000000000000000e+00
2.620000000000000000e+02 0.000000000000000000e+00 3.370000000000000000e+02 1.000000000000000000e+00
2.480000000000000000e+02 2.940000000000000000e+02 5.700000000000000000e+01 1.000000000000000000e+00
1.880000000000000000e+02 1.320000000000000000e+02 2.800000000000000000e+02 0.000000000000000000e+00
2.800000000000000000e+02 5.900000000000000000e+01 2.590000000000000000e+02 2.000000000000000000e+00
2.950000000000000000e+02 3.020000000000000000e+02 1.000000000000000000e+00 2.000000000000000000e+00
0.000000000000000000e+00 3.850000000000000000e+02 2.140000000000000000e+02 1.000000000000000000e+00
3.420000000000000000e+02 1.950000000000000000e+02 6.300000000000000000e+01 0.000000000000000000e+00
1.700000000000000000e+02 2.830000000000000000e+02 1.470000000000000000e+02 0.000000000000000000e+00
6.000000000000000000e+00 2.090000000000000000e+02 1.800000000000000000e+02 2.050000000000000000e+02
6.200000000000000000e+01 2.430000000000000000e+02 2.910000000000000000e+02 4.000000000000000000e+00
4.320000000000000000e+02 8.600000000000000000e+01 8.200000000000000000e+01 0.000000000000000000e+00
2.420000000000000000e+02 2.250000000000000000e+02 1.320000000000000000e+02 1.000000000000000000e+00
3.690000000000000000e+02 1.560000000000000000e+02 7.300000000000000000e+01 2.000000000000000000e+00
0.000000000000000000e+00 1.170000000000000000e+02 4.830000000000000000e+02 0.000000000000000000e+00
2.970000000000000000e+02 0.000000000000000000e+00 3.030000000000000000e+02 0.000000000000000000e+00
2.090000000000000000e+02 3.430000000000000000e+02 4.700000000000000000e+01 1.000000000000000000e+00
3.300000000000000000e+01 2.490000000000000000e+02 3.180000000000000000e+02 0.000000000000000000e+00
1.920000000000000000e+02 3.640000000000000000e+02 4.300000000000000000e+01 1.000000000000000000e+00
