-5.219099999999999682e+02
5.153018999999999572e+00
-3.569999999999999840e+00
7.345099999999998852e-02
-5.400000000000000355e+00
8.259999999999999287e-02
-2.819999999999999840e+00
5.507599999999999996e-02
-4.809999999999999609e+00
5.853900000000002157e-02
-2.430000000000000160e+00
5.165099999999998859e-02
-2.375000000000000000e+01
4.184749999999999859e-01
-5.181799999999999500e+02
3.693676000000000403e+00
-4.360000000000000320e+00
8.050400000000001999e-02
-3.189999999999999947e+00
6.853900000000001658e-02
-2.859999999999999876e+00
5.820400000000001267e-02
-2.310000000000000053e+00
5.333899999999999753e-02
-2.680000000000000160e+00
5.937599999999999822e-02
-9.070999999999999375e+01
7.206590000000001606e-01
-1.800000000000000044e+00
4.020000000000000656e-02
-2.356999999999999886e+02
2.971099999999999408e+00
-3.990000000000000213e+00
7.289900000000000546e-02
-1.389999999999999902e+00
3.237900000000000500e-02
-1.036200000000000045e+02
1.098755999999999844e+00
-2.290200000000000102e+02
2.649595999999999840e+00
-2.311800000000000068e+02
2.298275999999999986e+00
-2.919999999999999929e+00
5.033599999999999880e-02
-3.919999999999999929e+00
9.173599999999999810e-02
-2.300699999999999932e+02
2.090850999999999793e+00
-3.089999999999999858e+00
6.581899999999998863e-02
-2.589999999999999858e+00
6.521900000000001307e-02
-3.363799999999999955e+02
3.572956000000000465e+00
-3.188299999999999841e+02
3.472010999999999292e+00
-2.529999999999999805e+00
6.809099999999999875e-02
-2.347100000000000080e+02
3.256258999999999570e+00
-2.405999999999999872e+01
5.345640000000000391e-01
