5.247499999999999387e-02
2.718564000000000203e+00
4.879599999999999910e-02
7.683599999999998764e-02
3.166744000000000447e+00
2.352136000000000227e+00
1.602699000000000318e+00
5.594400000000000067e-02
2.010164000000000062e+00
6.067499999999999977e-02
6.185099999999998238e-02
4.713600000000000428e-02
4.931600000000000567e-02
2.160498999999999725e+00
2.857875000000000387e+00
7.512400000000001021e-02
8.029100000000000126e-02
7.457099999999999840e-02
2.116651000000000060e+00
7.840400000000000147e-02
8.297899999999999721e-02
6.825600000000001111e-02
2.268615999999999744e+00
3.103650999999999271e+00
4.429099999999999704e-02
6.290400000000000158e-02
2.620098999999999734e+00
5.189100000000000656e-02
2.132050999999999696e+00
3.158255999999999730e+00
6.293600000000001971e-02
6.309099999999999431e-02
2.792499999999999538e+00
1.308978999999999893e+00
1.922819000000000278e+00
7.983599999999999031e-02
2.206274999999999764e+00
2.784570999999999685e+00
2.513783999999999796e+00
1.395898999999999779e+00
3.330303999999999931e+00
2.179144000000000414e+00
6.977099999999999969e-02
6.547500000000000542e-02
2.772659000000000429e+00
6.300000000000000044e-02
3.907500000000000556e-02
2.779170999999999836e+00
2.058699999999999974e+00
7.272110000000000518e-01
7.105899999999998329e-02
2.330750000000000044e-01
3.173224000000000711e+00
7.513600000000000834e-02
2.540163999999999866e+00
2.673651000000000000e+00
1.114200000000000079e+00
6.909900000000000764e-02
1.134219000000000310e+00
7.936400000000000399e-02
7.603599999999999248e-02
7.185899999999999233e-02
7.997100000000000042e-02
8.376400000000000512e-02
1.936884000000000050e+00
6.497899999999999510e-02
8.587500000000000688e-02
2.199491000000000085e+00
8.709899999999999587e-02
4.127650999999999293e+00
2.314978999999999676e+00
3.182516000000000567e+00
8.827499999999999236e-02
4.697899999999998605e-02
2.506104000000000109e+00
3.193475000000000286e+00
3.557459000000000593e+00
3.061891000000000140e+00
7.970399999999999707e-02
1.987170999999999799e+00
