9.615625346177948110e-04
7.600000000000000000e+01
9.950939767446838943e-04
2.410000000000000000e+02
1.050960497496861287e-03
2.710000000000000000e+02
1.039788725418675907e-03
3.480000000000000000e+02
4.942671178613308215e-03
1.860000000000000000e+02
1.255129163589787343e-03
1.550000000000000000e+02
9.514287234907352429e-04
9.200000000000000000e+01
1.127017503477395315e-03
2.430000000000000000e+02
1.765013778256881161e-02
1.590000000000000000e+02
1.111047660865958518e-03
2.660000000000000000e+02
