1.813526551450620611e-03
5.500000000000000000e+01
1.014528201100051109e-03
6.800000000000000000e+01
1.042364912072826387e-03
4.410000000000000000e+02
1.033656994096613822e-03
3.360000000000000000e+02
3.163533768711876415e-02
1.200000000000000000e+01
9.678899170560033901e-04
9.100000000000000000e+01
1.638186584382921029e-02
1.810000000000000000e+02
1.960515841385133268e-02
2.200000000000000000e+01
2.893979664375908450e-02
1.900000000000000000e+01
6.923080729617153012e-03
4.400000000000000000e+01
