1.500000000000000000e+03 1.500000000000000000e+03 1.500000000000000000e+03 1.500000000000000000e+03
5.590000000000000000e+02 2.783000000000000000e+03 6.460000000000000000e+02 2.012000000000000000e+03
5.150000000000000000e+02 3.545000000000000000e+03 1.115000000000000000e+03 8.250000000000000000e+02
9.660000000000000000e+02 1.687000000000000000e+03 5.290000000000000000e+02 2.818000000000000000e+03
1.776000000000000000e+03 1.089000000000000000e+03 1.535000000000000000e+03 1.600000000000000000e+03
2.706000000000000000e+03 1.702000000000000000e+03 9.590000000000000000e+02 6.330000000000000000e+02
1.111000000000000000e+03 1.817000000000000000e+03 2.631000000000000000e+03 4.410000000000000000e+02
2.960000000000000000e+02 3.000000000000000000e+02 2.266000000000000000e+03 3.138000000000000000e+03
1.573000000000000000e+03 3.526000000000000000e+03 7.740000000000000000e+02 1.270000000000000000e+02
1.197000000000000000e+03 0.000000000000000000e+00 2.056000000000000000e+03 2.747000000000000000e+03
2.140000000000000000e+02 1.910000000000000000e+02 1.620000000000000000e+02 5.433000000000000000e+03
3.797000000000000000e+03 1.233000000000000000e+03 5.510000000000000000e+02 4.190000000000000000e+02
2.930000000000000000e+02 1.014000000000000000e+03 4.140000000000000000e+03 5.530000000000000000e+02
1.436000000000000000e+03 2.621000000000000000e+03 0.000000000000000000e+00 1.943000000000000000e+03
1.789000000000000000e+03 5.000000000000000000e+00 4.059000000000000000e+03 1.470000000000000000e+02
