1.156147109290570464e-03
1.650000000000000000e+02
1.358462506651405026e-03
1.700000000000000000e+01
1.100623726037698938e-03
4.620000000000000000e+02
1.413452543600446712e-03
1.130000000000000000e+02
1.158511385336994390e-03
5.100000000000000000e+01
1.926323612693339737e-02
2.500000000000000000e+01
1.017223203135047887e-03
4.800000000000000000e+01
1.148882955020982593e-03
9.600000000000000000e+01
1.141744498543640707e-03
3.800000000000000000e+01
1.073087912575977371e-03
4.300000000000000000e+01
5.200035704866014068e-03
4.700000000000000000e+01
