1.128419717549495813e-03
3.000000000000000000e+01
1.434584369870384570e-03
7.900000000000000000e+01
1.300276217863898529e-03
8.900000000000000000e+01
1.003305869028277416e-03
1.510000000000000000e+02
9.176674129857297557e-04
1.150000000000000000e+02
4.311139983646337416e-03
1.680000000000000000e+02
1.678070728496201119e-02
4.400000000000000000e+01
9.756261888094090251e-04
8.200000000000000000e+01
1.226757895606210048e-03
1.200000000000000000e+02
2.529473431397439784e-02
2.700000000000000000e+01
