-2.876399999999999935e+01
4.989430400000000737e-02
-7.411100000000000421e+01
9.454267900000000446e-02
-8.065900000000000603e+01
8.674671899999999991e-02
-6.458700000000000330e+01
7.363043099999998231e-02
-1.649800000000000111e+01
3.254999599999999771e-02
-8.760500000000000398e+01
1.013409749999999998e-01
-1.629500000000000171e+01
2.475597499999999951e-02
-1.646300000000000097e+01
2.775263099999999983e-02
-1.512400000000000055e+01
2.326862399999999817e-02
-1.608500000000000085e+01
2.589777500000000135e-02
-2.989859999999999900e+02
3.330218040000000324e-01
