6.430000000000000000e+02 2.014000000000000000e+03 1.745000000000000000e+03 1.598000000000000000e+03
1.352000000000000000e+03 2.609000000000000000e+03 2.038000000000000000e+03 1.000000000000000000e+00
7.030000000000000000e+02 0.000000000000000000e+00 2.780000000000000000e+03 2.517000000000000000e+03
6.070000000000000000e+02 1.700000000000000000e+01 3.710000000000000000e+02 5.005000000000000000e+03
5.910000000000000000e+02 3.830000000000000000e+02 3.756000000000000000e+03 1.270000000000000000e+03
1.143000000000000000e+03 2.120000000000000000e+03 0.000000000000000000e+00 2.737000000000000000e+03
1.263000000000000000e+03 1.443000000000000000e+03 1.865000000000000000e+03 1.429000000000000000e+03
1.392000000000000000e+03 1.480000000000000000e+03 1.795000000000000000e+03 1.333000000000000000e+03
0.000000000000000000e+00 3.601000000000000000e+03 8.070000000000000000e+02 1.592000000000000000e+03
1.297000000000000000e+03 1.348000000000000000e+03 1.790000000000000000e+03 1.565000000000000000e+03
1.259000000000000000e+03 1.271000000000000000e+03 1.788000000000000000e+03 1.682000000000000000e+03
