1.260964167685991446e-03
1.190000000000000000e+02
1.747219273366400856e-03
1.150000000000000000e+02
2.029808860105044178e-03
1.990000000000000000e+02
1.443613962447704274e-03
1.350000000000000000e+02
1.206879475773744298e-03
1.260000000000000000e+02
1.201436456743438033e-02
2.100000000000000000e+02
1.300867818136547047e-03
7.900000000000000000e+01
9.729398413120394877e-04
3.400000000000000000e+01
3.418213755088975875e-02
3.300000000000000000e+01
2.430519914924556598e-03
2.800000000000000000e+01
1.745409216359842652e-03
3.300000000000000000e+01
