-3.969299999999999784e+01
5.386075099999999144e-02
-8.457500000000000284e+01
1.175403750000000025e-01
-1.919960000000000093e+02
2.884839840000000266e-01
-5.065679999999999836e+02
6.059973760000000320e-01
-3.156999999999999886e+02
5.919160000000001087e-01
-3.741019999999999754e+02
5.266675960000000156e-01
-2.043299999999999983e+01
3.172951100000000191e-02
-2.550400000000000134e+01
4.254598399999999503e-02
-1.808329999999999984e+02
1.741111109999999573e-01
-1.909299999999999997e+01
3.179835100000000248e-02
-1.823900000000000077e+01
2.904387900000000161e-02
