1.500000000000000000e+03 1.500000000000000000e+03 1.500000000000000000e+03 1.500000000000000000e+03
3.108000000000000000e+03 1.273000000000000000e+03 5.460000000000000000e+02 1.073000000000000000e+03
2.380000000000000000e+03 7.510000000000000000e+02 5.770000000000000000e+02 2.292000000000000000e+03
3.109000000000000000e+03 7.360000000000000000e+02 5.290000000000000000e+02 1.626000000000000000e+03
2.679000000000000000e+03 8.270000000000000000e+02 1.392000000000000000e+03 1.102000000000000000e+03
1.170000000000000000e+02 1.811000000000000000e+03 1.453000000000000000e+03 2.619000000000000000e+03
1.229000000000000000e+03 3.481000000000000000e+03 6.120000000000000000e+02 6.780000000000000000e+02
1.144000000000000000e+03 2.358000000000000000e+03 2.496000000000000000e+03 2.000000000000000000e+00
4.680000000000000000e+02 0.000000000000000000e+00 9.450000000000000000e+02 4.587000000000000000e+03
8.700000000000000000e+02 3.020000000000000000e+02 3.436000000000000000e+03 1.392000000000000000e+03
1.112000000000000000e+03 2.042000000000000000e+03 0.000000000000000000e+00 2.846000000000000000e+03
0.000000000000000000e+00 1.793000000000000000e+03 2.697000000000000000e+03 1.510000000000000000e+03
2.285000000000000000e+03 2.482000000000000000e+03 1.232000000000000000e+03 1.000000000000000000e+00
0.000000000000000000e+00 3.268000000000000000e+03 1.585000000000000000e+03 1.147000000000000000e+03
1.089000000000000000e+03 9.480000000000000000e+02 1.788000000000000000e+03 2.175000000000000000e+03
