1.021015795942304587e-03
1.240000000000000000e+02
9.722662146477971000e-04
1.830000000000000000e+02
1.769081351585113709e-03
2.190000000000000000e+02
9.734062860861050770e-03
6.300000000000000000e+01
6.418608938233304542e-03
4.600000000000000000e+01
6.104841591005038051e-03
2.100000000000000000e+02
1.092125341763991453e-02
2.500000000000000000e+01
8.599390169377779322e-03
1.060000000000000000e+02
9.786433486301041301e-04
2.320000000000000000e+02
9.752540486805910333e-03
4.600000000000000000e+01
