6.650000000000000000e+02 7.740000000000000000e+02 1.147000000000000000e+03 3.414000000000000000e+03
2.320000000000000000e+02 7.400000000000000000e+02 2.336000000000000000e+03 2.692000000000000000e+03
3.027000000000000000e+03 6.810000000000000000e+02 2.258000000000000000e+03 3.400000000000000000e+01
2.897000000000000000e+03 1.001000000000000000e+03 2.101000000000000000e+03 1.000000000000000000e+00
1.710000000000000000e+03 0.000000000000000000e+00 1.686000000000000000e+03 2.604000000000000000e+03
1.710000000000000000e+03 0.000000000000000000e+00 1.686000000000000000e+03 2.604000000000000000e+03
4.227000000000000000e+03 5.580000000000000000e+02 1.214000000000000000e+03 1.000000000000000000e+00
1.714000000000000000e+03 -1.000000000000000000e+00 1.694000000000000000e+03 2.593000000000000000e+03
3.935000000000000000e+03 8.620000000000000000e+02 1.201000000000000000e+03 2.000000000000000000e+00
6.930000000000000000e+02 3.126000000000000000e+03 2.179000000000000000e+03 2.000000000000000000e+00
1.308000000000000000e+03 1.524000000000000000e+03 1.331000000000000000e+03 1.837000000000000000e+03
