1.053073803963453610e-03
1.290000000000000000e+02
1.404589888329395211e-03
1.940000000000000000e+02
1.016770825626664432e-03
2.130000000000000000e+02
2.436067782037006860e-03
8.800000000000000000e+01
7.203601879486097245e-03
1.310000000000000000e+02
7.195445890387235262e-03
8.200000000000000000e+01
1.042608964225444053e-03
1.920000000000000000e+02
6.634192752033100417e-03
9.000000000000000000e+01
4.542501396508820573e-03
6.400000000000000000e+01
1.419415814780059307e-02
1.170000000000000000e+02
9.232234487933082146e-04
2.400000000000000000e+01
