1.500000000000000000e+03 1.500000000000000000e+03 1.500000000000000000e+03 1.500000000000000000e+03
2.349000000000000000e+03 1.060000000000000000e+03 5.390000000000000000e+02 2.052000000000000000e+03
1.356000000000000000e+03 2.818000000000000000e+03 6.170000000000000000e+02 1.209000000000000000e+03
1.575000000000000000e+03 2.545000000000000000e+03 8.640000000000000000e+02 1.016000000000000000e+03
1.687000000000000000e+03 1.111000000000000000e+03 1.136000000000000000e+03 2.066000000000000000e+03
6.440000000000000000e+02 5.980000000000000000e+02 5.300000000000000000e+02 4.228000000000000000e+03
1.010000000000000000e+03 1.281000000000000000e+03 2.880000000000000000e+03 8.290000000000000000e+02
0.000000000000000000e+00 7.400000000000000000e+02 2.111000000000000000e+03 3.149000000000000000e+03
2.313000000000000000e+03 1.476000000000000000e+03 2.210000000000000000e+03 1.000000000000000000e+00
2.139000000000000000e+03 1.460000000000000000e+02 3.713000000000000000e+03 2.000000000000000000e+00
0.000000000000000000e+00 2.823000000000000000e+03 1.194000000000000000e+03 1.983000000000000000e+03
0.000000000000000000e+00 1.106000000000000000e+03 3.759000000000000000e+03 1.135000000000000000e+03
1.643000000000000000e+03 0.000000000000000000e+00 1.765000000000000000e+03 2.592000000000000000e+03
4.148000000000000000e+03 4.150000000000000000e+02 1.277000000000000000e+03 1.600000000000000000e+02
8.060000000000000000e+02 3.111000000000000000e+03 2.081000000000000000e+03 2.000000000000000000e+00
