-2.396256725088214967e-01
0.000000000000000000e+00
-2.398025508390999316e-01
0.000000000000000000e+00
-2.397380902739818798e-01
0.000000000000000000e+00
-3.596760434208041146e-01
0.000000000000000000e+00
-3.595649224474235517e-01
0.000000000000000000e+00
-5.643661236286503911e-05
0.000000000000000000e+00
-3.558289155214613975e-01
0.000000000000000000e+00
-2.223343977314137465e+00
0.000000000000000000e+00
-7.034210589657945677e-04
0.000000000000000000e+00
-7.077031439584703177e-04
0.000000000000000000e+00
-3.539594895813401587e-01
0.000000000000000000e+00
-7.198270330153687162e-08
0.000000000000000000e+00
-1.435450851102246322e-07
0.000000000000000000e+00
-1.386574242557488317e-08
0.000000000000000000e+00
-3.544496949456727442e-01
0.000000000000000000e+00
-1.963047003998182445e-05
0.000000000000000000e+00
-3.586379466349888800e-01
0.000000000000000000e+00
-1.963566903785938196e-05
0.000000000000000000e+00
-2.789106610898004672e-04
0.000000000000000000e+00
-2.845564965618397062e-04
0.000000000000000000e+00
-2.109359444677657791e+00
0.000000000000000000e+00
-6.715171921991800019e+00
0.000000000000000000e+00
-9.842534961804972476e-03
0.000000000000000000e+00
-9.528099409862489377e-03
0.000000000000000000e+00
-3.143378030391770217e-01
0.000000000000000000e+00
-1.021337726616462598e-02
0.000000000000000000e+00
-1.024171125719951572e-02
0.000000000000000000e+00
-1.026871770695614652e-02
0.000000000000000000e+00
-9.816461000137836207e-03
0.000000000000000000e+00
-8.829363956186313950e-03
0.000000000000000000e+00
-8.844138308149606179e-03
0.000000000000000000e+00
-2.349583828790160756e-01
0.000000000000000000e+00
-9.621019593228327324e-03
0.000000000000000000e+00
-2.231495591783242971e-01
0.000000000000000000e+00
-9.642496897918498636e-03
0.000000000000000000e+00
-9.642356781925988732e-03
0.000000000000000000e+00
-9.637174747289603549e-03
0.000000000000000000e+00
-9.634586151254608336e-03
0.000000000000000000e+00
-9.638760654516374815e-03
0.000000000000000000e+00
-9.633870614430297546e-03
0.000000000000000000e+00
-8.714421390695905600e+00
0.000000000000000000e+00
-9.632512135533424086e-03
0.000000000000000000e+00
-2.300536957669613580e-01
0.000000000000000000e+00
-9.560268607772707400e-03
0.000000000000000000e+00
-9.560785724498227500e-03
0.000000000000000000e+00
-1.216391868259102671e-01
0.000000000000000000e+00
-1.023228960949066312e-02
0.000000000000000000e+00
-1.017649499444957771e-02
0.000000000000000000e+00
-2.086874803651276977e+00
0.000000000000000000e+00
-1.020491135235713706e-02
0.000000000000000000e+00
-1.026135345366851158e-02
0.000000000000000000e+00
-1.027704430399321509e-02
0.000000000000000000e+00
-1.036821932942669222e-02
0.000000000000000000e+00
-1.221517593053777773e-01
0.000000000000000000e+00
-1.035797314991290276e-02
0.000000000000000000e+00
-1.187730515090858058e-01
0.000000000000000000e+00
-1.038125834622015062e-02
0.000000000000000000e+00
-1.199295126056075522e-01
0.000000000000000000e+00
-1.037971753633171526e-02
0.000000000000000000e+00
-1.038145367331761749e-02
0.000000000000000000e+00
-1.049149234289645412e-02
0.000000000000000000e+00
-1.170023856437050341e-01
0.000000000000000000e+00
-1.049308129510683960e-02
0.000000000000000000e+00
-2.088864348381968661e+00
0.000000000000000000e+00
-2.086738386846096027e+00
0.000000000000000000e+00
-1.181609914320414789e-01
0.000000000000000000e+00
-1.182438207221544052e-01
0.000000000000000000e+00
-1.183051198924595371e-01
0.000000000000000000e+00
-1.047620390255703769e-02
0.000000000000000000e+00
-3.430098890543956447e+00
0.000000000000000000e+00
-1.221763776877814456e-01
0.000000000000000000e+00
-1.208149057114851072e-01
0.000000000000000000e+00
-1.207955582556529683e-01
0.000000000000000000e+00
-8.326667277320015312e-03
0.000000000000000000e+00
-1.140861036735111578e-01
0.000000000000000000e+00
-1.552507668447323574e+00
0.000000000000000000e+00
-1.552381165938652607e+00
0.000000000000000000e+00
-1.140898274084858194e-01
0.000000000000000000e+00
-8.380162882379990283e-03
0.000000000000000000e+00
-1.412312879133237886e-01
0.000000000000000000e+00
-1.410863243652696053e-01
0.000000000000000000e+00
-1.307986436957958132e+00
0.000000000000000000e+00
-1.369522159137636641e-01
0.000000000000000000e+00
-1.369583772092633767e-01
0.000000000000000000e+00
-1.347659653742749319e-01
0.000000000000000000e+00
-1.347657507730278814e-01
0.000000000000000000e+00
-1.337591116411221692e-01
0.000000000000000000e+00
-1.337441328806129037e-01
0.000000000000000000e+00
-1.337634626998072951e-01
0.000000000000000000e+00
-7.833971530377218176e-03
0.000000000000000000e+00
-1.336961029185768091e-01
0.000000000000000000e+00
-1.337046909268580497e-01
0.000000000000000000e+00
-5.358986559146952544e+00
0.000000000000000000e+00
-1.361305556789859927e-01
0.000000000000000000e+00
-1.361328756302779275e-01
0.000000000000000000e+00
-1.410399282791292286e-01
0.000000000000000000e+00
-1.410378367601585192e-01
0.000000000000000000e+00
-1.402256242571267297e-01
0.000000000000000000e+00
-1.403181581418874446e-01
0.000000000000000000e+00
-5.356037104219216971e+00
0.000000000000000000e+00
-9.563290285303280847e-01
0.000000000000000000e+00
