7.683726323231951285e-04
3.000000000000000000e+00
7.864093218907819991e-05
3.000000000000000000e+00
2.299983839367833287e-04
6.000000000000000000e+00
8.167556271887754793e-04
7.000000000000000000e+00
2.105335460073076703e-05
4.000000000000000000e+00
5.853895559818551343e-04
4.000000000000000000e+00
3.086580975090926632e-04
3.000000000000000000e+00
1.607669707060549083e-06
5.000000000000000000e+00
1.421601177792157500e-05
4.000000000000000000e+00
8.117913436094985682e-04
6.000000000000000000e+00
1.807859142662006542e-06
7.000000000000000000e+00
1.969531211716613051e-03
3.000000000000000000e+00
3.638001221192359649e-03
5.000000000000000000e+00
2.985857059202789987e-03
3.000000000000000000e+00
1.920694525092692118e-06
5.000000000000000000e+00
1.073808245891094693e-06
6.000000000000000000e+00
2.962064623016763543e-04
5.000000000000000000e+00
5.773849017087252788e-06
4.000000000000000000e+00
5.011298502832772783e-06
6.000000000000000000e+00
2.768946075232842086e-03
5.000000000000000000e+00
8.353013415616289872e-05
8.000000000000000000e+00
4.180180474117891815e-18
1.000000000000000000e+00
7.718198938580611568e-03
3.000000000000000000e+00
1.107485312317191273e-04
4.000000000000000000e+00
2.509141309690323621e-04
7.000000000000000000e+00
2.173308838967713541e-03
5.000000000000000000e+00
3.781309566154578139e-05
4.000000000000000000e+00
6.645326736365142484e-03
3.000000000000000000e+00
7.378332626181149934e-04
3.000000000000000000e+00
1.855420284134740028e-03
4.000000000000000000e+00
1.122485542528250946e-03
5.000000000000000000e+00
9.941814777477062104e-04
4.000000000000000000e+00
8.899061271523955874e-04
4.000000000000000000e+00
3.731251233896060171e-05
3.000000000000000000e+00
7.157286986302913157e-03
3.000000000000000000e+00
6.902277927398614565e-03
2.000000000000000000e+00
1.044236874160553441e-03
4.000000000000000000e+00
1.544567070205990489e-03
5.000000000000000000e+00
1.701801058540328149e-04
3.000000000000000000e+00
2.300073203458140661e-03
5.000000000000000000e+00
2.526476168591250410e-05
1.000000000000000000e+01
1.312384308110800535e-04
5.000000000000000000e+00
4.084341288508930301e-03
6.000000000000000000e+00
8.113134170193922468e-05
4.000000000000000000e+00
2.813337190132013388e-04
7.000000000000000000e+00
1.377472656112210814e-04
5.000000000000000000e+00
7.049668177459111895e-03
4.000000000000000000e+00
7.676860836802745780e-06
4.000000000000000000e+00
9.629622775864308246e-05
9.000000000000000000e+00
5.457963694487463768e-03
4.000000000000000000e+00
2.967042720931428734e-03
3.000000000000000000e+00
3.605529192243906833e-05
6.000000000000000000e+00
3.572165404239213693e-06
5.000000000000000000e+00
2.463135140137212575e-03
2.000000000000000000e+00
1.003899867617619179e-04
6.000000000000000000e+00
2.471219449664274759e-04
4.000000000000000000e+00
8.072166599294716693e-06
9.000000000000000000e+00
6.688207739773995367e-03
4.000000000000000000e+00
6.600182396023557274e-03
6.000000000000000000e+00
2.828054629455678537e-05
6.000000000000000000e+00
7.456416363890022714e-05
5.000000000000000000e+00
6.172469259230206617e-04
3.000000000000000000e+00
2.851200453696689507e-03
4.000000000000000000e+00
4.539874594153396354e-04
4.000000000000000000e+00
1.339273618545011634e-04
6.000000000000000000e+00
2.665731492139451764e-03
5.000000000000000000e+00
1.885081175757696847e-03
4.000000000000000000e+00
4.022011237411133970e-03
5.000000000000000000e+00
6.623385327210037574e-04
2.000000000000000000e+00
8.219351676565238198e-05
9.000000000000000000e+00
3.993242826861968797e-04
4.000000000000000000e+00
5.800895090848773306e-04
4.000000000000000000e+00
2.413531912634075960e-04
5.000000000000000000e+00
1.941163854590755022e-05
1.100000000000000000e+01
1.442424546236331651e-04
1.100000000000000000e+01
1.605407040485713800e-05
5.000000000000000000e+00
3.764227007321851477e-06
6.000000000000000000e+00
3.134759525598006941e-04
4.000000000000000000e+00
4.073597348729696144e-03
5.000000000000000000e+00
1.000574156240219281e-05
7.000000000000000000e+00
1.300556219046861833e-05
4.000000000000000000e+00
4.045343894951413397e-04
5.000000000000000000e+00
1.317540835632513563e-05
6.000000000000000000e+00
5.077134820313800034e-05
5.000000000000000000e+00
1.864454647374030882e-03
7.000000000000000000e+00
7.581864799845683400e-03
4.000000000000000000e+00
1.684946507344436961e-05
4.000000000000000000e+00
6.344789689517347717e-04
6.000000000000000000e+00
1.964804828178077232e-04
9.000000000000000000e+00
4.616256956778353924e-04
5.000000000000000000e+00
5.068057249949520227e-04
8.000000000000000000e+00
3.342434209882039241e-05
8.000000000000000000e+00
2.846286171503779883e-05
6.000000000000000000e+00
5.675852242287851568e-03
5.000000000000000000e+00
1.079300285471429532e-04
5.000000000000000000e+00
6.611190124627963627e-05
5.000000000000000000e+00
1.430336048057201381e-04
4.000000000000000000e+00
7.261555482973580666e-06
8.000000000000000000e+00
3.876277249059700836e-03
7.000000000000000000e+00
1.758834042799292728e-04
6.000000000000000000e+00
1.546212867303364043e-03
4.000000000000000000e+00
