1.393708038202601251e-05
5.000000000000000000e+00
0.000000000000000000e+00
1.000000000000000000e+00
3.102407692454840272e-04
6.000000000000000000e+00
2.661667967637293582e-03
1.000000000000000000e+00
1.116996523581304082e-91
1.000000000000000000e+00
9.652475885443094483e-04
7.000000000000000000e+00
9.118986868512052410e-05
5.000000000000000000e+00
2.582323886170804139e-05
4.000000000000000000e+00
0.000000000000000000e+00
1.000000000000000000e+00
2.267250933766413318e-03
8.000000000000000000e+00
5.634670720434664659e-04
6.000000000000000000e+00
1.681691192442423023e-03
4.000000000000000000e+00
8.304731163009640871e-06
8.000000000000000000e+00
1.428945538810288962e-05
2.000000000000000000e+00
0.000000000000000000e+00
1.000000000000000000e+00
5.606413265488002220e-04
5.000000000000000000e+00
8.894991822156634589e-05
1.000000000000000000e+00
6.773604024373700017e-04
3.000000000000000000e+00
1.223461993122619204e-03
5.000000000000000000e+00
4.096134001089837828e-04
5.000000000000000000e+00
4.518481436415183045e-05
3.000000000000000000e+00
5.033462524391347018e-04
6.000000000000000000e+00
2.864745835263896923e-04
1.000000000000000000e+00
1.351442686432222635e-05
1.000000000000000000e+00
8.825525978230247971e-04
5.000000000000000000e+00
8.664894740741328327e-04
7.000000000000000000e+00
8.616305913715867392e-04
5.000000000000000000e+00
8.159640187526755965e-04
6.000000000000000000e+00
4.111009077613735747e-04
3.000000000000000000e+00
0.000000000000000000e+00
1.000000000000000000e+00
4.200051511988570025e-11
1.000000000000000000e+00
1.067932794892510057e-03
8.000000000000000000e+00
9.143386573023859140e-04
3.000000000000000000e+00
8.700569353958954172e-04
8.000000000000000000e+00
0.000000000000000000e+00
1.000000000000000000e+00
0.000000000000000000e+00
1.000000000000000000e+00
5.084385291970273029e-15
1.000000000000000000e+00
9.377427476561202638e-04
5.000000000000000000e+00
7.964472799473678449e-05
6.000000000000000000e+00
9.141009923204455878e-05
1.100000000000000000e+01
2.037960467290296854e-03
6.000000000000000000e+00
1.471450367000564407e-06
1.000000000000000000e+00
8.624243041618494428e-05
4.000000000000000000e+00
3.206315772334217469e-04
6.000000000000000000e+00
9.970068999223347193e-04
1.000000000000000000e+00
1.026654229717219964e-03
5.000000000000000000e+00
2.956815946066846399e-05
4.000000000000000000e+00
5.639919987486382777e-04
1.000000000000000000e+00
5.415551313948357547e-04
1.000000000000000000e+00
4.052733916112471677e-04
5.000000000000000000e+00
3.743564899568812648e-05
1.000000000000000000e+00
3.973877202170152806e-04
5.000000000000000000e+00
4.674848474604957523e-05
3.000000000000000000e+00
7.979456755211479079e-04
3.000000000000000000e+00
1.349930329416873173e-03
3.000000000000000000e+00
1.541960802794530873e-04
7.000000000000000000e+00
9.146400442467376441e-08
1.000000000000000000e+00
0.000000000000000000e+00
1.000000000000000000e+00
0.000000000000000000e+00
1.000000000000000000e+00
1.154846910970214365e-03
3.000000000000000000e+00
1.633613938002405688e-04
7.000000000000000000e+00
1.675856985374219593e-04
4.000000000000000000e+00
1.965798280224593305e-04
2.000000000000000000e+00
3.561002932952879374e-06
1.000000000000000000e+00
5.774335574954686191e-10
1.000000000000000000e+00
1.984927613836464885e-06
1.000000000000000000e+00
8.103496712674315465e-09
1.000000000000000000e+00
1.830682317081491414e-03
4.000000000000000000e+00
0.000000000000000000e+00
1.000000000000000000e+00
0.000000000000000000e+00
1.000000000000000000e+00
1.615055557358321286e-04
4.000000000000000000e+00
0.000000000000000000e+00
1.000000000000000000e+00
2.258855968152370924e-04
4.000000000000000000e+00
3.330674911631225174e-05
1.000000000000000000e+00
0.000000000000000000e+00
1.000000000000000000e+00
0.000000000000000000e+00
1.000000000000000000e+00
9.850396674472017150e-63
1.000000000000000000e+00
7.609558704398024925e-04
3.000000000000000000e+00
0.000000000000000000e+00
1.000000000000000000e+00
1.645343993469982127e-03
4.000000000000000000e+00
7.615276090007167334e-04
3.000000000000000000e+00
1.192095492518266409e-05
4.000000000000000000e+00
2.164989594272253934e-06
1.000000000000000000e+00
1.396320010016753642e-03
3.000000000000000000e+00
6.628400881725983434e-108
1.000000000000000000e+00
6.920808756759279021e-05
4.000000000000000000e+00
0.000000000000000000e+00
1.000000000000000000e+00
2.761293711840446724e-06
1.000000000000000000e+00
0.000000000000000000e+00
1.000000000000000000e+00
3.579218697250489709e-69
1.000000000000000000e+00
1.044641911161691252e-11
1.000000000000000000e+00
1.441650344564247409e-03
3.000000000000000000e+00
7.491545049947961193e-04
3.000000000000000000e+00
3.271025216234255747e-121
1.000000000000000000e+00
1.187443600018130065e-03
5.000000000000000000e+00
0.000000000000000000e+00
1.000000000000000000e+00
3.822023723643822729e-06
4.000000000000000000e+00
0.000000000000000000e+00
1.000000000000000000e+00
9.409444332570456732e-06
1.000000000000000000e+00
9.648790916823900624e-04
1.000000000000000000e+00
