-4.895157530752421993e-01
-4.896963863855847698e-01
-4.896305650937060050e-01
5.997299754229432622e-01
5.996373257623507369e-01
7.512430522997536400e-03
5.965139692592801302e-01
-1.491088185626235019e+00
2.652208624836656023e-02
2.660269053983958104e-02
5.949449466810691201e-01
-2.682959248694188892e-04
-3.788734420756153208e-04
-1.177528871220357093e-04
5.953567795412031405e-01
-4.430628628082230146e-03
5.988638798884007297e-01
-4.431215300327821273e-03
-1.670061858404653377e-02
-1.686880246377435444e-02
-1.452363399661964039e+00
2.591364876275010332e+00
-9.920955075901197184e-02
-9.761198394594021444e-02
5.606583657087237382e-01
-1.010612550197385329e-01
-1.012013401946808000e-01
-1.013346816591247090e-01
-9.907805508859081345e-02
-9.396469526469138078e-02
-9.404327891002953188e-02
4.847250590582418694e-01
-9.808679622267375831e-02
4.723870861680326549e-01
-9.819621631162016306e-02
-9.819550285998839001e-02
-9.816911300042190092e-02
-9.815592774384340746e-02
-9.817719009279281261e-02
-9.815228277747949093e-02
2.952019883180990067e+00
-9.814536227215947539e-02
4.796391307712094543e-01
-9.777662608094384034e-02
-9.777927042322533124e-02
3.487680989223502226e-01
-1.011547804579233101e-01
-1.008786151493445971e-01
-1.444601953359913260e+00
-1.010193612747434522e-01
-1.012983388495019288e-01
-1.013757579700059058e-01
-1.018244534943679031e-01
3.495021592284914269e-01
-1.017741280970409640e-01
3.446346638240062599e-01
-1.018884603192145161e-01
3.463084067787086662e-01
-1.018808987805452926e-01
-1.018894188486597352e-01
-1.024279861312153983e-01
3.420561147585364226e-01
-1.024357422734215317e-01
-1.445290402784841222e+00
-1.444554736535135886e+00
3.437455329630357270e-01
3.438659923897017245e-01
3.439551131942357731e-01
-1.023533287321767432e-01
1.852052615490163756e+00
3.495373766677627447e-01
3.475843864610220213e-01
3.475565540392713815e-01
-9.125057412049535077e-02
3.377663447910569383e-01
-1.245996656675820935e+00
-1.245945892058982096e+00
3.377718570403487885e-01
-9.154322958242182284e-02
3.758075144449932181e-01
3.756145955168270767e-01
-1.143672346853747301e+00
3.700705553185279495e-01
3.700788797125058593e-01
3.671048424827367263e-01
3.671045501938485778e-01
3.657309279253289636e-01
3.657104495097356356e-01
3.657368763193113992e-01
-8.850972562592891724e-02
3.656447769606135378e-01
3.656565204216356557e-01
2.314948500322837166e+00
3.689587452263274336e-01
3.689618891298638292e-01
3.755528302105167748e-01
3.755500456133090692e-01
3.744671203952714689e-01
3.745906541037662407e-01
2.314311367171499878e+00
-9.779207680228128030e-01
