-2.937755076685800049e+00
1.124755289243228873e-02
-2.536024119512347852e-02
-2.197022826244340532e+00
-2.147333487272768515e+00
-1.688647946243530651e+00
-4.889509169372852071e-01
-1.511392989518645313e+00
-2.495642093007899298e+00
-9.270081596975994209e-01
7.574801462168817556e-01
-2.768574461025850031e+00
5.611494334396476269e-01
-8.945924481825319290e-05
-5.620723748816045529e-01
1.898826672860263465e-01
5.914819417992482897e-01
5.535024007514344896e-02
-1.265413012485014699e+00
5.916129571726029823e-01
7.274756158928228494e-04
5.916837768483146354e-01
5.916854486483489328e-01
-8.152552328981392885e-03
1.350152584955027102e+00
6.285593106108570138e-01
1.199887854447545088e+00
-7.545665013519003983e-02
6.334485653207158062e-01
6.351573780320671769e-01
-7.741893849007064343e-02
4.880942263756732902e-01
1.526157367508869100e-01
-1.140414345134388441e-01
4.460692221346230224e-01
4.464380157848460429e-01
4.464461791957389791e-01
1.727028539741131807e-03
1.580234399119806454e-03
-1.216378340350062981e+00
-1.850899767373150873e-01
4.453692717747730345e-01
4.468311058452241191e-01
4.459603433591071697e-01
2.379739843875647409e+00
-2.510377278891010810e+00
1.201960150330270594e+00
4.442296815839399393e-01
4.459042096717920067e-01
4.461966426215720483e-01
4.472335575979023981e-01
1.142046115126472472e+00
4.255647884068344267e-01
5.930434906858800259e-01
3.578539686914230522e-01
3.285987840539052462e-01
3.213365141554513915e-01
8.275546951948413721e-01
7.638022975814036108e-01
3.310520676308278398e-01
1.072045847785440209e+00
2.482049335593058126e-01
4.636005531158122195e-01
2.361779631298196458e-01
2.351784184278482015e-01
2.317179784766470463e-01
1.120812646596337281e+00
2.965076550488802809e+00
-2.527809212078020451e+00
2.326744855785256583e-01
4.586399948532183246e-01
4.624530744005591054e-01
2.324607434052923804e-01
8.810002578895161918e-01
1.087346080784064029e+00
7.548368153378683942e-01
9.003472145273239136e-01
4.615369808505601079e-01
-2.785948590070952413e+00
-1.454547386371076723e+00
2.385295845218432520e-01
-2.403882417522682502e+00
6.582815415638791287e-03
2.369624741906486420e-01
-1.945783648203395444e+00
1.912906797862006236e+00
1.200564774582065120e+00
4.520776640084783748e-01
-1.405642010417769594e+00
4.926377344120756452e-01
4.928743907525843793e-01
2.657155627812468057e-01
-4.303146178072392303e-02
2.643785546952831522e-01
-1.825719748771037487e-01
4.825274490618478573e-01
2.338330220411905636e+00
6.515481306062662625e-01
-1.247877763018765407e+00
-1.416904753879331125e-01
1.002930644397921789e+00
2.595359609006105406e-01
4.852273800486902045e-01
1.219283461360697096e+00
2.633903072734899986e-01
1.240398063715901777e+00
2.705807696255232986e-01
-1.621970799348156023e+00
8.350010251846451403e-01
7.577920154155659560e-02
