1.109107856425091670e-03
1.490000000000000000e+02
1.238586254827308414e-02
3.600000000000000000e+01
5.707632241657823770e-03
4.300000000000000000e+01
2.644710881215739037e-02
1.400000000000000000e+01
1.008010016191171389e-03
1.920000000000000000e+02
7.032160829209566436e-03
6.600000000000000000e+01
1.609582192883284371e-02
4.100000000000000000e+01
2.904128138650455965e-02
2.000000000000000000e+01
2.400668683496245178e-03
2.100000000000000000e+02
3.549881166223343987e-02
4.800000000000000000e+01
