-1.248550000000000040e+02
2.090079749999999847e-01
-1.313460000000000036e+02
2.205622840000000251e-01
-3.709599999999999653e+01
6.970078400000001562e-02
-3.443500000000000227e+01
5.833977499999999650e-02
-2.789499999999999957e+01
3.678397500000000347e-02
-2.972500000000000142e+01
4.374937500000000007e-02
-3.938300000000000267e+01
5.484631100000000176e-02
-2.948299999999999841e+02
3.448010999999999715e-01
-5.100300000000000011e+01
6.465099100000000487e-02
-2.728900000000000148e+01
3.774347900000001033e-02
-2.906800000000000139e+01
4.392937600000000609e-02
