1.111180034859691112e-03
1.090000000000000000e+02
1.015966323896948633e-03
1.130000000000000000e+02
9.407451550783271256e-04
9.600000000000000000e+01
9.378083803769628277e-04
9.500000000000000000e+01
1.031178265606567989e-03
6.800000000000000000e+01
1.171350347627195731e-03
8.100000000000000000e+01
1.274482198313676420e-03
7.200000000000000000e+01
1.045904637394404462e-03
2.990000000000000000e+02
1.200019900390282817e-03
7.100000000000000000e+01
9.564902947179789155e-04
3.200000000000000000e+01
8.781236260887954675e-04
2.700000000000000000e+01
