1.500000000000000000e+03 1.500000000000000000e+03 1.500000000000000000e+03 1.500000000000000000e+03
2.111000000000000000e+03 7.130000000000000000e+02 9.080000000000000000e+02 2.268000000000000000e+03
1.007000000000000000e+03 1.373000000000000000e+03 2.288000000000000000e+03 1.332000000000000000e+03
1.255000000000000000e+03 1.454000000000000000e+03 1.690000000000000000e+03 1.601000000000000000e+03
2.265000000000000000e+03 8.140000000000000000e+02 6.500000000000000000e+02 2.271000000000000000e+03
3.860000000000000000e+02 3.523000000000000000e+03 9.190000000000000000e+02 1.172000000000000000e+03
1.753000000000000000e+03 0.000000000000000000e+00 2.050000000000000000e+03 2.197000000000000000e+03
7.360000000000000000e+02 2.260000000000000000e+02 0.000000000000000000e+00 5.038000000000000000e+03
2.800000000000000000e+03 1.204000000000000000e+03 1.994000000000000000e+03 2.000000000000000000e+00
1.770000000000000000e+02 1.148000000000000000e+03 3.913000000000000000e+03 7.620000000000000000e+02
0.000000000000000000e+00 1.761000000000000000e+03 1.359000000000000000e+03 2.880000000000000000e+03
2.721000000000000000e+03 2.721000000000000000e+03 5.570000000000000000e+02 1.000000000000000000e+00
0.000000000000000000e+00 9.100000000000000000e+02 2.571000000000000000e+03 2.519000000000000000e+03
4.840000000000000000e+02 3.037000000000000000e+03 2.478000000000000000e+03 1.000000000000000000e+00
8.990000000000000000e+02 2.472000000000000000e+03 0.000000000000000000e+00 2.629000000000000000e+03
