4.202079222761509071e-07
1.000000000000000000e+00
1.262854065818151163e-03
1.120000000000000000e+02
1.024835966448060451e-03
1.420000000000000000e+02
1.302136801868367891e-03
1.280000000000000000e+02
1.396040900962455117e-03
1.580000000000000000e+02
4.981146337963684480e-03
6.000000000000000000e+01
4.712492749024816546e-02
1.100000000000000000e+01
8.683501428573089280e-04
3.400000000000000000e+01
2.307976007555817295e-03
5.700000000000000000e+01
9.065110875651796437e-04
3.400000000000000000e+01
9.688444709315947824e-04
1.280000000000000000e+02
