6.090000000000000000e+02 3.533000000000000000e+03 7.680000000000000000e+02 1.090000000000000000e+03
2.520000000000000000e+02 2.730000000000000000e+02 1.371000000000000000e+03 4.104000000000000000e+03
3.604000000000000000e+03 1.353000000000000000e+03 6.270000000000000000e+02 4.160000000000000000e+02
3.890000000000000000e+02 4.640000000000000000e+02 2.550000000000000000e+02 4.892000000000000000e+03
1.673000000000000000e+03 2.180000000000000000e+02 2.200000000000000000e+01 4.087000000000000000e+03
2.034000000000000000e+03 3.930000000000000000e+02 0.000000000000000000e+00 3.573000000000000000e+03
6.660000000000000000e+02 2.555000000000000000e+03 2.778000000000000000e+03 1.000000000000000000e+00
1.517000000000000000e+03 1.226000000000000000e+03 1.615000000000000000e+03 1.642000000000000000e+03
9.620000000000000000e+02 3.900000000000000000e+03 1.136000000000000000e+03 2.000000000000000000e+00
1.514000000000000000e+03 1.225000000000000000e+03 1.614000000000000000e+03 1.647000000000000000e+03
1.009000000000000000e+03 4.133000000000000000e+03 5.330000000000000000e+02 3.250000000000000000e+02
