9.854261880604085755e-04
1.130000000000000000e+02
5.160119749066519219e-03
5.800000000000000000e+01
1.087472228935310297e-03
2.170000000000000000e+02
6.291059476706010491e-03
2.500000000000000000e+01
7.886998210306367038e-03
9.100000000000000000e+01
4.922699914277951089e-03
6.900000000000000000e+01
8.294865407094271711e-03
1.020000000000000000e+02
5.675059355636131314e-03
6.200000000000000000e+01
4.702667772941744595e-02
1.100000000000000000e+01
4.112711172307193484e-03
6.800000000000000000e+01
