1.500000000000000000e+03 1.500000000000000000e+03 1.500000000000000000e+03 1.500000000000000000e+03
1.663000000000000000e+03 5.530000000000000000e+02 2.121000000000000000e+03 1.663000000000000000e+03
1.518000000000000000e+03 1.249000000000000000e+03 9.270000000000000000e+02 2.306000000000000000e+03
1.096000000000000000e+03 1.019000000000000000e+03 2.124000000000000000e+03 1.761000000000000000e+03
7.210000000000000000e+02 1.605000000000000000e+03 8.120000000000000000e+02 2.862000000000000000e+03
1.241000000000000000e+03 2.754000000000000000e+03 9.390000000000000000e+02 1.066000000000000000e+03
0.000000000000000000e+00 2.460000000000000000e+02 3.198000000000000000e+03 2.556000000000000000e+03
3.422000000000000000e+03 1.362000000000000000e+03 1.109000000000000000e+03 1.070000000000000000e+02
1.257000000000000000e+03 9.200000000000000000e+02 3.822000000000000000e+03 1.000000000000000000e+00
0.000000000000000000e+00 1.786000000000000000e+03 2.831000000000000000e+03 1.383000000000000000e+03
2.378000000000000000e+03 4.450000000000000000e+02 0.000000000000000000e+00 3.177000000000000000e+03
2.123000000000000000e+03 2.047000000000000000e+03 0.000000000000000000e+00 1.830000000000000000e+03
0.000000000000000000e+00 7.120000000000000000e+02 6.590000000000000000e+02 4.629000000000000000e+03
1.335000000000000000e+03 2.814000000000000000e+03 1.849000000000000000e+03 2.000000000000000000e+00
3.581000000000000000e+03 0.000000000000000000e+00 1.648000000000000000e+03 7.710000000000000000e+02
