1.334342047340621087e-03
2.610000000000000000e+02
2.008146530145430222e-02
3.200000000000000000e+01
2.745827461951643768e-03
1.300000000000000000e+02
1.381020553222699369e-03
4.580000000000000000e+02
2.195218401203915398e-02
7.900000000000000000e+01
1.267147860782461173e-02
2.200000000000000000e+01
8.422132920363062381e-03
1.900000000000000000e+02
5.588768649213682327e-02
2.900000000000000000e+01
1.155931080375715648e-03
9.800000000000000000e+01
1.643741345276011206e-02
2.900000000000000000e+01
