5.340000000000000000e+02 7.690000000000000000e+02 3.011000000000000000e+03 1.686000000000000000e+03
2.300000000000000000e+02 1.104000000000000000e+03 2.956000000000000000e+03 1.710000000000000000e+03
1.170000000000000000e+02 1.252000000000000000e+03 2.915000000000000000e+03 1.716000000000000000e+03
1.541000000000000000e+03 7.860000000000000000e+02 1.695000000000000000e+03 1.978000000000000000e+03
1.285000000000000000e+03 1.013000000000000000e+03 1.735000000000000000e+03 1.967000000000000000e+03
1.281000000000000000e+03 1.018000000000000000e+03 1.734000000000000000e+03 1.967000000000000000e+03
1.266000000000000000e+03 1.065000000000000000e+03 1.694000000000000000e+03 1.975000000000000000e+03
9.310000000000000000e+02 1.521000000000000000e+03 1.533000000000000000e+03 2.015000000000000000e+03
1.017000000000000000e+03 2.440000000000000000e+02 0.000000000000000000e+00 4.739000000000000000e+03
6.860000000000000000e+02 4.080000000000000000e+02 0.000000000000000000e+00 4.906000000000000000e+03
8.040000000000000000e+02 1.558000000000000000e+03 1.639000000000000000e+03 1.999000000000000000e+03
