1.255680924584027733e-03
3.420000000000000000e+02
1.202513244257259056e-03
2.400000000000000000e+02
1.215728093735590374e-03
2.110000000000000000e+02
1.099814327158997115e-03
1.070000000000000000e+02
1.137036018838872859e-03
9.200000000000000000e+01
1.118114633259823616e-03
9.500000000000000000e+01
1.147495519913696192e-03
7.300000000000000000e+01
9.542737579197829809e-04
6.000000000000000000e+01
6.690840608916431148e-03
2.800000000000000000e+01
3.619104104273935998e-03
4.200000000000000000e+01
9.872518679259966682e-04
6.900000000000000000e+01
