-1.244270000000000067e+02
2.118646710000000044e-01
-1.152039999999999935e+02
2.230663840000000342e-01
-1.067000000000000028e+02
1.807959999999999845e-01
-3.532500000000000284e+01
6.426137499999998171e-02
-1.730900000000000105e+01
2.909151900000000318e-02
-1.719500000000000028e+01
2.979297499999999932e-02
-1.716199999999999903e+01
2.860575599999999954e-02
-1.582600000000000051e+01
2.604772399999999780e-02
-7.574329999999999927e+02
1.023425510999999899e+00
-7.688079999999999927e+02
1.042483135999999755e+00
-1.682100000000000151e+01
2.834895899999999996e-02
