1.500000000000000000e+03 1.500000000000000000e+03 1.500000000000000000e+03 1.500000000000000000e+03
8.580000000000000000e+02 7.940000000000000000e+02 1.353000000000000000e+03 2.995000000000000000e+03
1.488000000000000000e+03 2.718000000000000000e+03 8.860000000000000000e+02 9.080000000000000000e+02
8.490000000000000000e+02 1.223000000000000000e+03 1.896000000000000000e+03 2.032000000000000000e+03
7.180000000000000000e+02 2.022000000000000000e+03 7.210000000000000000e+02 2.539000000000000000e+03
3.020000000000000000e+03 5.700000000000000000e+01 2.466000000000000000e+03 4.570000000000000000e+02
4.350000000000000000e+02 3.692000000000000000e+03 1.872000000000000000e+03 1.000000000000000000e+00
0.000000000000000000e+00 1.348000000000000000e+03 3.152000000000000000e+03 1.500000000000000000e+03
3.544000000000000000e+03 1.750000000000000000e+02 0.000000000000000000e+00 2.281000000000000000e+03
3.553000000000000000e+03 1.848000000000000000e+03 5.970000000000000000e+02 2.000000000000000000e+00
0.000000000000000000e+00 3.526000000000000000e+03 6.630000000000000000e+02 1.811000000000000000e+03
1.584000000000000000e+03 0.000000000000000000e+00 2.313000000000000000e+03 2.103000000000000000e+03
1.472000000000000000e+03 1.155000000000000000e+03 3.372000000000000000e+03 1.000000000000000000e+00
1.014000000000000000e+03 1.612000000000000000e+03 1.383000000000000000e+03 1.991000000000000000e+03
2.046000000000000000e+03 2.245000000000000000e+03 0.000000000000000000e+00 1.709000000000000000e+03
