1.230063888607950450e-03
1.490000000000000000e+02
1.513061402545764957e-03
1.090000000000000000e+02
1.181133391789246671e-03
4.580000000000000000e+02
2.449900056233033068e-03
1.950000000000000000e+02
1.417741439688812409e-02
1.800000000000000000e+02
2.561451240238892327e-03
1.100000000000000000e+02
1.191894516002349642e-02
3.800000000000000000e+01
3.183156522526111448e-02
9.000000000000000000e+00
3.515409742471840848e-02
2.700000000000000000e+01
5.514523306014321863e-03
9.700000000000000000e+01
