9.757081142330533991e-04
2.160000000000000000e+02
1.268673338942535389e-03
3.350000000000000000e+02
9.900763038236425669e-04
1.340000000000000000e+02
6.525891040800972653e-03
1.340000000000000000e+02
1.183716519070085287e-02
2.400000000000000000e+01
1.584391621447955693e-03
3.610000000000000000e+02
5.413894546119617235e-03
3.300000000000000000e+01
1.117592670466353681e-02
5.500000000000000000e+01
1.567793060922022252e-02
2.100000000000000000e+02
1.482492725428193742e-02
1.890000000000000000e+02
1.493496023825649326e-02
1.370000000000000000e+02
