1.500000000000000000e+03 1.500000000000000000e+03 1.500000000000000000e+03 1.500000000000000000e+03
2.385000000000000000e+03 1.689000000000000000e+03 6.920000000000000000e+02 1.234000000000000000e+03
1.895000000000000000e+03 1.156000000000000000e+03 6.850000000000000000e+02 2.264000000000000000e+03
1.630000000000000000e+03 2.007000000000000000e+03 5.770000000000000000e+02 1.786000000000000000e+03
6.850000000000000000e+02 5.180000000000000000e+02 2.527000000000000000e+03 2.270000000000000000e+03
9.380000000000000000e+02 2.691000000000000000e+03 2.316000000000000000e+03 5.500000000000000000e+01
2.980000000000000000e+02 1.710000000000000000e+02 9.630000000000000000e+02 4.568000000000000000e+03
5.140000000000000000e+02 3.061000000000000000e+03 2.380000000000000000e+02 2.187000000000000000e+03
1.120000000000000000e+02 5.051000000000000000e+03 8.350000000000000000e+02 2.000000000000000000e+00
1.380000000000000000e+03 1.096000000000000000e+03 0.000000000000000000e+00 3.524000000000000000e+03
1.583000000000000000e+03 3.560000000000000000e+02 4.059000000000000000e+03 2.000000000000000000e+00
0.000000000000000000e+00 1.205000000000000000e+03 3.637000000000000000e+03 1.158000000000000000e+03
3.180000000000000000e+03 9.570000000000000000e+02 1.862000000000000000e+03 1.000000000000000000e+00
0.000000000000000000e+00 1.985000000000000000e+03 1.190000000000000000e+03 2.825000000000000000e+03
1.566000000000000000e+03 4.187000000000000000e+03 2.460000000000000000e+02 1.000000000000000000e+00
