9.340000000000000000e+02 1.999000000000000000e+03 2.239000000000000000e+03 8.280000000000000000e+02
3.875000000000000000e+03 7.100000000000000000e+01 1.740000000000000000e+03 3.140000000000000000e+02
6.800000000000000000e+01 3.118000000000000000e+03 4.470000000000000000e+02 2.367000000000000000e+03
3.690000000000000000e+02 3.290000000000000000e+02 0.000000000000000000e+00 5.302000000000000000e+03
1.723000000000000000e+03 0.000000000000000000e+00 3.080000000000000000e+03 1.197000000000000000e+03
4.015000000000000000e+03 5.310000000000000000e+02 5.650000000000000000e+02 8.890000000000000000e+02
1.719000000000000000e+03 0.000000000000000000e+00 3.088000000000000000e+03 1.193000000000000000e+03
4.079000000000000000e+03 7.920000000000000000e+02 6.730000000000000000e+02 4.560000000000000000e+02
1.283000000000000000e+03 1.628000000000000000e+03 1.335000000000000000e+03 1.754000000000000000e+03
1.278000000000000000e+03 1.646000000000000000e+03 1.328000000000000000e+03 1.748000000000000000e+03
1.196000000000000000e+03 1.577000000000000000e+03 1.144000000000000000e+03 2.083000000000000000e+03
