-5.223100000000000165e+01
7.775363899999999939e-02
-3.204909999999999854e+02
3.945519190000000287e-01
-9.098799999999999955e+01
1.152338560000000234e-01
-7.863650000000000091e+02
1.025031774999999978e+00
-2.767450000000000045e+02
4.204479749999999738e-01
-2.984110000000000014e+02
3.431060789999999527e-01
-2.793720000000000141e+02
4.214236160000000009e-01
-2.979309999999999832e+02
3.488682390000000799e-01
-1.786499999999999844e+01
2.923277499999999557e-02
-1.760500000000000043e+01
2.884897500000000239e-02
-1.538400000000000034e+01
2.122054400000000091e-02
