1.282179221287600484e-03
1.170000000000000000e+02
2.546092795658808604e-03
9.800000000000000000e+01
1.208401988873934133e-03
2.580000000000000000e+02
4.690310101422514970e-03
1.590000000000000000e+02
9.067869636974645875e-03
3.270000000000000000e+02
1.094939098603786229e-03
1.400000000000000000e+02
4.556767395663071513e-03
7.600000000000000000e+01
2.726708052881108776e-02
4.100000000000000000e+01
1.367805386249390867e-02
2.800000000000000000e+01
2.163817879649372264e-02
3.100000000000000000e+01
