1.500000000000000000e+03 1.500000000000000000e+03 1.500000000000000000e+03 1.500000000000000000e+03
8.730000000000000000e+02 5.360000000000000000e+02 1.667000000000000000e+03 2.924000000000000000e+03
1.653000000000000000e+03 1.905000000000000000e+03 5.270000000000000000e+02 1.915000000000000000e+03
2.343000000000000000e+03 1.733000000000000000e+03 1.348000000000000000e+03 5.760000000000000000e+02
2.170000000000000000e+03 1.949000000000000000e+03 6.340000000000000000e+02 1.247000000000000000e+03
8.490000000000000000e+02 1.836000000000000000e+03 2.838000000000000000e+03 4.770000000000000000e+02
2.252000000000000000e+03 0.000000000000000000e+00 2.560000000000000000e+02 3.492000000000000000e+03
3.060000000000000000e+02 3.354000000000000000e+03 4.430000000000000000e+02 1.897000000000000000e+03
2.300000000000000000e+01 1.741000000000000000e+03 0.000000000000000000e+00 4.236000000000000000e+03
1.344000000000000000e+03 3.572000000000000000e+03 1.082000000000000000e+03 2.000000000000000000e+00
9.210000000000000000e+02 2.129000000000000000e+03 1.023000000000000000e+03 1.927000000000000000e+03
1.633000000000000000e+03 0.000000000000000000e+00 3.346000000000000000e+03 1.021000000000000000e+03
0.000000000000000000e+00 2.103000000000000000e+03 1.944000000000000000e+03 1.953000000000000000e+03
-1.000000000000000000e+00 5.840000000000000000e+02 3.857000000000000000e+03 1.560000000000000000e+03
1.243000000000000000e+03 3.016000000000000000e+03 0.000000000000000000e+00 1.741000000000000000e+03
