1.427342928025782803e-03
3.430000000000000000e+02
1.175928864713556097e-03
1.100000000000000000e+02
1.355242641212692310e-03
1.100000000000000000e+02
1.175113398410205633e-03
9.200000000000000000e+01
2.982963241279786015e-03
2.830000000000000000e+02
1.118426043205945387e-03
2.520000000000000000e+02
7.859842684953219707e-03
1.610000000000000000e+02
1.232298462270966458e-03
7.300000000000000000e+01
9.351702503998792285e-03
1.610000000000000000e+02
3.748699936645433391e-03
1.870000000000000000e+02
