-7.256499999999999773e+01
9.404577499999999812e-02
-2.065629999999999882e+02
3.381040310000000271e-01
-1.869360000000000070e+02
3.099719040000000203e-01
-1.912009999999999934e+02
3.052925989999999978e-01
-3.789610000000000127e+02
6.502194789999999891e-01
-4.573969999999999914e+02
5.891933910000000107e-01
-1.507810000000000059e+02
2.542750390000000360e-01
-3.464560000000000173e+02
4.386320639999999882e-01
-1.771889999999999930e+02
2.345872790000000374e-01
-1.817189999999999941e+02
2.919000390000000000e-01
-2.068940000000000055e+02
2.811187639999999655e-01
