1.199000000000000000e+03 2.706000000000000000e+03 7.060000000000000000e+02 1.389000000000000000e+03
1.226000000000000000e+03 8.350000000000000000e+02 5.130000000000000000e+02 3.426000000000000000e+03
1.096000000000000000e+03 1.144000000000000000e+03 3.930000000000000000e+02 3.367000000000000000e+03
1.954000000000000000e+03 3.347000000000000000e+03 3.760000000000000000e+02 3.230000000000000000e+02
1.827000000000000000e+03 4.820000000000000000e+02 3.689000000000000000e+03 2.000000000000000000e+00
8.400000000000000000e+02 8.020000000000000000e+02 4.357000000000000000e+03 1.000000000000000000e+00
8.850000000000000000e+02 2.125000000000000000e+03 2.988000000000000000e+03 2.000000000000000000e+00
3.500000000000000000e+03 2.316000000000000000e+03 1.830000000000000000e+02 1.000000000000000000e+00
1.746000000000000000e+03 0.000000000000000000e+00 2.344000000000000000e+03 1.910000000000000000e+03
1.938000000000000000e+03 2.856000000000000000e+03 1.205000000000000000e+03 1.000000000000000000e+00
0.000000000000000000e+00 2.931000000000000000e+03 2.391000000000000000e+03 6.780000000000000000e+02
