-2.403400000000000034e+02
4.051144000000000411e-01
-3.436500000000000199e+01
4.890577499999999161e-02
-2.010370000000000061e+02
3.096576309999999888e-01
-2.559410000000000025e+02
4.256955189999999667e-01
-8.608199999999999363e+01
9.443927600000000255e-02
-2.397800000000000011e+02
3.977395999999999709e-01
-2.956730000000000018e+02
3.267680709999999933e-01
-2.380720000000000027e+02
3.466488160000000263e-01
-4.523600000000000136e+02
7.072123999999999633e-01
-2.997130000000000223e+02
3.920986310000000308e-01
