2.135668889105315349e-05
1.000000000000000000e+00
9.440818410937526321e-04
4.600000000000000000e+01
1.058637696790733478e-03
2.620000000000000000e+02
1.129479105395494488e-03
2.470000000000000000e+02
9.747133665210787768e-04
2.970000000000000000e+02
5.721784845288571230e-05
1.000000000000000000e+00
9.309448475373265173e-04
5.600000000000000000e+01
1.029243318586572486e-03
2.110000000000000000e+02
4.496025134962107310e-03
9.400000000000000000e+01
1.318433869069668104e-04
1.000000000000000000e+00
