9.577130416542119912e-04
9.600000000000000000e+01
9.402276018931705805e-04
4.500000000000000000e+01
1.038209662125006956e-03
2.480000000000000000e+02
1.031678564689947862e-03
2.800000000000000000e+02
0.000000000000000000e+00
1.000000000000000000e+00
9.472740996530010314e-04
4.700000000000000000e+01
9.725242898262202078e-04
3.380000000000000000e+02
1.160603090381480797e-03
2.500000000000000000e+02
9.819067537433006851e-04
4.900000000000000000e+02
1.006799261968092246e-03
1.060000000000000000e+02
