1.500000000000000000e+03 1.500000000000000000e+03 1.500000000000000000e+03 1.500000000000000000e+03
1.247000000000000000e+03 2.009000000000000000e+03 2.120000000000000000e+03 6.240000000000000000e+02
1.758000000000000000e+03 1.518000000000000000e+03 1.351000000000000000e+03 1.373000000000000000e+03
9.890000000000000000e+02 1.770000000000000000e+03 1.326000000000000000e+03 1.915000000000000000e+03
1.804000000000000000e+03 7.770000000000000000e+02 1.404000000000000000e+03 2.015000000000000000e+03
7.430000000000000000e+02 5.920000000000000000e+02 3.045000000000000000e+03 1.620000000000000000e+03
3.190000000000000000e+02 1.609000000000000000e+03 2.904000000000000000e+03 1.168000000000000000e+03
5.810000000000000000e+02 2.816000000000000000e+03 1.115000000000000000e+03 1.488000000000000000e+03
1.257000000000000000e+03 1.499000000000000000e+03 8.800000000000000000e+01 3.156000000000000000e+03
3.384000000000000000e+03 5.480000000000000000e+02 9.290000000000000000e+02 1.139000000000000000e+03
2.165000000000000000e+03 5.250000000000000000e+02 2.525000000000000000e+03 7.850000000000000000e+02
1.594000000000000000e+03 2.550000000000000000e+02 3.533000000000000000e+03 6.180000000000000000e+02
7.810000000000000000e+02 1.239000000000000000e+03 6.600000000000000000e+01 3.914000000000000000e+03
9.430000000000000000e+02 4.245000000000000000e+03 7.990000000000000000e+02 1.300000000000000000e+01
1.380000000000000000e+02 9.020000000000000000e+02 1.115000000000000000e+03 3.845000000000000000e+03
