4.888664000000000343e+00
1.909698999999999591e+00
2.986189999999999678e-01
8.852910000000001611e-01
1.883343999999999907e+00
8.799789999999997336e-01
2.925018999999999814e+00
7.119359999999999022e-01
2.192818999999999630e+00
1.134978999999999738e+00
2.807930999999999067e+00
4.897444000000000131e+00
4.917064000000000767e+00
2.506874999999999964e+00
9.764239999999998476e-01
2.043219000000000118e+00
1.138770999999999756e+00
4.522175999999999085e+00
8.610840000000000716e-01
2.919736000000000775e+00
2.884090999999999738e+00
4.118075000000000152e+00
