1.489000000000000000e+03 3.516000000000000000e+03 0.000000000000000000e+00 9.950000000000000000e+02 3.700000000000000000e+02 3.740000000000000000e+02 3.470000000000000000e+02 3.540000000000000000e+02
1.075000000000000000e+03 6.560000000000000000e+02 1.396000000000000000e+03 2.873000000000000000e+03 3.590000000000000000e+02 3.750000000000000000e+02 3.540000000000000000e+02 3.670000000000000000e+02
1.018000000000000000e+03 1.559000000000000000e+03 1.094000000000000000e+03 2.329000000000000000e+03 3.320000000000000000e+02 3.800000000000000000e+02 3.260000000000000000e+02 3.610000000000000000e+02
3.950000000000000000e+02 3.637000000000000000e+03 4.700000000000000000e+01 1.921000000000000000e+03 3.410000000000000000e+02 3.590000000000000000e+02 3.220000000000000000e+02 3.810000000000000000e+02
1.872000000000000000e+03 2.836000000000000000e+03 5.240000000000000000e+02 7.680000000000000000e+02 3.530000000000000000e+02 3.180000000000000000e+02 3.410000000000000000e+02 3.620000000000000000e+02
1.462000000000000000e+03 3.127000000000000000e+03 3.400000000000000000e+02 1.071000000000000000e+03 3.420000000000000000e+02 3.100000000000000000e+02 3.270000000000000000e+02 3.590000000000000000e+02
2.806000000000000000e+03 3.020000000000000000e+03 1.190000000000000000e+02 5.500000000000000000e+01 3.400000000000000000e+02 3.400000000000000000e+02 3.530000000000000000e+02 3.520000000000000000e+02
3.790000000000000000e+02 4.293000000000000000e+03 2.110000000000000000e+02 1.117000000000000000e+03 3.730000000000000000e+02 3.590000000000000000e+02 3.690000000000000000e+02 3.670000000000000000e+02
3.464000000000000000e+03 8.330000000000000000e+02 1.287000000000000000e+03 4.160000000000000000e+02 3.350000000000000000e+02 3.600000000000000000e+02 3.460000000000000000e+02 3.800000000000000000e+02
1.594000000000000000e+03 2.473000000000000000e+03 2.500000000000000000e+01 1.908000000000000000e+03 3.710000000000000000e+02 3.420000000000000000e+02 3.820000000000000000e+02 3.220000000000000000e+02
3.476000000000000000e+03 1.065000000000000000e+03 2.540000000000000000e+02 1.205000000000000000e+03 3.740000000000000000e+02 3.380000000000000000e+02 3.710000000000000000e+02 3.730000000000000000e+02
1.890000000000000000e+02 1.035000000000000000e+03 4.169000000000000000e+03 6.070000000000000000e+02 3.240000000000000000e+02 3.410000000000000000e+02 3.340000000000000000e+02 3.560000000000000000e+02
1.246000000000000000e+03 5.110000000000000000e+02 7.100000000000000000e+01 4.172000000000000000e+03 3.800000000000000000e+02 3.630000000000000000e+02 3.450000000000000000e+02 3.690000000000000000e+02
1.116000000000000000e+03 1.449000000000000000e+03 3.176000000000000000e+03 2.590000000000000000e+02 3.090000000000000000e+02 3.340000000000000000e+02 3.730000000000000000e+02 3.670000000000000000e+02
1.649000000000000000e+03 3.060000000000000000e+02 1.719000000000000000e+03 2.326000000000000000e+03 3.560000000000000000e+02 3.210000000000000000e+02 3.340000000000000000e+02 3.510000000000000000e+02
2.740000000000000000e+02 1.357000000000000000e+03 3.010000000000000000e+03 1.359000000000000000e+03 3.680000000000000000e+02 3.620000000000000000e+02 3.200000000000000000e+02 3.770000000000000000e+02
1.160000000000000000e+02 1.749000000000000000e+03 2.484000000000000000e+03 1.651000000000000000e+03 3.470000000000000000e+02 3.600000000000000000e+02 3.160000000000000000e+02 3.780000000000000000e+02
2.772000000000000000e+03 8.460000000000000000e+02 2.239000000000000000e+03 1.430000000000000000e+02 3.200000000000000000e+02 3.590000000000000000e+02 3.600000000000000000e+02 3.870000000000000000e+02
3.620000000000000000e+02 3.977000000000000000e+03 1.224000000000000000e+03 4.370000000000000000e+02 3.490000000000000000e+02 3.660000000000000000e+02 3.200000000000000000e+02 3.720000000000000000e+02
2.745000000000000000e+03 4.470000000000000000e+02 1.453000000000000000e+03 1.355000000000000000e+03 3.480000000000000000e+02 3.200000000000000000e+02 3.160000000000000000e+02 3.560000000000000000e+02
6.740000000000000000e+02 5.300000000000000000e+01 1.720000000000000000e+03 3.553000000000000000e+03 3.420000000000000000e+02 3.860000000000000000e+02 3.300000000000000000e+02 3.320000000000000000e+02
5.400000000000000000e+01 3.980000000000000000e+02 4.670000000000000000e+03 8.780000000000000000e+02 3.300000000000000000e+02 3.570000000000000000e+02 3.190000000000000000e+02 3.720000000000000000e+02
