-1.646150000000000091e+02
2.476707749999999819e-01
-5.080439999999999827e+02
5.769500640000000402e-01
-3.100910000000000082e+02
3.867447189999999591e-01
-3.926080000000000041e+02
5.535423360000000237e-01
-3.936179999999999950e+02
5.457360760000000699e-01
-3.269399999999999977e+02
3.761824000000000279e-01
-1.461459999999999866e+02
1.893286839999999971e-01
-1.914099999999999824e+01
3.370911900000000960e-02
-1.653699999999999903e+01
2.745063099999999964e-02
-1.649899999999999878e+01
2.684799899999999392e-02
-1.674500000000000099e+01
2.831797499999999870e-02
