2.647852946833650564e-03
6.600000000000000000e+01
4.087199383508045326e-03
1.220000000000000000e+02
1.081797232392638130e-03
1.860000000000000000e+02
6.561692798686493723e-03
5.800000000000000000e+01
9.959825556879299893e-03
5.400000000000000000e+01
1.066230730302650080e-02
1.520000000000000000e+02
3.374382888385307755e-02
1.000000000000000000e+01
2.042087044797661136e-02
1.010000000000000000e+02
2.095305698525569416e-02
4.800000000000000000e+01
1.210353529361991474e-03
1.500000000000000000e+02
