1.114886000322402957e-03
1.500000000000000000e+02
1.498047482973883290e-03
1.590000000000000000e+02
2.184667894630090354e-02
1.400000000000000000e+01
8.860665065438488169e-03
1.380000000000000000e+02
1.109304352983338585e-02
7.700000000000000000e+01
1.506109890613933390e-02
1.700000000000000000e+01
3.911824223639208398e-02
1.900000000000000000e+01
1.751527481273607674e-03
2.900000000000000000e+01
1.659687618929877586e-03
3.100000000000000000e+01
1.672311754891026752e-03
3.100000000000000000e+01
1.672953411578895775e-03
3.100000000000000000e+01
