1.500000000000000000e+03 1.500000000000000000e+03 1.500000000000000000e+03 1.500000000000000000e+03
6.880000000000000000e+02 2.141000000000000000e+03 1.219000000000000000e+03 1.952000000000000000e+03
1.211000000000000000e+03 1.216000000000000000e+03 2.438000000000000000e+03 1.135000000000000000e+03
2.251000000000000000e+03 7.190000000000000000e+02 1.693000000000000000e+03 1.337000000000000000e+03
9.250000000000000000e+02 5.290000000000000000e+02 2.058000000000000000e+03 2.488000000000000000e+03
1.815000000000000000e+03 2.561000000000000000e+03 1.622000000000000000e+03 2.000000000000000000e+00
7.290000000000000000e+02 1.002000000000000000e+03 0.000000000000000000e+00 4.269000000000000000e+03
2.870000000000000000e+02 3.961000000000000000e+03 8.470000000000000000e+02 9.050000000000000000e+02
0.000000000000000000e+00 8.180000000000000000e+02 3.523000000000000000e+03 1.659000000000000000e+03
4.140000000000000000e+02 2.609000000000000000e+03 2.976000000000000000e+03 1.000000000000000000e+00
1.762000000000000000e+03 2.093000000000000000e+03 0.000000000000000000e+00 2.145000000000000000e+03
2.987000000000000000e+03 2.097000000000000000e+03 9.140000000000000000e+02 2.000000000000000000e+00
1.653000000000000000e+03 1.623000000000000000e+03 2.722000000000000000e+03 2.000000000000000000e+00
1.650000000000000000e+03 3.828000000000000000e+03 5.210000000000000000e+02 1.000000000000000000e+00
4.258000000000000000e+03 2.720000000000000000e+02 8.630000000000000000e+02 6.070000000000000000e+02
