5.200000000000000000e+02 1.210000000000000000e+02 8.210000000000000000e+02 4.538000000000000000e+03
7.380000000000000000e+02 2.125000000000000000e+03 3.136000000000000000e+03 1.000000000000000000e+00
9.360000000000000000e+02 2.124000000000000000e+03 2.938000000000000000e+03 2.000000000000000000e+00
8.270000000000000000e+02 4.890000000000000000e+02 1.825000000000000000e+03 2.859000000000000000e+03
7.400000000000000000e+02 6.930000000000000000e+02 1.513000000000000000e+03 3.054000000000000000e+03
6.610000000000000000e+02 7.870000000000000000e+02 1.369000000000000000e+03 3.183000000000000000e+03
7.030000000000000000e+02 9.190000000000000000e+02 1.363000000000000000e+03 3.015000000000000000e+03
6.960000000000000000e+02 9.020000000000000000e+02 1.351000000000000000e+03 3.051000000000000000e+03
6.440000000000000000e+02 8.280000000000000000e+02 1.269000000000000000e+03 3.259000000000000000e+03
7.750000000000000000e+02 5.400000000000000000e+02 7.610000000000000000e+02 3.924000000000000000e+03
1.656000000000000000e+03 0.000000000000000000e+00 2.060000000000000000e+02 4.138000000000000000e+03
