1.214039376291888191e-02
8.000000000000000000e+00
1.593820039619106566e-02
5.000000000000000000e+00
5.323676015132986286e-03
1.640000000000000000e+02
1.379429564071936107e-02
1.000000000000000000e+01
1.232186138171567462e-02
7.000000000000000000e+00
2.746963508572844697e-03
7.100000000000000000e+01
1.523976657346888704e-02
2.300000000000000000e+01
2.251016953093484818e-01
6.000000000000000000e+00
1.049063212551577806e-02
5.500000000000000000e+01
4.277631909692450329e-03
1.220000000000000000e+02
