1.214722819749918664e-03
1.260000000000000000e+02
3.540830477712177560e-03
1.340000000000000000e+02
6.888611662418447565e-03
9.300000000000000000e+01
1.618022410637278080e-03
7.100000000000000000e+01
1.342068841852177025e-03
9.600000000000000000e+01
1.221567693780586158e-03
9.700000000000000000e+01
1.060331004003572941e-03
9.000000000000000000e+01
1.121009711477108199e-03
9.000000000000000000e+01
1.141628233759776727e-03
6.400000000000000000e+01
1.284088852257508342e-03
1.860000000000000000e+02
1.191387071308904876e-03
1.610000000000000000e+02
