1.500000000000000000e+03 1.500000000000000000e+03 1.500000000000000000e+03 1.500000000000000000e+03 3.460000000000000000e+02 3.620000000000000000e+02 3.350000000000000000e+02 3.600000000000000000e+02
1.423000000000000000e+03 1.200000000000000000e+03 2.207000000000000000e+03 1.170000000000000000e+03 3.460000000000000000e+02 3.730000000000000000e+02 3.200000000000000000e+02 3.640000000000000000e+02
1.767000000000000000e+03 8.090000000000000000e+02 1.765000000000000000e+03 1.659000000000000000e+03 3.760000000000000000e+02 3.350000000000000000e+02 3.500000000000000000e+02 3.620000000000000000e+02
9.200000000000000000e+02 1.602000000000000000e+03 1.128000000000000000e+03 2.350000000000000000e+03 3.260000000000000000e+02 3.530000000000000000e+02 2.900000000000000000e+02 3.490000000000000000e+02
8.090000000000000000e+02 1.768000000000000000e+03 9.150000000000000000e+02 2.508000000000000000e+03 3.120000000000000000e+02 3.770000000000000000e+02 3.630000000000000000e+02 3.470000000000000000e+02
1.738000000000000000e+03 2.644000000000000000e+03 8.230000000000000000e+02 7.950000000000000000e+02 3.600000000000000000e+02 3.680000000000000000e+02 3.360000000000000000e+02 3.470000000000000000e+02
3.045000000000000000e+03 7.760000000000000000e+02 1.441000000000000000e+03 7.380000000000000000e+02 3.900000000000000000e+02 3.580000000000000000e+02 3.440000000000000000e+02 3.420000000000000000e+02
1.935000000000000000e+03 1.712000000000000000e+03 2.510000000000000000e+02 2.102000000000000000e+03 3.420000000000000000e+02 3.570000000000000000e+02 3.400000000000000000e+02 3.610000000000000000e+02
9.270000000000000000e+02 1.977000000000000000e+03 2.276000000000000000e+03 8.200000000000000000e+02 3.450000000000000000e+02 3.240000000000000000e+02 3.360000000000000000e+02 3.680000000000000000e+02
6.330000000000000000e+02 1.040000000000000000e+03 3.370000000000000000e+03 9.570000000000000000e+02 3.310000000000000000e+02 3.760000000000000000e+02 3.360000000000000000e+02 3.760000000000000000e+02
1.381000000000000000e+03 3.800000000000000000e+01 2.641000000000000000e+03 1.940000000000000000e+03 3.460000000000000000e+02 3.550000000000000000e+02 3.400000000000000000e+02 3.590000000000000000e+02
7.360000000000000000e+02 2.702000000000000000e+03 2.232000000000000000e+03 3.300000000000000000e+02 3.280000000000000000e+02 3.640000000000000000e+02 3.390000000000000000e+02 3.590000000000000000e+02
1.490000000000000000e+03 1.481000000000000000e+03 1.495000000000000000e+03 1.534000000000000000e+03 3.260000000000000000e+02 3.630000000000000000e+02 3.350000000000000000e+02 3.780000000000000000e+02
2.103000000000000000e+03 2.012000000000000000e+03 1.535000000000000000e+03 3.500000000000000000e+02 3.480000000000000000e+02 3.570000000000000000e+02 3.390000000000000000e+02 3.470000000000000000e+02
2.060000000000000000e+02 2.411000000000000000e+03 2.110000000000000000e+02 3.172000000000000000e+03 3.430000000000000000e+02 3.560000000000000000e+02 3.400000000000000000e+02 3.630000000000000000e+02
