-8.811299999999999955e+01
1.368542309999999929e-01
-2.535829999999999984e+02
3.731111109999999953e-01
-8.740999999999999659e+01
1.467699000000000364e-01
-1.154170000000000016e+02
2.011091110000000071e-01
-3.649580000000000268e+02
6.842442359999999502e-01
-2.673059999999999832e+02
4.995283640000000025e-01
-1.897839999999999918e+02
2.601993439999999991e-01
-1.974859999999999900e+02
2.788318039999999609e-01
-1.586500000000000021e+01
2.631477500000000205e-02
-1.520400000000000063e+01
2.520238399999999782e-02
-1.504800000000000004e+01
2.209369600000000294e-02
