1.265002971184573614e-03
1.510000000000000000e+02
1.262347779098058672e-03
1.510000000000000000e+02
1.162061428292344989e-03
1.650000000000000000e+02
1.011901517789474221e-03
2.830000000000000000e+02
9.928231789411595155e-04
5.590000000000000000e+02
1.332732525092117024e-03
4.140000000000000000e+02
1.027795101959916649e-02
1.410000000000000000e+02
1.113481474259580238e-02
1.910000000000000000e+02
1.170291904960475216e-03
3.600000000000000000e+01
1.081349646127399092e-03
9.800000000000000000e+01
1.074241582167215344e-03
7.300000000000000000e+01
