1.111000000000000000e+03 2.391000000000000000e+03 2.410000000000000000e+03 8.800000000000000000e+01
1.111000000000000000e+03 2.390000000000000000e+03 2.409000000000000000e+03 9.000000000000000000e+01
1.030000000000000000e+03 2.273000000000000000e+03 2.500000000000000000e+03 1.970000000000000000e+02
9.010000000000000000e+02 1.912000000000000000e+03 2.853000000000000000e+03 3.340000000000000000e+02
1.086000000000000000e+03 9.670000000000000000e+02 3.896000000000000000e+03 5.100000000000000000e+01
1.103000000000000000e+03 1.299000000000000000e+03 3.597000000000000000e+03 1.000000000000000000e+00
1.392000000000000000e+03 0.000000000000000000e+00 1.699000000000000000e+03 2.909000000000000000e+03
1.382000000000000000e+03 0.000000000000000000e+00 1.673000000000000000e+03 2.945000000000000000e+03
1.163000000000000000e+03 1.350000000000000000e+03 1.721000000000000000e+03 1.766000000000000000e+03
1.231000000000000000e+03 1.489000000000000000e+03 1.297000000000000000e+03 1.983000000000000000e+03
1.246000000000000000e+03 1.488000000000000000e+03 1.283000000000000000e+03 1.983000000000000000e+03
