1.011151851001434532e-03
1.790000000000000000e+02
1.021841114888783712e-03
1.340000000000000000e+02
2.846867977440198112e-03
1.020000000000000000e+02
1.398835976380326598e-03
2.440000000000000000e+02
1.608389522582542169e-02
4.300000000000000000e+01
9.306821632994598421e-04
1.000000000000000000e+00
4.680860523850498972e-02
1.200000000000000000e+01
9.058902569198577781e-03
6.000000000000000000e+01
3.075547868816740429e-02
5.300000000000000000e+01
3.099314612097139182e-02
3.370000000000000000e+02
