1.500000000000000000e+03 1.500000000000000000e+03 1.500000000000000000e+03 1.500000000000000000e+03
1.831000000000000000e+03 7.170000000000000000e+02 2.016000000000000000e+03 1.436000000000000000e+03
1.193000000000000000e+03 1.088000000000000000e+03 1.825000000000000000e+03 1.894000000000000000e+03
1.551000000000000000e+03 1.519000000000000000e+03 8.910000000000000000e+02 2.039000000000000000e+03
2.506000000000000000e+03 6.830000000000000000e+02 1.869000000000000000e+03 9.420000000000000000e+02
4.072000000000000000e+03 2.600000000000000000e+01 3.640000000000000000e+02 1.538000000000000000e+03
1.290000000000000000e+02 8.500000000000000000e+02 1.279000000000000000e+03 3.742000000000000000e+03
1.936000000000000000e+03 3.426000000000000000e+03 6.370000000000000000e+02 1.000000000000000000e+00
4.010000000000000000e+02 3.082000000000000000e+03 1.787000000000000000e+03 7.300000000000000000e+02
8.240000000000000000e+02 3.620000000000000000e+03 0.000000000000000000e+00 1.556000000000000000e+03
7.190000000000000000e+02 6.060000000000000000e+02 4.084000000000000000e+03 5.910000000000000000e+02
3.349000000000000000e+03 1.581000000000000000e+03 1.069000000000000000e+03 1.000000000000000000e+00
1.484000000000000000e+03 0.000000000000000000e+00 6.800000000000000000e+02 3.836000000000000000e+03
2.425000000000000000e+03 9.910000000000000000e+02 0.000000000000000000e+00 2.584000000000000000e+03
0.000000000000000000e+00 1.990000000000000000e+03 2.246000000000000000e+03 1.764000000000000000e+03
