1.037012899760716153e-03
2.150000000000000000e+02
1.442678284839318988e-03
1.380000000000000000e+02
9.910244291790968468e-03
1.240000000000000000e+02
1.156761376362778907e-03
2.930000000000000000e+02
8.981754160375421056e-03
2.900000000000000000e+01
1.709263610072454809e-02
9.900000000000000000e+01
1.436083090057202818e-02
7.300000000000000000e+01
4.300493212062973108e-02
5.900000000000000000e+01
9.345643569088232100e-03
5.300000000000000000e+01
1.111983680791319784e-03
3.900000000000000000e+01
