7.620000000000000000e+02 1.845000000000000000e+03 1.515000000000000000e+03 1.878000000000000000e+03
9.400000000000000000e+02 4.207000000000000000e+03 8.510000000000000000e+02 2.000000000000000000e+00
9.940000000000000000e+02 1.890000000000000000e+03 1.627000000000000000e+03 1.489000000000000000e+03
6.150000000000000000e+02 3.960000000000000000e+03 1.423000000000000000e+03 2.000000000000000000e+00
9.840000000000000000e+02 1.936000000000000000e+03 1.591000000000000000e+03 1.489000000000000000e+03
9.400000000000000000e+01 3.351000000000000000e+03 -1.000000000000000000e+00 2.556000000000000000e+03
5.000000000000000000e+01 2.053000000000000000e+03 2.026000000000000000e+03 1.871000000000000000e+03
1.613000000000000000e+03 4.263000000000000000e+03 1.220000000000000000e+02 2.000000000000000000e+00
1.039000000000000000e+03 1.532000000000000000e+03 1.617000000000000000e+03 1.812000000000000000e+03
1.037000000000000000e+03 1.530000000000000000e+03 1.617000000000000000e+03 1.816000000000000000e+03
1.031000000000000000e+03 1.524000000000000000e+03 1.619000000000000000e+03 1.826000000000000000e+03
