-2.980399999999999849e+01
4.286158400000000118e-02
-8.624699999999999989e+01
9.101599100000001830e-02
-3.233599999999999852e+01
4.550910399999999467e-02
-8.870000000000000284e+01
1.058540000000000036e-01
-3.430499999999999972e+01
4.746797500000000253e-02
-1.045900000000000034e+02
1.400379000000000485e-01
-4.900399999999999778e+01
6.721198400000000239e-02
-1.188469999999999942e+02
1.680855910000000064e-01
-1.625799999999999912e+01
2.368343599999999868e-02
-1.628900000000000148e+01
2.420947899999999903e-02
-1.621499999999999986e+01
2.345277500000000209e-02
