1.015672485590561266e-03
7.700000000000000000e+01
4.210657862336117038e-03
6.700000000000000000e+01
1.002556748008650396e-03
1.100000000000000000e+02
2.417276398055550647e-03
1.090000000000000000e+02
1.045022400818012946e-03
6.000000000000000000e+01
7.891609121651130959e-03
7.300000000000000000e+01
1.007227613313025879e-03
9.600000000000000000e+01
1.665457097409899639e-02
3.300000000000000000e+01
1.036424739302925935e-03
3.200000000000000000e+01
1.020439842777884094e-03
3.200000000000000000e+01
9.796849553920625349e-04
3.900000000000000000e+01
