1.500000000000000000e+03 1.500000000000000000e+03 1.500000000000000000e+03 1.500000000000000000e+03
3.345000000000000000e+03 7.240000000000000000e+02 1.032000000000000000e+03 8.990000000000000000e+02
1.968000000000000000e+03 1.978000000000000000e+03 8.000000000000000000e+02 1.254000000000000000e+03
1.671000000000000000e+03 1.250000000000000000e+03 1.391000000000000000e+03 1.688000000000000000e+03
1.222000000000000000e+03 1.223000000000000000e+03 2.542000000000000000e+03 1.013000000000000000e+03
4.670000000000000000e+02 1.887000000000000000e+03 1.454000000000000000e+03 2.192000000000000000e+03
6.110000000000000000e+02 3.760000000000000000e+02 7.250000000000000000e+02 4.288000000000000000e+03
1.004000000000000000e+03 0.000000000000000000e+00 2.482000000000000000e+03 2.514000000000000000e+03
4.490000000000000000e+02 3.757000000000000000e+03 1.793000000000000000e+03 1.000000000000000000e+00
2.520000000000000000e+03 3.200000000000000000e+02 0.000000000000000000e+00 3.160000000000000000e+03
8.320000000000000000e+02 2.442000000000000000e+03 0.000000000000000000e+00 2.726000000000000000e+03
0.000000000000000000e+00 2.171000000000000000e+03 2.278000000000000000e+03 1.551000000000000000e+03
1.481000000000000000e+03 2.792000000000000000e+03 1.726000000000000000e+03 1.000000000000000000e+00
5.420000000000000000e+02 4.508000000000000000e+03 0.000000000000000000e+00 9.500000000000000000e+02
9.550000000000000000e+02 1.328000000000000000e+03 1.706000000000000000e+03 2.011000000000000000e+03
