-2.591739999999999782e+02
4.250997240000000121e-01
-2.984449999999999932e+02
3.551469749999999759e-01
-2.337330000000000041e+02
3.223657110000000547e-01
-3.196419999999999959e+02
5.510178359999999831e-01
-4.549680000000000177e+02
5.571589760000000835e-01
-5.255839999999999463e+02
6.841049439999999926e-01
-1.578999999999999915e+01
2.374189999999999981e-02
-8.117799999999999727e+01
8.955431600000000880e-02
-1.596299999999999919e+01
2.597363100000000050e-02
-1.633200000000000074e+01
2.696577599999999686e-02
