7.420000000000000000e+02 1.102000000000000000e+03 5.170000000000000000e+02 3.639000000000000000e+03
3.061000000000000000e+03 1.487000000000000000e+03 3.760000000000000000e+02 1.076000000000000000e+03
0.000000000000000000e+00 3.181000000000000000e+03 3.600000000000000000e+01 2.783000000000000000e+03
0.000000000000000000e+00 3.000000000000000000e+01 3.189000000000000000e+03 2.781000000000000000e+03
5.390000000000000000e+02 1.101000000000000000e+03 4.358000000000000000e+03 2.000000000000000000e+00
3.360000000000000000e+02 0.000000000000000000e+00 1.224000000000000000e+03 4.440000000000000000e+03
1.196000000000000000e+03 1.489000000000000000e+03 1.559000000000000000e+03 1.756000000000000000e+03
7.340000000000000000e+02 5.260000000000000000e+03 4.000000000000000000e+00 2.000000000000000000e+00
1.216000000000000000e+03 1.351000000000000000e+03 1.705000000000000000e+03 1.728000000000000000e+03
1.225000000000000000e+03 1.345000000000000000e+03 1.717000000000000000e+03 1.713000000000000000e+03
1.177000000000000000e+03 1.273000000000000000e+03 1.885000000000000000e+03 1.665000000000000000e+03
