1.248622995800244360e-03
1.000000000000000000e+00
1.183380632767244136e-03
2.440000000000000000e+02
1.602379763688816308e-02
3.500000000000000000e+01
7.241491000688480596e-03
1.770000000000000000e+02
8.923179308857241698e-03
6.500000000000000000e+01
5.095470197593542083e-02
1.400000000000000000e+01
9.275894796344713936e-04
3.300000000000000000e+01
2.087736016254454138e-02
4.100000000000000000e+01
1.092988756850681335e-03
6.400000000000000000e+01
1.109503271352473876e-03
7.400000000000000000e+01
