1.226944589355496041e-03
1.660000000000000000e+02
1.263773506588541234e-03
1.010000000000000000e+02
1.851345337057648185e-02
6.400000000000000000e+01
1.255421056124592875e-03
1.140000000000000000e+02
1.343509316956504121e-03
1.390000000000000000e+02
1.155121635731905759e-03
1.340000000000000000e+02
1.633169994553534260e-02
4.300000000000000000e+01
1.204521595090475659e-03
1.480000000000000000e+02
1.402001761026193741e-02
1.900000000000000000e+01
5.415909295091775669e-03
2.610000000000000000e+02
