1.500000000000000000e+03 1.500000000000000000e+03 1.500000000000000000e+03 1.500000000000000000e+03 3.510000000000000000e+02 3.400000000000000000e+02 3.050000000000000000e+02 3.600000000000000000e+02
6.520000000000000000e+02 2.359000000000000000e+03 1.654000000000000000e+03 1.335000000000000000e+03 3.510000000000000000e+02 3.410000000000000000e+02 3.340000000000000000e+02 3.410000000000000000e+02
1.305000000000000000e+03 1.031000000000000000e+03 2.328000000000000000e+03 1.336000000000000000e+03 3.470000000000000000e+02 3.380000000000000000e+02 3.560000000000000000e+02 3.810000000000000000e+02
9.570000000000000000e+02 2.595000000000000000e+03 1.765000000000000000e+03 6.830000000000000000e+02 3.220000000000000000e+02 3.480000000000000000e+02 3.530000000000000000e+02 3.280000000000000000e+02
8.970000000000000000e+02 3.472000000000000000e+03 1.008000000000000000e+03 6.230000000000000000e+02 3.460000000000000000e+02 3.650000000000000000e+02 3.210000000000000000e+02 3.630000000000000000e+02
1.011000000000000000e+03 1.149000000000000000e+03 7.820000000000000000e+02 3.058000000000000000e+03 3.450000000000000000e+02 3.560000000000000000e+02 3.390000000000000000e+02 3.630000000000000000e+02
2.903000000000000000e+03 1.144000000000000000e+03 8.530000000000000000e+02 1.100000000000000000e+03 3.450000000000000000e+02 3.560000000000000000e+02 3.400000000000000000e+02 3.630000000000000000e+02
1.818000000000000000e+03 1.734000000000000000e+03 2.100000000000000000e+03 3.480000000000000000e+02 3.460000000000000000e+02 3.500000000000000000e+02 3.230000000000000000e+02 3.620000000000000000e+02
1.070000000000000000e+02 3.525000000000000000e+03 7.800000000000000000e+01 2.290000000000000000e+03 3.450000000000000000e+02 3.560000000000000000e+02 3.400000000000000000e+02 3.630000000000000000e+02
4.200000000000000000e+01 4.040000000000000000e+02 3.198000000000000000e+03 2.356000000000000000e+03 3.450000000000000000e+02 3.560000000000000000e+02 3.400000000000000000e+02 3.630000000000000000e+02
2.483000000000000000e+03 3.700000000000000000e+01 3.700000000000000000e+01 3.443000000000000000e+03 3.450000000000000000e+02 3.560000000000000000e+02 3.400000000000000000e+02 3.630000000000000000e+02
8.660000000000000000e+02 1.904000000000000000e+03 2.885000000000000000e+03 3.450000000000000000e+02 3.430000000000000000e+02 3.530000000000000000e+02 3.410000000000000000e+02 3.610000000000000000e+02
1.597000000000000000e+03 2.621000000000000000e+03 6.600000000000000000e+01 1.716000000000000000e+03 3.450000000000000000e+02 3.560000000000000000e+02 3.400000000000000000e+02 3.630000000000000000e+02
6.800000000000000000e+02 3.434000000000000000e+03 1.544000000000000000e+03 3.420000000000000000e+02 3.410000000000000000e+02 3.590000000000000000e+02 3.330000000000000000e+02 3.620000000000000000e+02
2.387000000000000000e+03 1.350000000000000000e+02 3.131000000000000000e+03 3.470000000000000000e+02 3.450000000000000000e+02 3.560000000000000000e+02 3.400000000000000000e+02 3.630000000000000000e+02
