9.152834092970011381e-01 9.260575965720047042e-01 4.000000000000000000e+00 5.700000000000000000e+01 0.000000000000000000e+00
7.250848267700024108e-01 7.086174408847144557e-01 4.000000000000000000e+00 1.350000000000000000e+02 0.000000000000000000e+00
9.798233914899299180e-01 1.977456569976117073e+00 5.000000000000000000e+00 1.620000000000000000e+02 0.000000000000000000e+00
1.307075704005394856e-01 1.090903178811359064e-01 1.700000000000000000e+01 2.200000000000000000e+01 0.000000000000000000e+00
7.769700609704655037e-01 3.320681564711768230e-01 8.000000000000000000e+00 8.900000000000000000e+01 0.000000000000000000e+00
1.818055803349948318e-01 1.239347550959667199e+00 5.000000000000000000e+00 1.770000000000000000e+02 0.000000000000000000e+00
6.018855827366595967e-01 7.820040398054416420e-01 6.000000000000000000e+00 1.000000000000000000e+01 0.000000000000000000e+00
6.371374628968209386e-01 1.105809144880781858e+00 1.000000000000000000e+00 2.900000000000000000e+01 0.000000000000000000e+00
4.767429541190807418e-01 1.411165004449926652e+00 3.000000000000000000e+00 1.030000000000000000e+02 0.000000000000000000e+00
3.268309702561585928e-01 2.058986765509239536e+00 5.000000000000000000e+00 4.000000000000000000e+01 0.000000000000000000e+00
1.488723198714306806e-01 2.023031149667639195e+00 1.700000000000000000e+01 1.010000000000000000e+02 0.000000000000000000e+00
1.810563852756386094e-01 4.698435295689543656e-01 1.100000000000000000e+01 1.700000000000000000e+01 0.000000000000000000e+00
6.167241751615680778e-01 1.834454371409663720e+00 1.900000000000000000e+01 1.410000000000000000e+02 1.000000000000000000e+00
3.676599520586733005e-01 2.353308401397874727e-01 1.000000000000000000e+01 4.000000000000000000e+00 1.000000000000000000e+00
6.027272816285569323e-01 1.418136071062543024e+00 1.400000000000000000e+01 6.700000000000000000e+01 1.000000000000000000e+00
5.893612959500968973e-01 2.050205585294261112e+00 5.000000000000000000e+00 7.900000000000000000e+01 1.000000000000000000e+00
6.013163223880201302e-01 2.016376869870605049e+00 1.900000000000000000e+01 2.500000000000000000e+01 1.000000000000000000e+00
8.097018401601883963e-02 3.546077766078964411e-01 4.000000000000000000e+00 1.800000000000000000e+01 1.000000000000000000e+00
1.078878973497765376e-01 6.031887001394179437e-01 9.000000000000000000e+00 3.000000000000000000e+00 1.000000000000000000e+00
1.783373880622751012e-02 2.119786206208557344e-01 9.000000000000000000e+00 1.260000000000000000e+02 1.000000000000000000e+00
6.668640840703283779e-01 1.709827015252377569e+00 1.300000000000000000e+01 1.020000000000000000e+02 1.000000000000000000e+00
2.904924439396090463e-01 1.959541215429730254e+00 1.900000000000000000e+01 2.800000000000000000e+01 1.000000000000000000e+00
6.899655223661272929e-01 1.585801258393245483e+00 1.100000000000000000e+01 9.600000000000000000e+01 1.000000000000000000e+00
4.688700317193265077e-01 7.299296629055788133e-01 9.000000000000000000e+00 7.800000000000000000e+01 1.000000000000000000e+00
6.510510933340322159e-01 2.749529549143937546e-01 1.700000000000000000e+01 1.920000000000000000e+02 2.000000000000000000e+00
5.804347633798855322e-01 1.379819616058287901e-01 1.000000000000000000e+00 1.630000000000000000e+02 2.000000000000000000e+00
3.688803379814910022e-01 6.408005058027418377e-01 7.000000000000000000e+00 1.120000000000000000e+02 2.000000000000000000e+00
5.380418038024292054e-02 1.329009280450686115e+00 1.500000000000000000e+01 1.720000000000000000e+02 2.000000000000000000e+00
1.427653742721782804e-01 1.497118448091421250e+00 1.900000000000000000e+01 4.700000000000000000e+01 2.000000000000000000e+00
9.364152522604217710e-01 7.571061843267193892e-01 1.000000000000000000e+01 8.400000000000000000e+01 2.000000000000000000e+00
2.520600068451089859e-01 3.322311827971541343e-01 1.500000000000000000e+01 1.200000000000000000e+01 2.000000000000000000e+00
9.298632237704269610e-01 1.165420160949020234e+00 1.000000000000000000e+01 3.000000000000000000e+01 2.000000000000000000e+00
6.623278817219866443e-01 6.731994705025593495e-01 6.000000000000000000e+00 2.900000000000000000e+01 2.000000000000000000e+00
6.819347943721957295e-01 2.075538784076757182e+00 2.000000000000000000e+00 1.400000000000000000e+01 2.000000000000000000e+00
8.855378996751445131e-01 1.678170349413473927e-01 1.300000000000000000e+01 2.000000000000000000e+00 2.000000000000000000e+00
1.161166601900400636e-01 1.276503742873936531e+00 1.800000000000000000e+01 1.690000000000000000e+02 2.000000000000000000e+00
3.098893001990192797e-01 1.044814430703481678e+00 1.000000000000000000e+01 1.280000000000000000e+02 3.000000000000000000e+00
6.809323614783288070e-01 8.792025773656609866e-01 1.200000000000000000e+01 1.780000000000000000e+02 3.000000000000000000e+00
1.381594683279151713e-02 1.845102065326783780e+00 1.600000000000000000e+01 1.850000000000000000e+02 3.000000000000000000e+00
7.519442659750031899e-01 1.097728120536864749e+00 2.000000000000000000e+01 1.240000000000000000e+02 3.000000000000000000e+00
6.068790303589171042e-01 7.853487465114973309e-01 9.000000000000000000e+00 1.910000000000000000e+02 3.000000000000000000e+00
9.960209201537246759e-01 4.073992815517463173e-01 1.700000000000000000e+01 1.800000000000000000e+02 3.000000000000000000e+00
8.123369547957148828e-01 1.477400096711968480e+00 1.900000000000000000e+01 1.610000000000000000e+02 3.000000000000000000e+00
8.210849941000808450e-01 9.783865004652584352e-01 1.100000000000000000e+01 9.000000000000000000e+00 3.000000000000000000e+00
4.463192036061819357e-01 6.054928477126203523e-01 1.900000000000000000e+01 4.600000000000000000e+01 3.000000000000000000e+00
7.527834448393317945e-01 1.715522473138266779e+00 5.000000000000000000e+00 5.600000000000000000e+01 3.000000000000000000e+00
1.072084139665602093e-01 9.558633132100627927e-01 1.200000000000000000e+01 1.390000000000000000e+02 3.000000000000000000e+00
5.771880330632783718e-01 1.245120893107093840e+00 1.000000000000000000e+01 1.850000000000000000e+02 3.000000000000000000e+00
3.916493822303973582e-01 4.122903263058600443e-01 1.300000000000000000e+01 1.000000000000000000e+00 4.000000000000000000e+00
5.059983359498045896e-01 8.980240819845289879e-01 4.000000000000000000e+00 9.100000000000000000e+01 4.000000000000000000e+00
4.970109819579964228e-01 1.350179092609228582e-01 1.500000000000000000e+01 3.900000000000000000e+01 4.000000000000000000e+00
2.973059026492618218e-01 9.614095429195653741e-01 1.400000000000000000e+01 4.800000000000000000e+01 4.000000000000000000e+00
7.017142219998265817e-01 1.986979476397875199e+00 6.000000000000000000e+00 1.160000000000000000e+02 4.000000000000000000e+00
6.565815428231387418e-01 3.883734892445974696e-01 5.000000000000000000e+00 8.200000000000000000e+01 4.000000000000000000e+00
7.464470861770012844e-01 2.738116682101484622e-01 8.000000000000000000e+00 1.450000000000000000e+02 4.000000000000000000e+00
1.844584122228034584e-01 2.189478977005622495e-01 9.000000000000000000e+00 1.440000000000000000e+02 4.000000000000000000e+00
5.316222009660002135e-01 1.493535152982199854e+00 1.900000000000000000e+01 1.180000000000000000e+02 4.000000000000000000e+00
3.340370323704537903e-01 6.926458961911327039e-01 7.000000000000000000e+00 1.220000000000000000e+02 4.000000000000000000e+00
7.496755887424598475e-02 1.497310845077745312e-01 1.000000000000000000e+01 1.160000000000000000e+02 4.000000000000000000e+00
8.672621759231099459e-01 2.014662307672438146e+00 1.700000000000000000e+01 1.650000000000000000e+02 4.000000000000000000e+00
