-4.487582727575086494e+01
-8.186994698372360801e+01
-1.267108241282334689e+02
-1.042457013045767269e+02
-8.103698023598924749e+01
-8.254710775037207782e+01
-8.903382569067787244e+01
-1.267114262411506616e+02
-1.061516382688188145e+02
-9.519599125578315579e+01
-1.048733898569544181e+02
-1.267120832380438173e+02
-1.193387278948028865e+02
-1.263433632845815850e+02
-1.264650925058291762e+02
-1.267111481046005537e+02
-1.267126021270265994e+02
-1.165891739477925597e+02
-7.917167489452711493e+01
-1.267103555959709240e+02
