-1.192084113184835701e+02
-1.227445946297294199e+02
-1.267128332816289173e+02
-1.267125848218258994e+02
-1.223328552282734591e+02
-1.247832962801262795e+02
-1.267081633503910609e+02
-6.253588855939641178e+01
-1.085499983048437542e+02
-1.267105592844056048e+02
-1.267127505568577561e+02
-1.267102749812988947e+02
-1.267128289941665571e+02
-1.233143436253193954e+02
-1.001913702048250485e+02
-1.253094103239453432e+02
-1.265083507475656575e+02
-1.267119009512272356e+02
-1.267126028160754601e+02
-8.762308336024014466e+01
-1.248116004116399864e+02
-1.202192342327506225e+02
-1.267128370023037292e+02
-1.267045344521955599e+02
-1.267127606284798418e+02
-1.267123087537966484e+02
-1.266369528086925555e+02
-1.262521740857769856e+02
-1.267128186875085589e+02
-1.264328767710803021e+02
-1.056775349429806283e+02
-1.167745817829611781e+02
-1.145245393754919832e+02
-1.078932148114325855e+02
-1.151692389495683244e+02
-1.265695287364963804e+02
-1.244413278917889443e+02
-1.267121100663058684e+02
-1.267127485119088561e+02
-9.890936068647104662e+01
