-1.139608396338985585e+02 4.470923323858246728e-02
-1.021870022301073675e+02 4.952286616053265533e-02
-1.267128372175681932e+02 4.642306937050501556e-07
-8.402512459053751570e+01 4.371791892865078966e-01
-7.556028864851523963e+01 1.138188373066152531e-01
-1.257799089546828100e+02 2.259835059133203372e-01
-1.146755935864276097e+02 3.068317816101365225e-01
-1.259295358326691314e+02 1.655230048664825260e-01
-1.266828514989721555e+02 1.819558500397986528e-02
-1.267126024808209621e+02 5.665783595547914533e-05
-1.267120572906701454e+02 9.869491649079016105e-05
-1.057492238782939040e+02 1.608036840304964410e-01
-1.267126497271006258e+02 3.290698887404055453e-05
-1.097870619723891679e+02 3.145776942065815485e-01
-1.266603462367999811e+02 1.197039155021714305e-02
-1.267128092053721247e+02 1.001951589445775334e-05
-1.267119138919377690e+02 7.061114212944927433e-05
-1.172593538024974151e+02 4.755052032451956290e-01
-1.258736452440593467e+02 5.239157050622072348e-02
-1.001996606763647719e+02 5.009407595531587543e-01
-1.267120544585529558e+02 2.445720993913469616e-04
-1.267104838495349384e+02 1.297802204102463364e-04
-1.267081283889136074e+02 1.308736044608421571e-03
-1.037975324971530142e+02 7.477136239283091457e-02
-6.464826984037028978e+01 3.809737965201134141e-02
-9.364841528413160177e+01 9.621892661544005285e-03
-9.847066601976104039e+01 2.990110721682482167e-02
-1.266707797585243895e+02 5.713246286145246336e-03
-1.266976723180058997e+02 1.403558273452687423e-03
-1.050350249809485774e+02 3.749286859680010797e-02
-1.000263268339798088e+02 5.512399409287869201e-01
-1.236455108040438944e+02 1.023226034580513727e-01
-1.024596252216041421e+02 6.029598940348744884e-01
-1.267126722984242235e+02 6.913022037224323725e-05
-1.050100328418086519e+02 2.212850222947833900e-01
-1.264586891358308378e+02 2.189466137874537463e-02
-1.183730445559487379e+02 1.589892262922360661e-02
-1.119034645929067011e+02 3.443437372357064513e-02
-1.266979817854362835e+02 6.586446327792596592e-04
-1.200353901574164013e+02 3.197942051389060514e-02
-1.065312581124316864e+02 4.965276546879748149e-02
-8.222635374009732345e+01 4.865799265274672880e-02
-1.262099909451851971e+02 2.981943902006920638e-02
-1.231113453329493552e+02 1.690401701476351437e-01
-9.699233748502112462e+01 4.728235867677612475e-02
-1.267125913681544063e+02 1.143396118182019808e-04
-1.162476566614399189e+02 4.531118727117099121e-02
-1.236455415425197089e+02 1.940371320637107599e-02
-1.251165577162680904e+02 6.360445812525034048e-02
-1.128226951536006908e+02 3.609062931208650155e-02
-5.099438688607877879e+01 1.982116349444007219e-01
-1.166745480651102724e+02 5.256538294529924937e-02
-1.267128245137921567e+02 5.196973402036623416e-06
-8.233348040737607221e+01 1.793013232804545887e-01
-6.938477639460624857e+01 6.545850020087531917e-02
-6.493556879780855695e+01 1.916852270649397894e-01
-1.266604630935759559e+02 7.164748231668644635e-03
-1.014191344263048933e+02 3.451843202100567803e-02
-6.714732447697630846e+01 3.123322290522471678e-01
-1.267128347401206838e+02 9.768286189341568063e-07
