1.022447212788911604e-03
7.600000000000000000e+01
1.024019472376281464e-03
1.350000000000000000e+02
1.283990001365218313e-03
2.120000000000000000e+02
9.733284355508330056e-04
1.910000000000000000e+02
1.082767748750974738e-03
2.900000000000000000e+01
8.754606495472293682e-04
4.300000000000000000e+01
1.480760922730613334e-02
3.400000000000000000e+01
1.279537057918275940e-02
6.200000000000000000e+01
1.078922752069805258e-03
3.900000000000000000e+01
4.117511825061032776e-02
1.300000000000000000e+01
1.016323595750207379e-03
4.100000000000000000e+01
