9.952523877126073174e-04
3.100000000000000000e+01
1.266412619010312806e-03
1.700000000000000000e+01
1.324108673272563408e-03
8.800000000000000000e+01
1.165907973975952071e-03
6.100000000000000000e+01
9.407162962159147223e-04
1.080000000000000000e+02
1.218901110670960993e-03
1.330000000000000000e+02
2.522216986834381613e-02
2.700000000000000000e+01
1.934443295503363372e-02
1.200000000000000000e+01
4.200951572292085760e-03
3.300000000000000000e+01
1.134694117998791621e-03
1.530000000000000000e+02
