9.062575916350303906e-01 -1.106372612042406889e+00
1.895269984010850450e+00 7.600204823779117547e-01
-1.459603326656397471e+00 -4.419189910380807440e-01
5.608503615214521787e-01 1.215189927423826921e+00
-1.532367325249720302e+00 4.134204433515424604e-02
-2.044652618171154401e-01 -1.693750652325166417e+00
-1.592697979882613524e-01 -1.008669216653969913e+00
1.172955563694713099e+00 -9.199654841789201010e-01
-2.728240252601315419e+00 -2.003511864412957921e-01
2.693533819352372127e+00 1.517537357034858814e-01
1.522207656749450244e+00 -1.591348708377776866e+00
2.216636449165854117e-02 1.829777669397923745e+00
1.826729087124641104e+00 -1.472285538928783000e+00
-1.097679364544237535e+00 4.872074999052832256e-01
-2.298703777284266003e+00 5.716115170412827684e-01
-2.636197104705656713e+00 -4.737540657608084183e-01
2.869995334075034599e+00 -7.847068030419792617e-01
-3.000000000000000000e+00 8.468573509796938070e-02
-6.103076613492121050e-01 4.450799039366183374e-01
3.351820393289333677e-01 -8.774299472402358191e-01
2.999999999999999556e+00 -3.114305929567773301e-01
-2.468358381829059311e+00 -4.376547379847320896e-01
1.408473873006668708e-01 5.554857480409213233e-01
4.251979764724184152e-01 7.014390230581356578e-01
2.815832141151782153e+00 -8.494238812178744880e-01
2.596746198640357939e+00 9.746537070137849534e-01
7.312962136040298544e-01 -2.567459913370679914e-01
-2.911997494605976122e+00 -5.078634395201286900e-01
-2.655064857605161865e+00 6.601942356091938802e-01
8.212368697908911663e-01 1.988886394302109561e+00
-2.925552832426614458e+00 5.688237647002097885e-01
-2.682523095399333091e+00 3.167917696447408726e-01
-2.448051545481923164e+00 -3.247706978285377355e-01
-2.811162455787540537e+00 4.871681578192403328e-01
-5.637759083221659528e-01 -1.033672763575903097e+00
2.094963434997186569e-01 1.835349902217269902e+00
-1.828172105552702265e-01 -5.042317310872772573e-01
2.859569284670067102e-01 -8.241143335935026404e-02
-1.980272439404806573e+00 9.372350695542464027e-01
-3.000000000000000000e+00 7.128112598891998830e-02
1.283276544351962922e+00 1.045035709191469930e+00
-3.056875182080798781e-01 6.140231227189424379e-01
-4.694094734578680983e-01 -1.956145586624273180e+00
-5.788186084311016666e-01 2.300036354438831920e-01
-2.888799608120752982e+00 3.584032578320541229e-01
-4.461986733025581631e-02 -3.723740254623018608e-01
5.011962459276219084e-01 1.360968517286404778e+00
5.268613864885309667e-02 -2.002825516093535985e+00
2.736858356946289206e+00 -4.301902388707272706e-01
-1.672251418552709867e-01 5.930099334028341440e-01
-1.544088884055749566e-01 1.890056580849273526e+00
4.940301298295807775e-01 -1.152053627134225350e-01
-2.852081250176763838e+00 1.247988044973087629e-01
4.199646189875049229e-01 7.731129989771259869e-02
-1.097697943684952243e-01 5.590365639645165086e-01
