-2.754011110480923327e-02
0.000000000000000000e+00
-2.758067211455665982e-02
0.000000000000000000e+00
-2.738164318233495681e-02
0.000000000000000000e+00
-2.770216293195106386e-02
0.000000000000000000e+00
-1.939821571484488848e-03
0.000000000000000000e+00
-1.160836271943388107e-03
0.000000000000000000e+00
-1.188221742532109305e-03
0.000000000000000000e+00
-1.401408967166132809e-03
0.000000000000000000e+00
-4.457019975585487827e-03
0.000000000000000000e+00
-1.022914576143572028e-02
0.000000000000000000e+00
-1.012683544735695773e-02
0.000000000000000000e+00
-8.988706735870833839e-03
0.000000000000000000e+00
-8.715411906012203794e-03
0.000000000000000000e+00
-8.708385373055635773e-03
0.000000000000000000e+00
-8.761755133700163331e-03
0.000000000000000000e+00
-4.658751852291357319e-03
0.000000000000000000e+00
-4.653775347853920767e-03
0.000000000000000000e+00
-4.689022604069436120e-03
0.000000000000000000e+00
-4.543945132406769331e-03
0.000000000000000000e+00
-4.624666261870096287e-03
0.000000000000000000e+00
-5.374890517792723851e-03
0.000000000000000000e+00
-1.209827139394257373e-02
0.000000000000000000e+00
-7.565004951837123182e-03
0.000000000000000000e+00
-2.226450031585953601e-02
0.000000000000000000e+00
-2.274616287689815511e-02
0.000000000000000000e+00
-2.274426386419665935e-02
0.000000000000000000e+00
-2.070454247898692590e-02
0.000000000000000000e+00
-3.165430785190180996e-03
0.000000000000000000e+00
-1.433491311915981821e-03
0.000000000000000000e+00
-2.533641628181543346e-03
0.000000000000000000e+00
-2.517615527235097551e-03
0.000000000000000000e+00
-6.574291965968054416e-05
0.000000000000000000e+00
-1.085523439564448989e-03
0.000000000000000000e+00
-3.239744118368284489e-03
0.000000000000000000e+00
-3.244899772557126652e-03
0.000000000000000000e+00
-3.183712002038842619e-03
0.000000000000000000e+00
-2.058512514391316623e-03
0.000000000000000000e+00
-3.220893467380118395e-03
0.000000000000000000e+00
-3.210680328182022401e-03
0.000000000000000000e+00
-3.691157330520009831e-03
0.000000000000000000e+00
-3.720536271209231270e-03
0.000000000000000000e+00
