1.284362622881934646e-01
5.206161136267949630e+00
1.230702453135184005e+00
3.781368325654936406e-03
5.352873119488539260e+02
4.195784720335844341e-05
7.904683617813513044e-05
1.477779681950920909e-01
1.170525898459118679e+02
6.981204511790733136e+01
2.072210243876152214e-01
2.178016965390961867e-09
8.456184642837019094e-01
7.691068856372648144e-01
1.360850204313460310e+01
2.192087045542094614e+01
1.012927644133255534e+01
4.678431413386019813e+02
9.573092032504361415e-02
7.017622363362445003e-04
1.387328698598462893e+02
2.136573739402652450e+01
4.506924188458524654e-04
2.395010131236046703e-03
4.495906398201279686e+00
2.409569570610878841e+00
1.023308840951633103e+00
8.340815714702705463e+01
2.073369018084429882e+01
2.359674926328706596e-02
5.576595242841331412e+01
5.982147229287559043e+01
1.267985704237286484e+02
2.218118990233880794e+01
1.113668487289168688e-02
1.573517596207893031e-04
7.838647954785341737e-05
1.917796472954523823e-01
7.516903713324765146e-01
3.824311069632637555e+03
1.763579301707147162e-01
4.428396447547208736e-03
8.593935842463433245e-04
5.455895792483099749e-01
3.960524570443121206e+01
5.040741196769255645e-06
1.292804594045089163e-02
1.993980157160192822e-08
4.695701564989675347e+01
2.484475248374205412e-04
7.092429320052929934e-06
5.603805411625237820e-01
2.752363014798141876e+02
1.047283684586617358e+00
1.491362067706036127e-04
