1.659521349811723112e-01
1.660742969714358308e-01
1.654739954867076868e-01
1.664396675433806039e-01
4.404340553913251716e-02
3.407104741482697846e-02
3.447059243082586238e-02
3.743539724867538804e-02
6.676091652745255733e-02
1.011392394742798156e-01
1.006321789854366516e-01
9.480879039345894987e-02
9.335637046293200625e-02
9.331873002273249895e-02
9.360424741271179683e-02
6.825505001310420983e-02
6.821858506194569682e-02
6.847643831325805897e-02
6.740879121009936414e-02
6.800489880788071484e-02
7.331364482681736183e-02
1.099921424190954400e-01
8.697703692261034292e-02
1.492129361545423694e-01
1.508183108143641704e-01
1.508120149861961745e-01
1.438907310391705774e-01
5.626216122039910672e-02
3.786147530030996994e-02
5.033529207406611805e-02
5.017584605400388781e-02
8.108200765871584337e-03
3.294728273415652858e-02
5.691875014762960011e-02
5.696402173791038220e-02
5.642439190668201154e-02
4.537083330060531772e-02
5.675291593724606648e-02
5.666286551333264698e-02
6.075489552719195996e-02
6.099619882590415210e-02
