2.059836369610647810e-01
4.100000000000000000e+01
2.348715904493165751e-01
2.000000000000000000e+00
3.883390375925913768e-02
4.000000000000000000e+00
2.243038083123672088e-01
2.400000000000000000e+01
4.382487839764951931e-01
1.010000000000000000e+02
7.594716173052298847e-02
4.000000000000000000e+00
1.306503012733490898e-01
1.200000000000000000e+01
1.362877582218498806e-01
1.200000000000000000e+01
2.439184601372381689e-01
1.000000000000000000e+00
1.934224001266660053e-01
2.400000000000000000e+01
1.025658731350914538e-01
3.000000000000000000e+00
8.024035634949990003e-02
1.000000000000000000e+00
7.090429955461874378e-02
5.000000000000000000e+00
7.525302190983999828e-02
1.010000000000000000e+02
1.242756042544453515e-01
1.010000000000000000e+02
6.752226920697382284e-02
1.000000000000000000e+00
2.558422733119674816e-02
1.000000000000000000e+00
2.071777134077247215e-02
1.000000000000000000e+00
4.409290290127609174e-02
4.000000000000000000e+00
4.762591817732725330e-02
3.000000000000000000e+00
2.767103548086423670e-01
1.010000000000000000e+02
8.521961858631753317e-02
1.000000000000000000e+00
1.886371355746862752e-02
4.000000000000000000e+00
7.906905470248016404e-03
1.000000000000000000e+00
9.295912103476639942e-04
5.000000000000000000e+00
2.858502894539447642e-02
1.000000000000000000e+00
3.070178357886521603e-01
1.010000000000000000e+02
1.070613024701041471e-01
1.000000000000000000e+00
7.543676644591885971e-02
1.000000000000000000e+00
2.538914399895429459e-03
1.000000000000000000e+00
2.494385873700945624e-02
1.000000000000000000e+00
1.215760512774957114e+00
2.000000000000000000e+00
1.406053440138176416e-02
4.000000000000000000e+00
1.637748578065442696e-04
1.000000000000000000e+00
4.862626365650488669e-01
5.900000000000000000e+01
2.309862132150642539e-02
1.000000000000000000e+00
2.727778257203007303e-02
1.000000000000000000e+00
6.182406860335234360e-04
1.000000000000000000e+00
2.923655402317906424e-02
1.000000000000000000e+00
3.456190082198213331e-01
1.000000000000000000e+00
