1.447788513418701850e-05
5.000000000000000000e+00
2.194221115531975585e-03
3.000000000000000000e+00
4.011667021041383924e-05
5.000000000000000000e+00
1.807236736901326243e-03
7.000000000000000000e+00
4.736249019732241550e-05
5.000000000000000000e+00
2.900869302743108724e-05
5.000000000000000000e+00
5.597103318335204525e-06
4.000000000000000000e+00
1.947431731718353778e-03
5.000000000000000000e+00
4.144684741333448663e-05
5.000000000000000000e+00
2.332821282827080012e-03
4.000000000000000000e+00
5.580243452271856607e-05
5.000000000000000000e+00
1.954135358403764205e-03
6.000000000000000000e+00
2.572170739621660283e-03
4.000000000000000000e+00
9.329502062101614583e-06
5.000000000000000000e+00
2.002227798267836034e-03
5.000000000000000000e+00
1.545618918916413786e-04
4.000000000000000000e+00
6.186965902291483932e-06
5.000000000000000000e+00
1.964617439735348928e-03
4.000000000000000000e+00
6.333375049058075773e-06
6.000000000000000000e+00
2.048745434487169587e-03
6.000000000000000000e+00
1.715141323637217607e-05
4.000000000000000000e+00
1.963108300255325678e-03
4.000000000000000000e+00
5.016181841377420625e-05
6.000000000000000000e+00
7.123687688725954814e-05
6.000000000000000000e+00
2.444838156504265669e-03
4.000000000000000000e+00
4.765562267895086501e-05
5.000000000000000000e+00
2.483862342768372589e-05
6.000000000000000000e+00
2.027931675502248066e-03
3.000000000000000000e+00
1.608566422163504317e-05
5.000000000000000000e+00
1.811251373177405477e-03
6.000000000000000000e+00
1.782640309478875085e-05
7.000000000000000000e+00
1.664096806040085696e-03
4.000000000000000000e+00
4.203192202521105481e-05
8.000000000000000000e+00
5.885958587661943575e-05
4.000000000000000000e+00
5.683515918626423451e-06
5.000000000000000000e+00
1.658836562616710720e-03
3.000000000000000000e+00
6.041345324135638517e-06
6.000000000000000000e+00
6.718524447179435866e-06
4.000000000000000000e+00
6.054651427298544291e-06
4.000000000000000000e+00
1.274897934388542764e-05
7.000000000000000000e+00
1.675463950149228909e-03
3.000000000000000000e+00
