1.072562958227837784e-03
2.350000000000000000e+02
1.448650099143661491e-03
1.170000000000000000e+02
3.955686932141970306e-03
1.010000000000000000e+02
7.804789465796640319e-03
2.330000000000000000e+02
1.089671486558141042e-02
1.900000000000000000e+01
6.835684851283720456e-03
2.250000000000000000e+02
9.668763536546727978e-04
6.800000000000000000e+01
9.067550264153410259e-04
6.400000000000000000e+01
1.368030443168090186e-02
2.800000000000000000e+01
9.184871607556391098e-04
5.400000000000000000e+01
2.841587274271500582e-02
2.500000000000000000e+01
