-2.228849999999999909e+02
3.847877749999999986e-01
-4.549150000000000205e+02
6.263537749999998905e-01
-5.170249999999999773e+02
8.206103750000000030e-01
-1.379919999999999902e+02
1.728039359999999913e-01
-8.645099999999999341e+01
9.301559900000001824e-02
-1.370910000000000082e+02
1.720107190000000064e-01
-2.045799999999999841e+01
3.251623600000000391e-02
-2.091400000000000148e+01
3.048660400000000048e-02
-2.092510000000000048e+02
3.332299989999999990e-01
-2.062699999999999889e+01
3.513187099999999508e-02
-4.587740000000000009e+02
5.517049240000000410e-01
