1.243000000000000000e+03 2.320000000000000000e+02 3.435000000000000000e+03 1.090000000000000000e+03
1.520000000000000000e+02 5.650000000000000000e+02 7.630000000000000000e+02 4.520000000000000000e+03
6.440000000000000000e+02 1.887000000000000000e+03 0.000000000000000000e+00 3.469000000000000000e+03
0.000000000000000000e+00 1.786000000000000000e+03 2.014000000000000000e+03 2.200000000000000000e+03
5.810000000000000000e+02 4.256000000000000000e+03 1.162000000000000000e+03 1.000000000000000000e+00
0.000000000000000000e+00 1.771000000000000000e+03 2.016000000000000000e+03 2.213000000000000000e+03
1.026000000000000000e+03 1.036000000000000000e+03 2.015000000000000000e+03 1.923000000000000000e+03
1.010000000000000000e+03 1.019000000000000000e+03 2.023000000000000000e+03 1.948000000000000000e+03
2.111000000000000000e+03 2.422000000000000000e+03 1.466000000000000000e+03 1.000000000000000000e+00
1.037000000000000000e+03 1.026000000000000000e+03 2.010000000000000000e+03 1.927000000000000000e+03
3.810000000000000000e+02 1.195000000000000000e+03 4.422000000000000000e+03 2.000000000000000000e+00
