1.500000000000000000e+03 1.500000000000000000e+03 1.500000000000000000e+03 1.500000000000000000e+03
8.570000000000000000e+02 1.211000000000000000e+03 1.919000000000000000e+03 2.013000000000000000e+03
3.014000000000000000e+03 7.560000000000000000e+02 8.860000000000000000e+02 1.344000000000000000e+03
2.622000000000000000e+03 8.420000000000000000e+02 8.120000000000000000e+02 1.724000000000000000e+03
1.048000000000000000e+03 2.860000000000000000e+03 1.018000000000000000e+03 1.074000000000000000e+03
1.246000000000000000e+03 1.649000000000000000e+03 2.999000000000000000e+03 1.060000000000000000e+02
7.080000000000000000e+02 0.000000000000000000e+00 1.258000000000000000e+03 4.034000000000000000e+03
3.870000000000000000e+02 1.925000000000000000e+03 0.000000000000000000e+00 3.688000000000000000e+03
3.430000000000000000e+02 8.300000000000000000e+01 3.488000000000000000e+03 2.086000000000000000e+03
2.931000000000000000e+03 1.080000000000000000e+02 2.960000000000000000e+03 1.000000000000000000e+00
0.000000000000000000e+00 2.093000000000000000e+03 1.927000000000000000e+03 1.980000000000000000e+03
1.679000000000000000e+03 6.210000000000000000e+02 0.000000000000000000e+00 3.700000000000000000e+03
1.229000000000000000e+03 3.069000000000000000e+03 0.000000000000000000e+00 1.702000000000000000e+03
1.785000000000000000e+03 2.534000000000000000e+03 1.679000000000000000e+03 2.000000000000000000e+00
3.190000000000000000e+03 2.076000000000000000e+03 7.330000000000000000e+02 1.000000000000000000e+00
