-1.330965875090208215e+02
-1.113956932442332572e+02
-1.293068619475412504e+02
-1.330924420635104468e+02
-1.330960648214482944e+02
-1.330231112330422150e+02
-1.318016964240711957e+02
-1.039925924612806085e+02
-1.330966215210129633e+02
-9.523860692029644781e+01
-1.274010918945616595e+02
-1.278400870609109177e+02
-1.278399257001514826e+02
-1.278400570035417019e+02
-1.278400879684993470e+02
-1.022608645831607532e+02
-1.212970328691667277e+02
-1.278400273612985814e+02
-1.278399945559875164e+02
-1.278387367581854619e+02
-9.951906932152326135e+01
-1.107505772183116761e+02
-9.148922918293590101e+01
-1.224520049612734027e+02
-1.235606474895720339e+02
-1.235204428300466901e+02
-1.235613231353306105e+02
-1.047135811771994724e+02
-1.163776157961496693e+02
-9.326619551653536178e+01
-9.881879122666680360e+01
-1.239422844083796491e+02
-1.214501875370932709e+02
-8.928118376403358525e+01
-1.239422256433967817e+02
-1.239418557505524490e+02
-1.120905242067909313e+02
-9.274511957544861218e+01
-1.232268777800815656e+02
-8.886770772105101912e+01
-1.248619517561481871e+02
-1.131784773583981831e+02
-1.251423710552596447e+02
-1.251189932388007122e+02
-1.251435083451893462e+02
-9.557756629404686066e+01
-8.854443161333114176e+01
-1.127858751504260653e+02
-1.032480928651807091e+02
-1.251428913516440247e+02
-1.321278183275933600e+02
-9.859209776781541734e+01
-1.101147449634290751e+02
-8.822691240936042334e+01
-1.330968192088124908e+02
-1.305854156783285873e+02
-1.123067745814010436e+02
-1.330296204583983126e+02
-1.098186427888815189e+02
-9.394062218858636015e+01
-8.786585674696397064e+01
-8.618950550121243737e+01
-8.670562463716090917e+01
-8.901525820149055335e+01
-8.814641993391431640e+01
-8.685101141945713721e+01
-9.220763983610369507e+01
-1.330968173983417842e+02
-1.330917842486974223e+02
-9.067827564278300656e+01
-1.225875667170286363e+02
-1.330227368685798695e+02
-8.640515234919939758e+01
-1.251356312572650324e+02
-1.235616016396739951e+02
-8.795276970582374076e+01
-1.008614582974560960e+02
-1.148173402484676302e+02
-1.198853824895909952e+02
-9.413474410588996477e+01
-1.012069829704402224e+02
-1.330965997948203210e+02
-8.997557911624227245e+01
-1.251434427968224554e+02
-1.330817391466671609e+02
-9.125938502993345480e+01
-9.833634098814366098e+01
-9.919099128923988928e+01
-9.767160554178452969e+01
-1.028238854848480486e+02
-1.239697173441199283e+02
-1.201705574240123013e+02
-8.962702749483014486e+01
-1.049634066622722202e+02
-8.611426117967447169e+01
-1.056619081459207194e+02
-9.994189343719277474e+01
-8.828890063077098205e+01
-8.559496914976546122e+01
-8.888064280816611529e+01
-1.117064778042722821e+02
-1.000917986805746551e+02
-1.251161306304557428e+02
-1.149245510135610289e+02
-1.328527773070240698e+02
-9.690396883277942663e+01
-9.544571472307816862e+01
-1.089443630647456018e+02
-1.330961136924847210e+02
-1.239418294059050965e+02
-1.022181558351584698e+02
-9.933545310686153584e+01
-1.277945664415850047e+02
-8.989000003053911314e+01
-1.009131512350524389e+02
-9.067743805510730226e+01
-1.251421519523882040e+02
-9.861288144108372933e+01
-1.319056309576620265e+02
-9.828214535707185462e+01
