-1.258447268783829998e+02
0.000000000000000000e+00
-1.004901121935958770e+02
0.000000000000000000e+00
-1.267455212397673279e+02
0.000000000000000000e+00
-1.267169854054857012e+02
0.000000000000000000e+00
-1.267203031580321948e+02
0.000000000000000000e+00
-1.266959829696744038e+02
0.000000000000000000e+00
-1.267217274515058278e+02
0.000000000000000000e+00
-1.267037919244414752e+02
0.000000000000000000e+00
-1.005096159971002407e+02
0.000000000000000000e+00
-1.005096134732198863e+02
0.000000000000000000e+00
-1.077346055201032584e+02
0.000000000000000000e+00
-9.990752263169943603e+01
0.000000000000000000e+00
-9.941589059688590169e+01
0.000000000000000000e+00
-1.001400919925335558e+02
0.000000000000000000e+00
-9.982333419772744776e+01
0.000000000000000000e+00
-9.992850525607593681e+01
0.000000000000000000e+00
-1.002785043693762219e+02
0.000000000000000000e+00
-1.001902811034162539e+02
0.000000000000000000e+00
-1.004379217900601446e+02
0.000000000000000000e+00
-1.003262331623959085e+02
0.000000000000000000e+00
-9.991352013933385479e+01
0.000000000000000000e+00
-1.000643898553522320e+02
0.000000000000000000e+00
-1.001186649633862231e+02
0.000000000000000000e+00
-1.003801646092705084e+02
0.000000000000000000e+00
-9.993563705235644079e+01
0.000000000000000000e+00
-1.081285985357121717e+02
0.000000000000000000e+00
-9.971369576344400798e+01
0.000000000000000000e+00
-1.002252428875592898e+02
0.000000000000000000e+00
-1.005758911182497286e+02
0.000000000000000000e+00
-9.987217172328631420e+01
0.000000000000000000e+00
-1.000871462547627004e+02
0.000000000000000000e+00
-1.002494234767018213e+02
0.000000000000000000e+00
-1.005428361402570374e+02
0.000000000000000000e+00
-1.001734962520384329e+02
0.000000000000000000e+00
-1.000627416450140146e+02
0.000000000000000000e+00
-9.992730234172860548e+01
0.000000000000000000e+00
-1.001815387798505697e+02
0.000000000000000000e+00
-9.974943977543780704e+01
0.000000000000000000e+00
-9.939600131421973117e+01
0.000000000000000000e+00
-1.002521464845742969e+02
0.000000000000000000e+00
-9.954818014866681608e+01
0.000000000000000000e+00
-1.003293766360139898e+02
0.000000000000000000e+00
-1.001774557669724999e+02
0.000000000000000000e+00
-9.991081724329683311e+01
0.000000000000000000e+00
-9.914831277150058497e+01
0.000000000000000000e+00
-1.005025014158117500e+02
0.000000000000000000e+00
-1.004661706291341119e+02
0.000000000000000000e+00
-1.004986558147773081e+02
0.000000000000000000e+00
-1.004141567880138837e+02
0.000000000000000000e+00
-1.005043321654826229e+02
0.000000000000000000e+00
-1.004337642496673766e+02
0.000000000000000000e+00
-1.005750329370363829e+02
0.000000000000000000e+00
-1.001545100800427832e+02
0.000000000000000000e+00
-1.001419180372744222e+02
0.000000000000000000e+00
-9.994850733961476408e+01
0.000000000000000000e+00
-9.933656492078287670e+01
0.000000000000000000e+00
-9.956424262148235016e+01
0.000000000000000000e+00
-1.002860785369588825e+02
0.000000000000000000e+00
-9.896098354005418685e+01
0.000000000000000000e+00
-1.001253696517501197e+02
0.000000000000000000e+00
-9.908870191785966597e+01
0.000000000000000000e+00
-1.000613389741249222e+02
0.000000000000000000e+00
-1.000673865569582262e+02
0.000000000000000000e+00
-1.000909610742729257e+02
0.000000000000000000e+00
-9.920254810276385626e+01
0.000000000000000000e+00
-9.995686995239169903e+01
0.000000000000000000e+00
-1.000279077181051974e+02
0.000000000000000000e+00
-9.996597948625037588e+01
0.000000000000000000e+00
-9.997789082674400163e+01
0.000000000000000000e+00
