3.798501224474568061e-02
2.300000000000000000e+01
4.763222128242002094e-04
2.300000000000000000e+01
1.033157178827970535e+00
1.800000000000000000e+01
6.127569508944035815e-04
2.400000000000000000e+01
5.001640785627321090e-02
1.600000000000000000e+01
7.396115628919972540e-01
1.800000000000000000e+01
6.905745591684307738e-02
2.100000000000000000e+01
3.244656880208907773e-03
3.700000000000000000e+01
4.463866294164671282e-03
1.900000000000000000e+01
3.607616848738134474e-04
3.400000000000000000e+01
1.068922984756399833e-03
2.400000000000000000e+01
3.800963060786523469e-04
3.500000000000000000e+01
2.303057602094987430e-03
3.500000000000000000e+01
1.816761738299043554e-04
3.000000000000000000e+01
8.779145144487928917e-03
5.900000000000000000e+01
2.283893624056125300e-04
2.900000000000000000e+01
9.805460292869775198e-05
3.600000000000000000e+01
1.248936560865194709e-02
2.100000000000000000e+01
2.994617781016584070e-04
1.500000000000000000e+01
1.787293124926260024e+00
2.400000000000000000e+01
2.362469004157513319e-01
1.700000000000000000e+01
1.824665286874386227e-01
3.700000000000000000e+01
3.114015116434679098e-03
5.100000000000000000e+01
5.786318639196941227e-02
2.200000000000000000e+01
4.509134034825702797e-02
2.200000000000000000e+01
3.879728275751704453e-02
2.500000000000000000e+01
5.242214000669563612e-03
2.600000000000000000e+01
3.748891959014298818e-03
6.800000000000000000e+01
3.529848231229721603e-04
3.300000000000000000e+01
4.146293223438912018e-03
3.500000000000000000e+01
5.016843035651710097e-04
2.500000000000000000e+01
1.869120859520248317e-03
2.200000000000000000e+01
9.418120280731923045e-04
3.000000000000000000e+01
1.027488169321295278e-03
3.600000000000000000e+01
1.011802911256743792e-01
1.600000000000000000e+01
1.195150190224354789e-03
2.600000000000000000e+01
3.834465646674107830e-01
1.900000000000000000e+01
1.111017940600801841e-03
2.800000000000000000e+01
4.533229839532725187e-03
8.000000000000000000e+01
1.795261323432963715e-04
2.400000000000000000e+01
2.636286211086642794e-03
2.300000000000000000e+01
8.111736112643562480e-02
2.400000000000000000e+01
1.407813905573046835e-03
5.100000000000000000e+01
2.185887691035713343e-01
2.100000000000000000e+01
5.061494932477036274e-03
4.400000000000000000e+01
1.708370035594914240e-04
2.200000000000000000e+01
2.760029233098754142e-01
2.200000000000000000e+01
2.466835750647082201e-02
6.200000000000000000e+01
1.179098409275983281e-03
3.300000000000000000e+01
3.107346629034906283e-04
2.900000000000000000e+01
1.940370814015681886e-02
2.200000000000000000e+01
8.293430215904310510e-01
2.000000000000000000e+01
1.965140507773265738e-02
1.700000000000000000e+01
2.100049775992517576e-04
2.300000000000000000e+01
3.498841984998838500e-03
1.900000000000000000e+01
3.217464427863084842e-01
2.700000000000000000e+01
4.268268909016858614e-04
2.000000000000000000e+01
9.855002535118842760e-04
2.100000000000000000e+01
7.036997813862638654e-04
3.100000000000000000e+01
3.639848117347537718e-03
2.000000000000000000e+01
1.308856696397477926e-01
2.300000000000000000e+01
2.415507040435961334e-03
3.200000000000000000e+01
2.033212760257411267e-01
2.700000000000000000e+01
1.063929625132696392e-03
9.900000000000000000e+01
7.988444804796012528e-04
4.400000000000000000e+01
3.018318940511141493e-03
4.300000000000000000e+01
1.480940594327441809e-02
2.000000000000000000e+01
5.877891788969654037e-04
6.500000000000000000e+01
1.139991142782748913e-02
2.800000000000000000e+01
8.188434535207600971e-04
3.800000000000000000e+01
