7.188441770439408174e+01
1.400000000000000000e+01
5.559660061986359381e+01
1.100000000000000000e+01
6.247929278296691535e+01
1.000000000000000000e+01
6.232190146679360510e+01
7.000000000000000000e+00
6.172590642654455451e+01
1.600000000000000000e+01
6.282395939131919249e+01
8.000000000000000000e+00
5.867555707717122004e+01
9.000000000000000000e+00
5.796551284288396033e+01
1.100000000000000000e+01
4.869139170800801253e+01
9.000000000000000000e+00
5.229123940120825864e+01
1.200000000000000000e+01
4.931862444024187653e+01
8.000000000000000000e+00
5.180613556873893089e+01
7.000000000000000000e+00
4.886400008099241887e+01
1.000000000000000000e+01
4.903074599512884646e+01
8.000000000000000000e+00
4.972883276224386861e+01
1.100000000000000000e+01
4.653298275866352185e+01
1.000000000000000000e+01
4.993608245418719349e+01
9.000000000000000000e+00
5.256503260902568542e+01
1.000000000000000000e+01
5.275928620400832614e+01
8.000000000000000000e+00
5.351346961837571570e+01
1.000000000000000000e+01
5.775443188955737384e+01
1.100000000000000000e+01
5.448843078990068989e+01
9.000000000000000000e+00
5.421338600103012340e+01
1.000000000000000000e+01
5.278870128016897212e+01
9.000000000000000000e+00
5.260640508506554625e+01
1.100000000000000000e+01
5.092063765534134490e+01
1.200000000000000000e+01
5.067548886355420734e+01
1.400000000000000000e+01
4.669214749922785757e+01
1.000000000000000000e+01
4.139650298742865431e+01
1.100000000000000000e+01
4.180120367860835984e+01
1.600000000000000000e+01
5.158253679151297177e+01
1.200000000000000000e+01
5.166949814537370855e+01
1.000000000000000000e+01
4.557415245794987158e+01
1.100000000000000000e+01
5.140146258367478538e+01
7.000000000000000000e+00
5.122090892126138328e+01
1.300000000000000000e+01
5.107722175355102223e+01
8.000000000000000000e+00
5.079025870152661781e+01
7.000000000000000000e+00
4.962453520717551214e+01
1.000000000000000000e+01
5.242549884318970754e+01
1.200000000000000000e+01
3.364465339825424905e+01
1.100000000000000000e+01
3.405385138249308596e+01
1.000000000000000000e+01
3.429788362986388961e+01
8.000000000000000000e+00
3.436030714412952136e+01
1.400000000000000000e+01
3.433455619931994107e+01
1.200000000000000000e+01
1.934065891115679037e+01
1.100000000000000000e+01
3.397913395159634575e+01
6.000000000000000000e+00
3.360019987684059117e+01
1.100000000000000000e+01
3.372083440826557421e+01
7.000000000000000000e+00
3.274715492393521998e+01
9.000000000000000000e+00
3.249599939707098883e+01
1.600000000000000000e+01
3.218110807039536070e+01
7.000000000000000000e+00
3.114621605704935803e+01
1.100000000000000000e+01
1.976828997224990303e+01
1.300000000000000000e+01
1.909317932312604427e+01
9.000000000000000000e+00
1.990006495367153150e+01
1.100000000000000000e+01
1.994789810380612494e+01
1.100000000000000000e+01
2.160038520484920710e+01
6.000000000000000000e+00
2.161274800185607248e+01
9.000000000000000000e+00
1.843016878345822107e+01
2.000000000000000000e+01
1.189126254782626013e+01
1.300000000000000000e+01
1.829963873228126658e+01
2.200000000000000000e+01
8.503682292445933655e+00
1.400000000000000000e+01
2.102676528528910183e+01
1.700000000000000000e+01
1.843387677861761986e+01
2.300000000000000000e+01
1.260010463911739897e+01
2.000000000000000000e+01
1.519929806630577573e+01
1.900000000000000000e+01
1.541942215845223174e+01
1.200000000000000000e+01
1.552566269879112326e+01
1.800000000000000000e+01
1.772730516815069279e+01
1.300000000000000000e+01
