1.102878467931089554e-03
1.860000000000000000e+02
1.002208938501189615e-03
2.790000000000000000e+02
4.873933246068907869e-03
6.400000000000000000e+01
9.759297383544852239e-03
3.700000000000000000e+01
1.167598064013998689e-03
3.900000000000000000e+02
1.005852483469796320e-03
9.100000000000000000e+01
1.069679170181880119e-03
3.880000000000000000e+02
4.864286351036045501e-03
1.510000000000000000e+02
9.082041579807085055e-03
4.990000000000000000e+02
1.972275331098204826e-02
2.500000000000000000e+01
