1.992000000000000000e+03 1.587000000000000000e+03 2.420000000000000000e+03 1.000000000000000000e+00
0.000000000000000000e+00 2.259000000000000000e+03 1.241000000000000000e+03 2.500000000000000000e+03
1.400000000000000000e+01 2.299000000000000000e+03 1.248000000000000000e+03 2.439000000000000000e+03
2.000000000000000000e+00 2.304000000000000000e+03 1.250000000000000000e+03 2.444000000000000000e+03
2.012000000000000000e+03 5.310000000000000000e+02 3.283000000000000000e+03 1.740000000000000000e+02
0.000000000000000000e+00 2.058000000000000000e+03 1.206000000000000000e+03 2.736000000000000000e+03
0.000000000000000000e+00 8.450000000000000000e+02 2.322000000000000000e+03 2.833000000000000000e+03
0.000000000000000000e+00 2.057000000000000000e+03 1.202000000000000000e+03 2.741000000000000000e+03
0.000000000000000000e+00 2.059000000000000000e+03 1.202000000000000000e+03 2.739000000000000000e+03
1.538000000000000000e+03 1.478000000000000000e+03 1.160000000000000000e+03 1.824000000000000000e+03
1.531000000000000000e+03 1.479000000000000000e+03 1.159000000000000000e+03 1.831000000000000000e+03
