1.028396566428743100e-03
1.010000000000000000e+02
1.258828402470083983e-03
2.140000000000000000e+02
1.104359508587476023e-03
2.900000000000000000e+02
1.088441050542516674e-03
2.450000000000000000e+02
9.710571580966792992e-04
1.020000000000000000e+02
3.137722784234746928e-03
2.160000000000000000e+02
1.137953351589227492e-03
3.290000000000000000e+02
3.197376723076744785e-03
1.980000000000000000e+02
3.206197185106780204e-03
2.120000000000000000e+02
9.833590409430578109e-04
7.500000000000000000e+01
2.210304322058503738e-03
2.700000000000000000e+01
