-1.605910000000000082e+02
2.907357189999999481e-01
-1.695749999999999886e+02
2.107303749999999976e-01
-6.765800000000000125e+01
9.099703599999998949e-02
-6.952400000000000091e+01
9.194342400000000970e-02
-3.137210000000000036e+02
5.456931590000000387e-01
-1.908410000000000082e+02
2.626337190000000432e-01
-2.006129999999999995e+02
3.160992310000000360e-01
-1.895689999999999884e+02
2.681992389999999782e-01
-1.906490000000000009e+02
2.628697990000000151e-01
-3.326100000000000279e+01
5.915687900000000249e-02
-3.219200000000000017e+01
5.206913600000000197e-02
