1.029832113251757855e-03
7.000000000000000000e+01
1.728694242205534078e-03
1.850000000000000000e+02
9.696819180394068791e-04
1.670000000000000000e+02
5.434898955096001925e-03
2.440000000000000000e+02
1.395418564248577034e-02
1.000000000000000000e+02
1.373745681485769726e-02
2.700000000000000000e+01
4.047088960627957289e-03
5.800000000000000000e+01
4.242673971908378187e-03
5.100000000000000000e+01
1.845258254462518732e-02
2.020000000000000000e+02
1.184178304491908043e-02
1.140000000000000000e+02
