1.161000000000000000e+03 1.334000000000000000e+03 1.252000000000000000e+03 2.253000000000000000e+03
4.740000000000000000e+02 5.770000000000000000e+02 4.433000000000000000e+03 5.160000000000000000e+02
1.795000000000000000e+03 4.810000000000000000e+02 0.000000000000000000e+00 3.724000000000000000e+03
1.244000000000000000e+03 1.535000000000000000e+03 1.386000000000000000e+03 1.835000000000000000e+03
0.000000000000000000e+00 2.846000000000000000e+03 3.160000000000000000e+02 2.838000000000000000e+03
1.867000000000000000e+03 8.700000000000000000e+01 0.000000000000000000e+00 4.046000000000000000e+03
1.242000000000000000e+03 1.513000000000000000e+03 1.459000000000000000e+03 1.786000000000000000e+03
1.320000000000000000e+02 8.250000000000000000e+02 2.600000000000000000e+01 5.017000000000000000e+03
1.237000000000000000e+03 1.491000000000000000e+03 1.447000000000000000e+03 1.825000000000000000e+03
1.209000000000000000e+03 1.679000000000000000e+03 1.188000000000000000e+03 1.924000000000000000e+03
1.207000000000000000e+03 1.669000000000000000e+03 1.192000000000000000e+03 1.932000000000000000e+03
