1.014321293661508191e-03
4.800000000000000000e+01
1.228062724819178452e-03
1.670000000000000000e+02
1.082609123451677181e-02
4.200000000000000000e+01
1.143097091603467470e-03
6.600000000000000000e+01
4.785706913807467010e-03
1.070000000000000000e+02
3.535910420789349726e-03
1.140000000000000000e+02
9.994734303576150673e-04
4.100000000000000000e+01
1.417269049555515154e-03
1.110000000000000000e+02
9.874774664106525639e-04
4.100000000000000000e+01
9.448923801552497467e-04
6.200000000000000000e+01
9.481238287808249360e-04
1.050000000000000000e+02
