1.500000000000000000e+03 1.500000000000000000e+03 1.500000000000000000e+03 1.500000000000000000e+03
1.421000000000000000e+03 2.531000000000000000e+03 1.275000000000000000e+03 7.730000000000000000e+02
1.044000000000000000e+03 2.124000000000000000e+03 1.812000000000000000e+03 1.020000000000000000e+03
1.727000000000000000e+03 1.036000000000000000e+03 1.922000000000000000e+03 1.315000000000000000e+03
2.090000000000000000e+03 2.012000000000000000e+03 6.760000000000000000e+02 1.222000000000000000e+03
1.066000000000000000e+03 1.217000000000000000e+03 1.175000000000000000e+03 2.542000000000000000e+03
0.000000000000000000e+00 1.790000000000000000e+02 3.084000000000000000e+03 2.737000000000000000e+03
3.839000000000000000e+03 1.102000000000000000e+03 6.100000000000000000e+02 4.490000000000000000e+02
9.370000000000000000e+02 1.082000000000000000e+03 3.980000000000000000e+03 1.000000000000000000e+00
0.000000000000000000e+00 2.319000000000000000e+03 1.599000000000000000e+03 2.082000000000000000e+03
5.690000000000000000e+02 3.721000000000000000e+03 1.709000000000000000e+03 1.000000000000000000e+00
2.779000000000000000e+03 0.000000000000000000e+00 2.640000000000000000e+02 2.957000000000000000e+03
2.130000000000000000e+02 1.298000000000000000e+03 0.000000000000000000e+00 4.489000000000000000e+03
1.326000000000000000e+03 0.000000000000000000e+00 2.196000000000000000e+03 2.478000000000000000e+03
2.828000000000000000e+03 5.900000000000000000e+02 2.581000000000000000e+03 1.000000000000000000e+00
