7.930000000000000000e+02 1.785000000000000000e+03 1.576000000000000000e+03 1.846000000000000000e+03
1.036000000000000000e+03 2.492000000000000000e+03 1.428000000000000000e+03 1.044000000000000000e+03
8.140000000000000000e+02 0.000000000000000000e+00 8.940000000000000000e+02 4.292000000000000000e+03
1.067000000000000000e+03 1.274000000000000000e+03 1.725000000000000000e+03 1.934000000000000000e+03
1.067000000000000000e+03 1.271000000000000000e+03 1.725000000000000000e+03 1.937000000000000000e+03
9.750000000000000000e+02 1.731000000000000000e+03 1.665000000000000000e+03 1.629000000000000000e+03
1.040000000000000000e+03 1.713000000000000000e+03 1.537000000000000000e+03 1.710000000000000000e+03
1.042000000000000000e+03 1.714000000000000000e+03 1.547000000000000000e+03 1.697000000000000000e+03
1.061000000000000000e+03 1.679000000000000000e+03 1.570000000000000000e+03 1.690000000000000000e+03
1.044000000000000000e+03 1.696000000000000000e+03 1.596000000000000000e+03 1.664000000000000000e+03
1.034000000000000000e+03 1.721000000000000000e+03 1.631000000000000000e+03 1.614000000000000000e+03
