-2.599800000000000111e+01
3.529999600000000015e-02
-6.522700000000000387e+01
7.539747099999999369e-02
-4.911429999999999723e+02
7.027125509999999631e-01
-1.542300000000000004e+01
2.390607100000000096e-02
-1.511899999999999977e+01
2.539283899999999691e-02
-2.358899999999999864e+01
3.455607899999999649e-02
-2.532600000000000051e+01
5.060172400000000764e-02
-2.165299999999999869e+01
3.448859099999999900e-02
-1.849800000000000111e+01
2.700799599999999939e-02
-2.145700000000000074e+01
3.175415099999999435e-02
-2.224699999999999989e+01
3.164399100000000326e-02
