1.251327291647211584e-03
8.800000000000000000e+01
1.080635156520711902e-03
1.780000000000000000e+02
5.489540582350361728e-03
7.700000000000000000e+01
1.002389654305284447e-03
2.090000000000000000e+02
8.136021217787114956e-03
7.800000000000000000e+01
1.764590519538569366e-02
3.900000000000000000e+01
6.653964289612969082e-03
4.400000000000000000e+01
3.610330229174682493e-02
1.400000000000000000e+01
3.988705060772703564e-02
3.500000000000000000e+01
2.802135962209214085e-02
3.200000000000000000e+01
