9.734204079658302948e-04
8.400000000000000000e+01
9.912054211155519289e-04
1.550000000000000000e+02
9.191403943284352437e-03
4.100000000000000000e+01
9.415163666274580911e-04
5.900000000000000000e+01
9.434806114029050967e-04
5.900000000000000000e+01
9.648500665969675849e-04
5.200000000000000000e+01
9.666120049560853952e-04
2.500000000000000000e+01
9.495717303274565707e-04
2.800000000000000000e+01
1.148922379989304266e-03
3.000000000000000000e+01
9.967175293101751630e-04
3.700000000000000000e+01
1.101356682014787911e-03
3.200000000000000000e+01
