1.500000000000000000e+03 1.500000000000000000e+03 1.500000000000000000e+03 1.500000000000000000e+03
1.987000000000000000e+03 1.189000000000000000e+03 2.065000000000000000e+03 7.590000000000000000e+02
1.997000000000000000e+03 6.930000000000000000e+02 2.686000000000000000e+03 6.240000000000000000e+02
2.009000000000000000e+03 1.394000000000000000e+03 7.500000000000000000e+02 1.847000000000000000e+03
1.084000000000000000e+03 1.665000000000000000e+03 2.674000000000000000e+03 5.770000000000000000e+02
4.610000000000000000e+02 1.452000000000000000e+03 1.623000000000000000e+03 2.464000000000000000e+03
9.360000000000000000e+02 3.070000000000000000e+03 1.306000000000000000e+03 6.880000000000000000e+02
2.560000000000000000e+02 2.297000000000000000e+03 0.000000000000000000e+00 3.447000000000000000e+03
4.181000000000000000e+03 6.090000000000000000e+02 1.209000000000000000e+03 1.000000000000000000e+00
1.132000000000000000e+03 0.000000000000000000e+00 1.815000000000000000e+03 3.053000000000000000e+03
0.000000000000000000e+00 1.606000000000000000e+03 2.574000000000000000e+03 1.820000000000000000e+03
9.870000000000000000e+02 5.910000000000000000e+02 4.421000000000000000e+03 1.000000000000000000e+00
2.572000000000000000e+03 2.178000000000000000e+03 1.248000000000000000e+03 2.000000000000000000e+00
0.000000000000000000e+00 2.710000000000000000e+02 3.502000000000000000e+03 2.227000000000000000e+03
1.479000000000000000e+03 3.276000000000000000e+03 0.000000000000000000e+00 1.245000000000000000e+03
