1.149206560615806004e-03
1.550000000000000000e+02
9.447523237816011013e-03
7.400000000000000000e+01
2.301996300994350181e-02
1.800000000000000000e+01
1.068475808481026204e-03
2.720000000000000000e+02
7.659111058333815773e-03
1.550000000000000000e+02
1.250174046498434693e-02
4.000000000000000000e+01
1.553568771626980503e-02
1.400000000000000000e+01
1.743768422613978936e-02
3.460000000000000000e+02
2.134306856646860442e-02
1.590000000000000000e+02
1.263259879276483954e-03
4.500000000000000000e+01
