1.247125555241400353e-03
2.040000000000000000e+02
1.068720833656635911e-03
1.920000000000000000e+02
1.131312151701311872e-03
3.680000000000000000e+02
1.148443740879454434e-03
2.630000000000000000e+02
1.074646777812856939e-03
3.500000000000000000e+01
9.791916736662208132e-04
8.200000000000000000e+01
1.799084988959287826e-02
4.900000000000000000e+01
1.017775251079905408e-03
4.000000000000000000e+01
9.522922102712765013e-04
5.100000000000000000e+01
1.149042329543184483e-03
3.300000000000000000e+01
8.936680899397090238e-04
4.700000000000000000e+01
