-9.595799999999999841e+01
1.754882359999999919e-01
-1.671479999999999961e+02
2.897920959999999990e-01
-2.437860000000000014e+02
4.001302040000000448e-01
-1.365699999999999932e+02
2.491350999999999982e-01
-1.622299999999999898e+01
2.624327099999999857e-02
-1.703399999999999892e+01
2.762284400000000403e-02
-2.317330000000000041e+02
3.575837109999999708e-01
-1.662500000000000000e+01
2.887037500000000020e-02
-1.727299999999999969e+01
2.714647099999999841e-02
-1.592399999999999949e+01
2.737622400000000109e-02
-1.487199999999999989e+01
2.254961599999999802e-02
