1.500000000000000000e+03 1.500000000000000000e+03 1.500000000000000000e+03 1.500000000000000000e+03
3.013000000000000000e+03 1.042000000000000000e+03 6.860000000000000000e+02 1.259000000000000000e+03
1.575000000000000000e+03 1.781000000000000000e+03 6.210000000000000000e+02 2.023000000000000000e+03
8.080000000000000000e+02 1.804000000000000000e+03 1.966000000000000000e+03 1.422000000000000000e+03
8.660000000000000000e+02 2.572000000000000000e+03 1.923000000000000000e+03 6.390000000000000000e+02
4.490000000000000000e+02 5.180000000000000000e+02 1.286000000000000000e+03 3.747000000000000000e+03
2.019000000000000000e+03 1.960000000000000000e+02 0.000000000000000000e+00 3.785000000000000000e+03
2.194000000000000000e+03 2.576000000000000000e+03 1.229000000000000000e+03 1.000000000000000000e+00
1.487000000000000000e+03 2.130000000000000000e+02 3.313000000000000000e+03 9.870000000000000000e+02
0.000000000000000000e+00 2.765000000000000000e+03 5.930000000000000000e+02 2.642000000000000000e+03
4.400000000000000000e+02 4.269000000000000000e+03 1.289000000000000000e+03 2.000000000000000000e+00
4.495000000000000000e+03 7.750000000000000000e+02 7.290000000000000000e+02 1.000000000000000000e+00
0.000000000000000000e+00 1.121000000000000000e+03 3.131000000000000000e+03 1.748000000000000000e+03
1.250000000000000000e+03 3.071000000000000000e+03 0.000000000000000000e+00 1.679000000000000000e+03
1.140000000000000000e+03 1.318000000000000000e+03 1.320000000000000000e+03 2.222000000000000000e+03
