1.157988145056556813e-03
7.600000000000000000e+01
1.460000396802457680e-04
1.000000000000000000e+00
6.341033411588082452e-03
3.000000000000000000e+01
1.334169264335306575e-02
7.900000000000000000e+01
1.148883371923350690e-03
1.220000000000000000e+02
2.192850070739316842e-02
7.900000000000000000e+01
4.438065590711912090e-02
1.800000000000000000e+01
3.334279227563931997e-02
1.400000000000000000e+01
3.069091517015690856e-02
1.500000000000000000e+01
1.797599968760095132e-02
4.200000000000000000e+01
