1.207702621470746560e-03
1.220000000000000000e+02
1.220912845573116296e-03
3.390000000000000000e+02
1.222429464424282372e-03
4.670000000000000000e+02
1.222332684789257220e-03
4.540000000000000000e+02
1.124546540042616668e-03
5.700000000000000000e+01
1.099291216787593372e-03
3.100000000000000000e+01
3.528938039769588531e-02
1.200000000000000000e+01
1.081062369344569724e-03
3.000000000000000000e+01
9.701242296513428072e-04
3.600000000000000000e+01
9.127341785743041131e-04
3.900000000000000000e+01
8.662523610838249221e-04
3.200000000000000000e+01
