8.310000000000000000e+02 1.261000000000000000e+03 1.582000000000000000e+03 2.326000000000000000e+03
1.937000000000000000e+03 2.630000000000000000e+02 1.475000000000000000e+03 2.325000000000000000e+03
1.937000000000000000e+03 2.630000000000000000e+02 1.475000000000000000e+03 2.325000000000000000e+03
1.819000000000000000e+03 4.020000000000000000e+02 1.474000000000000000e+03 2.305000000000000000e+03
6.570000000000000000e+02 1.969000000000000000e+03 1.391000000000000000e+03 1.983000000000000000e+03
1.057000000000000000e+03 1.568000000000000000e+03 1.388000000000000000e+03 1.987000000000000000e+03
3.348000000000000000e+03 1.068000000000000000e+03 0.000000000000000000e+00 1.584000000000000000e+03
1.063000000000000000e+03 1.582000000000000000e+03 1.388000000000000000e+03 1.967000000000000000e+03
1.062000000000000000e+03 1.583000000000000000e+03 1.388000000000000000e+03 1.967000000000000000e+03
1.041000000000000000e+03 1.573000000000000000e+03 1.385000000000000000e+03 2.001000000000000000e+03
1.035000000000000000e+03 1.555000000000000000e+03 1.375000000000000000e+03 2.035000000000000000e+03
