-1.820100000000000051e+01
3.304259899999999889e-02
-1.543200000000000038e+01
2.887937600000000521e-02
-3.484069999999999823e+02
6.215853510000000082e-01
-2.843400000000000105e+01
5.232164400000000049e-02
-2.962800000000000011e+01
5.958161599999999697e-02
-2.502799999999999869e+01
4.042321600000000487e-02
-2.683500000000000085e+01
4.599577499999999569e-02
-1.598000000000000043e+01
2.404159999999999978e-02
-1.654200000000000159e+01
2.686023599999999914e-02
-1.770299999999999940e+01
2.766679099999999614e-02
-1.813299999999999912e+01
3.093331099999999806e-02
