1.023060816522829066e-03
1.010000000000000000e+02
8.622512914334624001e-04
3.500000000000000000e+01
9.786923406474481568e-04
6.960000000000000000e+02
1.107549684496466225e-03
8.200000000000000000e+01
1.137954752065769952e-03
5.800000000000000000e+01
1.201555151792892259e-03
6.400000000000000000e+01
1.094319200914153868e-03
7.100000000000000000e+01
9.347407828154063406e-04
3.900000000000000000e+01
1.016535729882517107e-03
3.900000000000000000e+01
9.055525880572131738e-04
4.700000000000000000e+01
9.237998470777335821e-04
4.200000000000000000e+01
