1.037709732768313849e-03
3.110000000000000000e+02
1.157949862959368808e-03
2.130000000000000000e+02
6.888563077678986832e-03
1.470000000000000000e+02
8.715963280305036309e-03
2.200000000000000000e+01
1.257671350032708033e-03
3.090000000000000000e+02
4.673305618987827481e-02
2.300000000000000000e+01
1.086388698870353929e-03
2.610000000000000000e+02
4.260433909239889211e-02
2.000000000000000000e+01
1.237947756482309829e-03
5.000000000000000000e+01
1.260078784808543566e-02
2.400000000000000000e+01
