1.254000000000000000e+03 8.960000000000000000e+02 1.677000000000000000e+03 2.173000000000000000e+03
1.287000000000000000e+03 1.250000000000000000e+03 1.517000000000000000e+03 1.946000000000000000e+03
1.162000000000000000e+03 8.340000000000000000e+02 3.840000000000000000e+03 1.640000000000000000e+02
1.264000000000000000e+03 1.023000000000000000e+03 2.205000000000000000e+03 1.508000000000000000e+03
1.270000000000000000e+03 1.011000000000000000e+03 2.221000000000000000e+03 1.498000000000000000e+03
1.332000000000000000e+03 1.065000000000000000e+03 2.021000000000000000e+03 1.582000000000000000e+03
1.323000000000000000e+03 7.890000000000000000e+02 2.121000000000000000e+03 1.767000000000000000e+03
1.168000000000000000e+03 1.134000000000000000e+03 1.801000000000000000e+03 1.897000000000000000e+03
1.157000000000000000e+03 1.161000000000000000e+03 1.788000000000000000e+03 1.894000000000000000e+03
1.261000000000000000e+03 1.091000000000000000e+03 1.790000000000000000e+03 1.858000000000000000e+03
1.256000000000000000e+03 1.083000000000000000e+03 1.794000000000000000e+03 1.867000000000000000e+03
