1.500000000000000000e+03 1.500000000000000000e+03 1.500000000000000000e+03 1.500000000000000000e+03
2.055000000000000000e+03 1.756000000000000000e+03 9.840000000000000000e+02 1.205000000000000000e+03
2.009000000000000000e+03 1.348000000000000000e+03 1.564000000000000000e+03 1.079000000000000000e+03
1.380000000000000000e+03 2.109000000000000000e+03 1.068000000000000000e+03 1.443000000000000000e+03
1.114000000000000000e+03 2.167000000000000000e+03 1.475000000000000000e+03 1.244000000000000000e+03
1.187000000000000000e+03 5.540000000000000000e+02 1.873000000000000000e+03 2.386000000000000000e+03
2.650000000000000000e+02 1.290000000000000000e+03 3.070000000000000000e+02 4.138000000000000000e+03
1.717000000000000000e+03 9.880000000000000000e+02 0.000000000000000000e+00 3.295000000000000000e+03
3.285000000000000000e+03 9.210000000000000000e+02 1.793000000000000000e+03 1.000000000000000000e+00
3.080000000000000000e+02 8.440000000000000000e+02 3.659000000000000000e+03 1.189000000000000000e+03
8.790000000000000000e+02 0.000000000000000000e+00 1.134000000000000000e+03 3.987000000000000000e+03
1.554000000000000000e+03 1.600000000000000000e+01 2.711000000000000000e+03 1.719000000000000000e+03
8.710000000000000000e+02 2.403000000000000000e+03 2.725000000000000000e+03 1.000000000000000000e+00
1.041000000000000000e+03 1.228000000000000000e+03 1.792000000000000000e+03 1.939000000000000000e+03
1.411000000000000000e+03 3.749000000000000000e+03 8.390000000000000000e+02 1.000000000000000000e+00
