9.906768558728892837e-04
1.220000000000000000e+02
9.922831926786005591e-04
1.250000000000000000e+02
1.088763558097078721e-03
1.250000000000000000e+02
1.094317563941414216e-03
1.220000000000000000e+02
1.100887040837929438e-03
1.220000000000000000e+02
2.560135013972934456e-02
2.000000000000000000e+01
1.248545505930841052e-03
3.100000000000000000e+01
1.833318555089167093e-02
3.900000000000000000e+01
8.687668083001738465e-04
2.800000000000000000e+01
8.889696511178694525e-04
2.800000000000000000e+01
8.889210765644716501e-04
2.800000000000000000e+01
