1.259000000000000000e+03 7.980000000000000000e+02 1.751000000000000000e+03 2.192000000000000000e+03
1.256000000000000000e+03 7.890000000000000000e+02 1.757000000000000000e+03 2.198000000000000000e+03
1.263000000000000000e+03 1.062000000000000000e+03 2.604000000000000000e+03 1.071000000000000000e+03
1.280000000000000000e+03 1.067000000000000000e+03 2.570000000000000000e+03 1.083000000000000000e+03
1.281000000000000000e+03 1.067000000000000000e+03 2.572000000000000000e+03 1.080000000000000000e+03
1.644000000000000000e+03 3.691000000000000000e+03 6.630000000000000000e+02 2.000000000000000000e+00
1.234000000000000000e+03 1.602000000000000000e+03 1.485000000000000000e+03 1.679000000000000000e+03
7.100000000000000000e+02 1.916000000000000000e+03 0.000000000000000000e+00 3.374000000000000000e+03
1.277000000000000000e+03 1.601000000000000000e+03 1.541000000000000000e+03 1.581000000000000000e+03
1.276000000000000000e+03 1.602000000000000000e+03 1.544000000000000000e+03 1.578000000000000000e+03
1.276000000000000000e+03 1.602000000000000000e+03 1.544000000000000000e+03 1.578000000000000000e+03
