-1.968400000000000105e+01
3.715014399999999606e-02
-1.988299999999999912e+01
3.991531099999999499e-02
-6.208200000000000074e+01
1.081612760000000006e-01
-5.707800000000000296e+01
1.174859160000000097e-01
-7.065600000000000591e+01
1.728076639999999997e-01
-1.246110000000000042e+02
1.775676790000000060e-01
-1.650799999999999912e+01
2.767393599999999620e-02
-4.910609999999999786e+02
7.388672789999999324e-01
-1.832100000000000151e+01
2.934195900000000079e-02
-1.860099999999999909e+01
3.130179899999999821e-02
-1.851399999999999935e+01
3.141780400000000056e-02
