9.863082231981869057e-04
7.500000000000000000e+01
8.858214891755745741e-04
7.200000000000000000e+01
9.717406179714720800e-04
7.900000000000000000e+01
1.595593379655868213e-02
1.000000000000000000e+01
9.583477519092601336e-04
4.400000000000000000e+01
1.667016302364526109e-02
1.300000000000000000e+01
1.164593200283795199e-03
5.600000000000000000e+01
1.190527119182769808e-03
2.010000000000000000e+02
1.233646254446419148e-03
1.580000000000000000e+02
8.942034647289399995e-04
1.130000000000000000e+02
