1.500000000000000000e+03 1.500000000000000000e+03 1.500000000000000000e+03 1.500000000000000000e+03 3.620000000000000000e+02 3.660000000000000000e+02 3.470000000000000000e+02 3.840000000000000000e+02
2.055000000000000000e+03 1.756000000000000000e+03 9.840000000000000000e+02 1.205000000000000000e+03 3.280000000000000000e+02 3.560000000000000000e+02 3.330000000000000000e+02 3.770000000000000000e+02
2.009000000000000000e+03 1.348000000000000000e+03 1.564000000000000000e+03 1.079000000000000000e+03 3.420000000000000000e+02 3.560000000000000000e+02 3.270000000000000000e+02 3.490000000000000000e+02
1.380000000000000000e+03 2.109000000000000000e+03 1.068000000000000000e+03 1.443000000000000000e+03 3.770000000000000000e+02 3.060000000000000000e+02 3.350000000000000000e+02 3.510000000000000000e+02
1.114000000000000000e+03 2.167000000000000000e+03 1.475000000000000000e+03 1.244000000000000000e+03 3.660000000000000000e+02 3.540000000000000000e+02 3.400000000000000000e+02 3.320000000000000000e+02
2.896000000000000000e+03 6.220000000000000000e+02 7.300000000000000000e+01 2.409000000000000000e+03 3.450000000000000000e+02 3.560000000000000000e+02 3.400000000000000000e+02 3.630000000000000000e+02
1.374000000000000000e+03 6.350000000000000000e+02 1.238000000000000000e+03 2.753000000000000000e+03 3.470000000000000000e+02 3.610000000000000000e+02 3.410000000000000000e+02 3.670000000000000000e+02
1.230000000000000000e+02 2.312000000000000000e+03 2.578000000000000000e+03 9.870000000000000000e+02 3.450000000000000000e+02 3.560000000000000000e+02 3.400000000000000000e+02 3.620000000000000000e+02
3.504000000000000000e+03 8.430000000000000000e+02 1.303000000000000000e+03 3.500000000000000000e+02 3.480000000000000000e+02 3.530000000000000000e+02 3.460000000000000000e+02 3.570000000000000000e+02
1.252000000000000000e+03 7.140000000000000000e+02 2.912000000000000000e+03 1.122000000000000000e+03 3.440000000000000000e+02 3.560000000000000000e+02 3.400000000000000000e+02 3.640000000000000000e+02
1.121000000000000000e+03 3.122000000000000000e+03 1.409000000000000000e+03 3.480000000000000000e+02 3.460000000000000000e+02 3.570000000000000000e+02 3.390000000000000000e+02 3.560000000000000000e+02
1.430000000000000000e+02 4.470000000000000000e+02 2.364000000000000000e+03 3.046000000000000000e+03 3.450000000000000000e+02 3.560000000000000000e+02 3.400000000000000000e+02 3.630000000000000000e+02
4.990000000000000000e+02 1.751000000000000000e+03 1.250000000000000000e+02 3.625000000000000000e+03 3.450000000000000000e+02 3.560000000000000000e+02 3.400000000000000000e+02 3.630000000000000000e+02
5.000000000000000000e+01 3.726000000000000000e+03 6.830000000000000000e+02 1.541000000000000000e+03 3.450000000000000000e+02 3.560000000000000000e+02 3.400000000000000000e+02 3.630000000000000000e+02
4.676000000000000000e+03 5.900000000000000000e+01 7.200000000000000000e+01 1.193000000000000000e+03 3.450000000000000000e+02 3.560000000000000000e+02 3.400000000000000000e+02 3.630000000000000000e+02
