-5.007049999999999841e+02
8.299799749999999809e-01
-5.137269999999999754e+02
8.847364710000000798e-01
-3.843290000000000077e+02
4.676487589999999694e-01
-3.797970000000000255e+02
4.038837909999999920e-01
-3.791150000000000091e+02
4.215197750000000410e-01
-3.800720000000000027e+02
4.497328160000000907e-01
-1.552100000000000080e+01
2.453955899999999898e-02
-5.489690000000000509e+02
6.571840389999998866e-01
-1.496000000000000085e+01
2.228440000000000282e-02
-1.491699999999999982e+01
2.105011099999999635e-02
-1.568299999999999983e+01
2.154651100000000083e-02
