2.234000000000000000e+03 1.910000000000000000e+03 0.000000000000000000e+00 1.856000000000000000e+03
2.281000000000000000e+03 1.848000000000000000e+03 0.000000000000000000e+00 1.871000000000000000e+03
3.000000000000000000e+00 3.534000000000000000e+03 0.000000000000000000e+00 2.463000000000000000e+03
1.500000000000000000e+02 3.448000000000000000e+03 0.000000000000000000e+00 2.402000000000000000e+03
1.560000000000000000e+02 3.440000000000000000e+03 0.000000000000000000e+00 2.404000000000000000e+03
1.500000000000000000e+02 3.454000000000000000e+03 0.000000000000000000e+00 2.396000000000000000e+03
9.650000000000000000e+02 1.541000000000000000e+03 1.547000000000000000e+03 1.947000000000000000e+03
1.205000000000000000e+03 0.000000000000000000e+00 2.090000000000000000e+02 4.586000000000000000e+03
1.153000000000000000e+03 1.566000000000000000e+03 1.424000000000000000e+03 1.857000000000000000e+03
1.167000000000000000e+03 1.566000000000000000e+03 1.433000000000000000e+03 1.834000000000000000e+03
1.141000000000000000e+03 1.593000000000000000e+03 1.453000000000000000e+03 1.813000000000000000e+03
