1.410285367257911203e-03
2.550000000000000000e+02
1.439909201993611792e-03
2.880000000000000000e+02
2.081107476417765490e-03
2.940000000000000000e+02
1.702666313150840360e-03
4.120000000000000000e+02
1.531432116814674792e-03
4.080000000000000000e+02
1.409891307777481808e-03
4.440000000000000000e+02
8.744547823624578995e-04
3.500000000000000000e+01
1.412520925723896419e-02
2.600000000000000000e+01
1.969938048208246927e-03
3.200000000000000000e+01
2.033531385632792506e-03
3.600000000000000000e+01
1.949456533712018826e-03
3.600000000000000000e+01
