8.899342841935862364e-03
3.700000000000000000e+01
2.796694552930065192e-03
1.510000000000000000e+02
1.492158916262598502e-03
5.800000000000000000e+01
3.819653934567900089e-02
9.700000000000000000e+01
2.543742739172853706e-02
1.700000000000000000e+01
7.066650351273832779e-03
5.500000000000000000e+01
2.369950326750568104e-02
9.300000000000000000e+01
1.154593085410701280e-03
4.900000000000000000e+01
2.225712875950626793e-02
4.400000000000000000e+01
2.357803793406374609e-02
6.400000000000000000e+01
