1.500000000000000000e+03 1.500000000000000000e+03 1.500000000000000000e+03 1.500000000000000000e+03
2.529000000000000000e+03 8.660000000000000000e+02 2.064000000000000000e+03 5.410000000000000000e+02
6.960000000000000000e+02 2.061000000000000000e+03 1.803000000000000000e+03 1.440000000000000000e+03
9.960000000000000000e+02 1.684000000000000000e+03 1.200000000000000000e+03 2.120000000000000000e+03
9.020000000000000000e+02 9.760000000000000000e+02 1.071000000000000000e+03 3.051000000000000000e+03
1.717000000000000000e+03 3.414000000000000000e+03 8.670000000000000000e+02 2.000000000000000000e+00
2.943000000000000000e+03 1.032000000000000000e+03 0.000000000000000000e+00 2.025000000000000000e+03
7.690000000000000000e+02 0.000000000000000000e+00 3.273000000000000000e+03 1.958000000000000000e+03
1.662000000000000000e+03 -1.000000000000000000e+00 1.695000000000000000e+03 2.644000000000000000e+03
6.440000000000000000e+02 2.044000000000000000e+03 3.310000000000000000e+03 2.000000000000000000e+00
5.770000000000000000e+02 3.185000000000000000e+03 0.000000000000000000e+00 2.238000000000000000e+03
0.000000000000000000e+00 1.617000000000000000e+03 2.002000000000000000e+03 2.381000000000000000e+03
1.191000000000000000e+03 1.235000000000000000e+03 1.657000000000000000e+03 1.917000000000000000e+03
2.780000000000000000e+03 2.547000000000000000e+03 0.000000000000000000e+00 6.730000000000000000e+02
0.000000000000000000e+00 3.518000000000000000e+03 1.809000000000000000e+03 6.730000000000000000e+02
