1.221569301062014985e-03
2.500000000000000000e+02
9.693663520948753252e-04
1.260000000000000000e+02
3.936256071296430521e-03
2.340000000000000000e+02
5.261531363644762586e-03
1.980000000000000000e+02
3.860943148430006928e-03
2.890000000000000000e+02
3.426760989198340476e-03
3.160000000000000000e+02
5.256109193989173811e-02
1.200000000000000000e+01
3.805244802977164609e-02
2.200000000000000000e+01
1.392720172608106870e-02
2.600000000000000000e+01
8.716276137078214680e-04
5.100000000000000000e+01
2.312260685358642417e-02
4.300000000000000000e+01
