1.129685242504938937e-03
1.090000000000000000e+02
1.209522060451190262e-03
1.950000000000000000e+02
1.259858924226042471e-03
8.600000000000000000e+01
9.992806017605029324e-04
1.810000000000000000e+02
1.157813136210165267e-03
1.270000000000000000e+02
1.267890960979576329e-03
1.940000000000000000e+02
1.147476206753060340e-03
1.410000000000000000e+02
1.299998939855774062e-03
1.010000000000000000e+02
9.990772022204850566e-04
4.700000000000000000e+01
2.397917518436809212e-02
2.300000000000000000e+01
