-3.039130000000000109e+02
4.689954310000001292e-01
-2.994830000000000041e+02
3.604977110000000540e-01
-1.140019999999999953e+02
1.493399960000000026e-01
-1.132319999999999993e+02
1.425161759999999667e-01
-3.752900000000000205e+02
4.404918999999999918e-01
-3.750740000000000123e+02
4.050445239999999614e-01
-1.756459999999999866e+02
2.707626840000000312e-01
-4.579639999999999986e+02
6.926087039999999639e-01
-8.659699999999999420e+01
9.692059100000000038e-02
-2.413100000000000023e+01
4.290183900000000411e-02
-8.889600000000000080e+01
9.743118399999999013e-02
