1.500000000000000000e+03 1.500000000000000000e+03 1.500000000000000000e+03 1.500000000000000000e+03 3.680000000000000000e+02 3.620000000000000000e+02 3.340000000000000000e+02 3.400000000000000000e+02
2.197000000000000000e+03 1.434000000000000000e+03 1.364000000000000000e+03 1.005000000000000000e+03 3.660000000000000000e+02 3.680000000000000000e+02 3.310000000000000000e+02 3.250000000000000000e+02
2.144000000000000000e+03 5.270000000000000000e+02 1.986000000000000000e+03 1.343000000000000000e+03 3.180000000000000000e+02 3.800000000000000000e+02 3.480000000000000000e+02 3.550000000000000000e+02
9.940000000000000000e+02 2.123000000000000000e+03 1.646000000000000000e+03 1.237000000000000000e+03 3.480000000000000000e+02 3.790000000000000000e+02 3.750000000000000000e+02 4.000000000000000000e+02
1.562000000000000000e+03 1.358000000000000000e+03 1.203000000000000000e+03 1.877000000000000000e+03 3.410000000000000000e+02 3.570000000000000000e+02 3.500000000000000000e+02 3.590000000000000000e+02
5.070000000000000000e+02 1.043000000000000000e+03 1.548000000000000000e+03 2.902000000000000000e+03 3.450000000000000000e+02 3.560000000000000000e+02 3.400000000000000000e+02 3.630000000000000000e+02
1.243000000000000000e+03 6.850000000000000000e+02 2.653000000000000000e+03 1.419000000000000000e+03 3.490000000000000000e+02 3.580000000000000000e+02 3.400000000000000000e+02 3.610000000000000000e+02
3.247000000000000000e+03 1.317000000000000000e+03 5.750000000000000000e+02 8.610000000000000000e+02 3.440000000000000000e+02 3.560000000000000000e+02 3.400000000000000000e+02 3.630000000000000000e+02
1.543000000000000000e+03 1.600000000000000000e+01 5.140000000000000000e+02 3.927000000000000000e+03 3.450000000000000000e+02 3.560000000000000000e+02 3.400000000000000000e+02 3.630000000000000000e+02
1.700000000000000000e+01 2.628000000000000000e+03 1.894000000000000000e+03 1.461000000000000000e+03 3.450000000000000000e+02 3.560000000000000000e+02 3.400000000000000000e+02 3.630000000000000000e+02
1.425000000000000000e+03 2.947000000000000000e+03 1.440000000000000000e+02 1.484000000000000000e+03 3.450000000000000000e+02 3.560000000000000000e+02 3.400000000000000000e+02 3.630000000000000000e+02
3.460000000000000000e+02 1.458000000000000000e+03 3.752000000000000000e+03 4.440000000000000000e+02 3.450000000000000000e+02 3.560000000000000000e+02 3.400000000000000000e+02 3.630000000000000000e+02
8.410000000000000000e+02 1.975000000000000000e+03 4.500000000000000000e+01 3.139000000000000000e+03 3.450000000000000000e+02 3.560000000000000000e+02 3.400000000000000000e+02 3.630000000000000000e+02
2.300000000000000000e+01 1.750000000000000000e+02 1.105000000000000000e+03 4.697000000000000000e+03 3.450000000000000000e+02 3.560000000000000000e+02 3.400000000000000000e+02 3.630000000000000000e+02
1.870000000000000000e+03 2.879000000000000000e+03 9.030000000000000000e+02 3.480000000000000000e+02 3.460000000000000000e+02 3.560000000000000000e+02 3.400000000000000000e+02 3.620000000000000000e+02
