1.071483137315294362e-03
9.400000000000000000e+01
1.175523268310822277e-03
8.200000000000000000e+01
9.130616994370114063e-04
5.300000000000000000e+01
9.686045321249106207e-04
2.050000000000000000e+02
1.567944459369367480e-02
2.400000000000000000e+01
8.145514694135111769e-03
6.500000000000000000e+01
1.136194998994745744e-03
8.500000000000000000e+01
9.192483902877033111e-03
5.200000000000000000e+01
1.231445822067250492e-03
8.000000000000000000e+01
9.433396327453124871e-04
2.500000000000000000e+02
