1.161000000000000000e+03 8.280000000000000000e+02 1.572000000000000000e+03 2.439000000000000000e+03
1.344000000000000000e+03 5.750000000000000000e+02 1.987000000000000000e+03 2.094000000000000000e+03
7.670000000000000000e+02 8.500000000000000000e+01 3.140000000000000000e+02 4.834000000000000000e+03
0.000000000000000000e+00 2.361000000000000000e+03 1.027000000000000000e+03 2.612000000000000000e+03
1.281000000000000000e+03 1.205000000000000000e+03 1.542000000000000000e+03 1.972000000000000000e+03
7.740000000000000000e+02 7.420000000000000000e+02 4.482000000000000000e+03 2.000000000000000000e+00
0.000000000000000000e+00 4.130000000000000000e+03 2.930000000000000000e+02 1.577000000000000000e+03
1.269000000000000000e+03 1.256000000000000000e+03 1.504000000000000000e+03 1.971000000000000000e+03
1.259000000000000000e+03 1.227000000000000000e+03 1.544000000000000000e+03 1.970000000000000000e+03
7.830000000000000000e+02 0.000000000000000000e+00 2.855000000000000000e+03 2.362000000000000000e+03
9.270000000000000000e+02 4.637000000000000000e+03 0.000000000000000000e+00 4.360000000000000000e+02
