-2.792800000000000082e+01
5.123481600000000247e-02
-2.550499999999999901e+01
4.577197499999999947e-02
-4.919100000000000250e+02
6.127678999999999210e-01
-1.871430000000000007e+02
2.422005510000000139e-01
-1.572300000000000075e+01
2.623027100000000292e-02
-4.669950000000000045e+02
5.502329750000001241e-01
-1.786539999999999964e+02
1.781402840000000376e-01
-1.534099999999999930e+01
2.862271900000000133e-02
-1.574499999999999922e+01
2.881997500000000462e-02
-1.917640000000000100e+02
2.765123040000000421e-01
-3.690760000000000218e+02
4.118042239999999965e-01
