1.500000000000000000e+03 1.500000000000000000e+03 1.500000000000000000e+03 1.500000000000000000e+03 3.720000000000000000e+02 3.790000000000000000e+02 3.570000000000000000e+02 3.580000000000000000e+02
2.349000000000000000e+03 1.060000000000000000e+03 5.390000000000000000e+02 2.052000000000000000e+03 3.530000000000000000e+02 2.990000000000000000e+02 3.610000000000000000e+02 3.490000000000000000e+02
1.356000000000000000e+03 2.818000000000000000e+03 6.170000000000000000e+02 1.209000000000000000e+03 3.330000000000000000e+02 3.490000000000000000e+02 3.490000000000000000e+02 3.500000000000000000e+02
1.575000000000000000e+03 2.545000000000000000e+03 8.640000000000000000e+02 1.016000000000000000e+03 3.440000000000000000e+02 3.620000000000000000e+02 3.720000000000000000e+02 3.710000000000000000e+02
1.687000000000000000e+03 1.111000000000000000e+03 1.136000000000000000e+03 2.066000000000000000e+03 3.580000000000000000e+02 3.410000000000000000e+02 3.370000000000000000e+02 3.760000000000000000e+02
1.050000000000000000e+03 1.544000000000000000e+03 1.061000000000000000e+03 2.345000000000000000e+03 3.520000000000000000e+02 3.600000000000000000e+02 3.430000000000000000e+02 3.630000000000000000e+02
1.409000000000000000e+03 3.030000000000000000e+02 2.179000000000000000e+03 2.109000000000000000e+03 3.450000000000000000e+02 3.550000000000000000e+02 3.400000000000000000e+02 3.630000000000000000e+02
1.271000000000000000e+03 6.680000000000000000e+02 1.540000000000000000e+02 3.907000000000000000e+03 3.450000000000000000e+02 3.560000000000000000e+02 3.400000000000000000e+02 3.630000000000000000e+02
1.350000000000000000e+02 1.404000000000000000e+03 2.377000000000000000e+03 2.084000000000000000e+03 3.450000000000000000e+02 3.560000000000000000e+02 3.400000000000000000e+02 3.630000000000000000e+02
1.091000000000000000e+03 1.370000000000000000e+03 1.259000000000000000e+03 2.280000000000000000e+03 3.500000000000000000e+02 3.590000000000000000e+02 3.420000000000000000e+02 3.630000000000000000e+02
1.966000000000000000e+03 5.910000000000000000e+02 3.097000000000000000e+03 3.460000000000000000e+02 3.450000000000000000e+02 3.560000000000000000e+02 3.400000000000000000e+02 3.630000000000000000e+02
3.220000000000000000e+02 3.623000000000000000e+03 1.709000000000000000e+03 3.460000000000000000e+02 3.450000000000000000e+02 3.560000000000000000e+02 3.400000000000000000e+02 3.630000000000000000e+02
1.526000000000000000e+03 2.690000000000000000e+02 2.063000000000000000e+03 2.142000000000000000e+03 3.450000000000000000e+02 3.550000000000000000e+02 3.400000000000000000e+02 3.630000000000000000e+02
2.000000000000000000e+01 2.355000000000000000e+03 5.580000000000000000e+02 3.067000000000000000e+03 3.450000000000000000e+02 3.560000000000000000e+02 3.400000000000000000e+02 3.630000000000000000e+02
3.330000000000000000e+02 1.786000000000000000e+03 3.521000000000000000e+03 3.600000000000000000e+02 3.450000000000000000e+02 3.560000000000000000e+02 3.400000000000000000e+02 3.630000000000000000e+02
