9.752371923226534631e-04
2.190000000000000000e+02
9.760768111790392876e-04
2.120000000000000000e+02
9.863405102378916978e-04
7.200000000000000000e+01
1.276621484505084409e-03
4.200000000000000000e+01
9.777407911001660071e-04
8.900000000000000000e+01
9.940214669023263606e-04
8.200000000000000000e+01
9.846980972904127022e-04
8.300000000000000000e+01
7.954562344882351935e-03
2.830000000000000000e+02
9.527452248125646821e-04
4.500000000000000000e+01
9.703438343622394855e-04
4.600000000000000000e+01
9.087419310963428410e-04
3.700000000000000000e+01
