-3.147810000000000059e+02
3.810150390000000553e-01
-3.116340000000000146e+02
3.447460439999999737e-01
-3.615999999999999659e+01
6.898239999999999927e-02
-3.286699999999999733e+01
6.184531100000000003e-02
-2.651000000000000156e+01
4.886390000000000872e-02
-2.715500000000000114e+01
5.462097500000000910e-02
-2.746699999999999875e+01
4.803491099999999958e-02
-1.514120000000000061e+02
2.032762559999999885e-01
-1.478999999999999915e+01
2.654790000000000275e-02
-1.489499999999999957e+01
2.416197500000000220e-02
-1.385699999999999932e+01
1.995055100000000040e-02
