3.566000000000000000e+03 8.210000000000000000e+02 1.535000000000000000e+03 7.800000000000000000e+01
3.497000000000000000e+03 7.970000000000000000e+02 1.476000000000000000e+03 2.300000000000000000e+02
1.058000000000000000e+03 5.810000000000000000e+02 1.872000000000000000e+03 2.489000000000000000e+03
1.107000000000000000e+03 5.620000000000000000e+02 1.913000000000000000e+03 2.418000000000000000e+03
1.088000000000000000e+03 6.860000000000000000e+02 1.879000000000000000e+03 2.347000000000000000e+03
1.110000000000000000e+03 6.380000000000000000e+02 1.881000000000000000e+03 2.371000000000000000e+03
1.111000000000000000e+03 6.350000000000000000e+02 1.884000000000000000e+03 2.370000000000000000e+03
1.384000000000000000e+03 0.000000000000000000e+00 1.968000000000000000e+03 2.648000000000000000e+03
1.170000000000000000e+03 1.190000000000000000e+03 1.587000000000000000e+03 2.053000000000000000e+03
1.160000000000000000e+03 1.212000000000000000e+03 1.590000000000000000e+03 2.038000000000000000e+03
1.135000000000000000e+03 1.378000000000000000e+03 1.569000000000000000e+03 1.918000000000000000e+03
