1.172322821747596999e-02
2.400000000000000000e+01
1.115307407899551653e-03
4.800000000000000000e+01
9.365801660743489424e-04
2.600000000000000000e+01
1.125304682260089284e-03
9.400000000000000000e+01
1.021475434229749367e-03
1.060000000000000000e+02
1.150758187126616709e-03
9.200000000000000000e+01
1.157927821293865383e-03
5.000000000000000000e+01
1.023006693035150017e-03
7.300000000000000000e+01
1.277517983335445554e-03
2.530000000000000000e+02
1.099105408658284256e-03
8.300000000000000000e+01
