1.500000000000000000e+03 1.500000000000000000e+03 1.500000000000000000e+03 1.500000000000000000e+03 3.740000000000000000e+02 3.480000000000000000e+02 3.360000000000000000e+02 3.220000000000000000e+02
2.663000000000000000e+03 1.299000000000000000e+03 1.035000000000000000e+03 1.003000000000000000e+03 3.400000000000000000e+02 3.510000000000000000e+02 3.450000000000000000e+02 3.620000000000000000e+02
1.794000000000000000e+03 2.049000000000000000e+03 7.010000000000000000e+02 1.456000000000000000e+03 3.380000000000000000e+02 3.740000000000000000e+02 3.580000000000000000e+02 3.580000000000000000e+02
1.865000000000000000e+03 1.734000000000000000e+03 1.815000000000000000e+03 5.860000000000000000e+02 3.070000000000000000e+02 3.240000000000000000e+02 3.570000000000000000e+02 3.520000000000000000e+02
2.320000000000000000e+03 1.624000000000000000e+03 5.100000000000000000e+02 1.546000000000000000e+03 3.540000000000000000e+02 3.450000000000000000e+02 3.580000000000000000e+02 3.800000000000000000e+02
1.531000000000000000e+03 1.345000000000000000e+03 1.521000000000000000e+03 1.603000000000000000e+03 3.750000000000000000e+02 3.480000000000000000e+02 3.350000000000000000e+02 3.220000000000000000e+02
1.191000000000000000e+03 1.228000000000000000e+03 9.630000000000000000e+02 2.618000000000000000e+03 3.550000000000000000e+02 3.530000000000000000e+02 3.380000000000000000e+02 3.500000000000000000e+02
7.340000000000000000e+02 3.263000000000000000e+03 1.169000000000000000e+03 8.340000000000000000e+02 3.460000000000000000e+02 3.550000000000000000e+02 3.390000000000000000e+02 3.610000000000000000e+02
2.091000000000000000e+03 3.000000000000000000e+00 2.960000000000000000e+03 9.460000000000000000e+02 3.470000000000000000e+02 3.560000000000000000e+02 3.390000000000000000e+02 3.610000000000000000e+02
4.594000000000000000e+03 3.940000000000000000e+02 6.170000000000000000e+02 3.950000000000000000e+02 3.450000000000000000e+02 3.560000000000000000e+02 3.400000000000000000e+02 3.630000000000000000e+02
5.280000000000000000e+02 1.114000000000000000e+03 2.480000000000000000e+03 1.878000000000000000e+03 3.450000000000000000e+02 3.560000000000000000e+02 3.400000000000000000e+02 3.630000000000000000e+02
3.353000000000000000e+03 1.380000000000000000e+02 3.900000000000000000e+01 2.470000000000000000e+03 3.450000000000000000e+02 3.560000000000000000e+02 3.400000000000000000e+02 3.630000000000000000e+02
1.206000000000000000e+03 5.220000000000000000e+02 1.900000000000000000e+01 4.253000000000000000e+03 3.450000000000000000e+02 3.560000000000000000e+02 3.400000000000000000e+02 3.630000000000000000e+02
8.900000000000000000e+01 2.008000000000000000e+03 1.455000000000000000e+03 2.448000000000000000e+03 3.450000000000000000e+02 3.560000000000000000e+02 3.400000000000000000e+02 3.630000000000000000e+02
1.321000000000000000e+03 1.480000000000000000e+02 1.711000000000000000e+03 2.820000000000000000e+03 3.480000000000000000e+02 3.550000000000000000e+02 3.390000000000000000e+02 3.590000000000000000e+02
