-3.460360000000000014e+02
4.121387040000000224e-01
-3.019069999999999823e+02
3.673323510000000014e-01
-1.546589999999999918e+02
2.227287190000000194e-01
-8.793300000000000693e+01
1.128085110000000002e-01
-7.802400000000000091e+01
1.070714239999999845e-01
-3.913260000000000218e+02
6.507097240000001559e-01
-5.007999999999999829e+01
7.736960000000001059e-02
-5.675280000000000200e+02
7.044672160000000627e-01
-5.368599999999999994e+01
8.935740399999998751e-02
-3.154599999999999937e+01
4.550388400000000139e-02
-2.887099999999999866e+01
4.716435900000000292e-02
