1.101184996237190893e-03
3.470000000000000000e+02
2.593040623012423784e-03
1.040000000000000000e+02
1.658936844365606691e-02
5.100000000000000000e+01
3.892495461293029452e-02
1.200000000000000000e+01
8.008405446178893869e-03
1.310000000000000000e+02
1.972886845775774500e-02
7.100000000000000000e+01
3.746738911530478333e-02
1.500000000000000000e+01
1.880842269903430786e-02
7.200000000000000000e+01
2.571198525478902291e-02
3.700000000000000000e+01
2.057200636008197150e-02
8.100000000000000000e+01
