2.483280335699656911e-03
1.870000000000000000e+02
1.072530586492606791e-03
2.120000000000000000e+02
1.544984066708254833e-02
4.100000000000000000e+02
1.285799352537961640e-02
8.000000000000000000e+01
1.061772059324875631e-03
1.250000000000000000e+02
2.800861755309761586e-02
2.300000000000000000e+01
1.105315758577745701e-03
8.000000000000000000e+01
1.944648474590465054e-02
9.700000000000000000e+01
1.168302519674818555e-03
1.260000000000000000e+02
1.133536223829143463e-03
3.800000000000000000e+01
9.035150244934888599e-04
3.400000000000000000e+01
