1.500000000000000000e+03 1.500000000000000000e+03 1.500000000000000000e+03 1.500000000000000000e+03
1.166000000000000000e+03 1.894000000000000000e+03 1.734000000000000000e+03 1.206000000000000000e+03
2.033000000000000000e+03 6.530000000000000000e+02 5.140000000000000000e+02 2.800000000000000000e+03
1.306000000000000000e+03 9.710000000000000000e+02 2.869000000000000000e+03 8.540000000000000000e+02
5.690000000000000000e+02 8.620000000000000000e+02 6.490000000000000000e+02 3.920000000000000000e+03
1.580000000000000000e+02 3.836000000000000000e+03 2.700000000000000000e+02 1.736000000000000000e+03
3.642000000000000000e+03 1.157000000000000000e+03 1.199000000000000000e+03 2.000000000000000000e+00
0.000000000000000000e+00 1.707000000000000000e+03 1.991000000000000000e+03 2.302000000000000000e+03
4.490000000000000000e+02 2.479000000000000000e+03 3.071000000000000000e+03 1.000000000000000000e+00
1.748000000000000000e+03 3.689000000000000000e+03 5.620000000000000000e+02 1.000000000000000000e+00
0.000000000000000000e+00 1.600000000000000000e+02 3.559000000000000000e+03 2.281000000000000000e+03
9.010000000000000000e+02 6.820000000000000000e+02 4.416000000000000000e+03 1.000000000000000000e+00
3.320000000000000000e+03 1.094000000000000000e+03 0.000000000000000000e+00 1.586000000000000000e+03
2.034000000000000000e+03 0.000000000000000000e+00 2.195000000000000000e+03 1.771000000000000000e+03
8.370000000000000000e+02 2.553000000000000000e+03 0.000000000000000000e+00 2.610000000000000000e+03
