1.021000000000000000e+03 2.260000000000000000e+02 2.365000000000000000e+03 2.388000000000000000e+03
1.521000000000000000e+03 0.000000000000000000e+00 2.797000000000000000e+03 1.682000000000000000e+03
1.524000000000000000e+03 0.000000000000000000e+00 2.807000000000000000e+03 1.669000000000000000e+03
1.787000000000000000e+03 0.000000000000000000e+00 1.600000000000000000e+01 4.197000000000000000e+03
1.307000000000000000e+03 1.746000000000000000e+03 1.541000000000000000e+03 1.406000000000000000e+03
1.428000000000000000e+03 1.665000000000000000e+03 1.701000000000000000e+03 1.206000000000000000e+03
0.000000000000000000e+00 6.190000000000000000e+02 2.522000000000000000e+03 2.859000000000000000e+03
2.693000000000000000e+03 0.000000000000000000e+00 6.530000000000000000e+02 2.654000000000000000e+03
1.319000000000000000e+03 1.693000000000000000e+03 1.679000000000000000e+03 1.309000000000000000e+03
1.338000000000000000e+03 1.690000000000000000e+03 1.658000000000000000e+03 1.314000000000000000e+03
1.314000000000000000e+03 1.710000000000000000e+03 1.685000000000000000e+03 1.291000000000000000e+03
