1.074751494631540029e-03
1.080000000000000000e+02
2.255826277197046578e-02
1.900000000000000000e+01
4.994780969329176701e-03
1.720000000000000000e+02
2.066286057623052674e-02
1.320000000000000000e+02
2.310344588682510317e-02
3.700000000000000000e+01
4.167546519199689936e-02
1.300000000000000000e+01
2.984044171878634868e-02
2.800000000000000000e+01
3.059498314077329847e-02
6.100000000000000000e+01
1.260501027408582678e-02
2.800000000000000000e+01
5.446780581245130176e-03
4.300000000000000000e+01
