-4.776700000000000301e+01
9.380671100000000096e-02
-1.915809999999999889e+02
2.834794389999999997e-01
-1.937520000000000095e+02
2.480284959999999872e-01
-5.264360000000000355e+02
8.955959039999998872e-01
-2.753600000000000136e+01
4.519270400000000021e-02
-3.074899999999999878e+01
5.777999900000001243e-02
-2.238700000000000045e+02
3.225911000000000195e-01
-4.092119999999999891e+02
4.826850560000000567e-01
-2.574899999999999878e+01
4.486199900000000657e-02
-2.625700000000000145e+01
4.188695100000000560e-02
-2.681599999999999895e+01
4.465214399999999778e-02
