7.940000000000000000e+02 1.778000000000000000e+03 1.999000000000000000e+03 1.429000000000000000e+03
8.460000000000000000e+02 9.010000000000000000e+02 2.120000000000000000e+03 2.133000000000000000e+03
1.447000000000000000e+03 4.590000000000000000e+02 3.554000000000000000e+03 5.400000000000000000e+02
6.890000000000000000e+02 2.741000000000000000e+03 -1.000000000000000000e+00 2.571000000000000000e+03
1.956000000000000000e+03 3.689000000000000000e+03 3.540000000000000000e+02 1.000000000000000000e+00
1.231000000000000000e+03 1.675000000000000000e+03 1.591000000000000000e+03 1.503000000000000000e+03
1.262000000000000000e+03 1.652000000000000000e+03 1.662000000000000000e+03 1.424000000000000000e+03
1.202000000000000000e+03 1.609000000000000000e+03 1.658000000000000000e+03 1.531000000000000000e+03
1.163000000000000000e+03 1.563000000000000000e+03 1.691000000000000000e+03 1.583000000000000000e+03
1.280000000000000000e+03 1.655000000000000000e+03 1.532000000000000000e+03 1.533000000000000000e+03
1.284000000000000000e+03 1.630000000000000000e+03 1.548000000000000000e+03 1.538000000000000000e+03
