-3.369800000000000040e+01
4.485479600000000233e-02
-2.610999999999999943e+01
4.533389999999998948e-02
-3.114019999999999868e+02
6.471403959999999511e-01
-9.508799999999999386e+01
1.387882559999999987e-01
-1.958220000000000027e+02
3.389343159999999577e-01
-1.996399999999999864e+01
3.334870400000001373e-02
-2.078800000000000026e+01
3.369105599999999701e-02
-1.837699999999999889e+01
2.989087099999999941e-02
-1.772299999999999898e+01
2.586227099999999918e-02
-2.009100000000000108e+01
3.267671899999999990e-02
-1.858699999999999974e+01
3.048843100000000333e-02
