9.902503385860947360e-04
7.500000000000000000e+01
1.211372942589238055e-03
2.470000000000000000e+02
1.142602317859703559e-03
4.510000000000000000e+02
7.194726835716738246e-03
2.380000000000000000e+02
1.577350010374904341e-02
7.200000000000000000e+01
9.871630219272274978e-04
3.100000000000000000e+01
9.075685926286385270e-04
2.800000000000000000e+01
9.921387277967883781e-04
2.700000000000000000e+01
1.159214885308581210e-03
2.900000000000000000e+01
9.998607722760406279e-04
7.900000000000000000e+01
1.003905817022408527e-03
6.400000000000000000e+01
