1.109366836578314953e-03
5.900000000000000000e+01
1.436179655650514017e-03
1.080000000000000000e+02
1.351422881811402887e-03
2.590000000000000000e+02
2.526723444948339274e-03
1.480000000000000000e+02
9.040873759777546051e-03
1.160000000000000000e+02
3.672714329514593923e-02
3.400000000000000000e+01
3.415659216831710282e-02
2.400000000000000000e+01
6.131532550500088524e-02
2.000000000000000000e+01
2.319403630174428702e-02
4.800000000000000000e+01
1.118945571763203719e-03
3.170000000000000000e+02
