1.500000000000000000e+03 1.500000000000000000e+03 1.500000000000000000e+03 1.500000000000000000e+03
2.295000000000000000e+03 1.156000000000000000e+03 7.170000000000000000e+02 1.832000000000000000e+03
2.925000000000000000e+03 6.420000000000000000e+02 6.060000000000000000e+02 1.827000000000000000e+03
3.751000000000000000e+03 5.700000000000000000e+02 5.970000000000000000e+02 1.082000000000000000e+03
3.016000000000000000e+03 1.279000000000000000e+03 1.134000000000000000e+03 5.710000000000000000e+02
6.910000000000000000e+02 2.866000000000000000e+03 1.923000000000000000e+03 5.200000000000000000e+02
5.760000000000000000e+02 5.620000000000000000e+02 1.822000000000000000e+03 3.040000000000000000e+03
1.418000000000000000e+03 6.000000000000000000e+02 3.564000000000000000e+03 4.180000000000000000e+02
3.000000000000000000e+01 2.980000000000000000e+03 0.000000000000000000e+00 2.990000000000000000e+03
1.978000000000000000e+03 3.686000000000000000e+03 3.350000000000000000e+02 1.000000000000000000e+00
1.306000000000000000e+03 9.760000000000000000e+02 0.000000000000000000e+00 3.718000000000000000e+03
1.796000000000000000e+03 2.117000000000000000e+03 2.086000000000000000e+03 1.000000000000000000e+00
0.000000000000000000e+00 5.700000000000000000e+01 8.650000000000000000e+02 5.078000000000000000e+03
0.000000000000000000e+00 1.086000000000000000e+03 2.945000000000000000e+03 1.969000000000000000e+03
1.324000000000000000e+03 2.583000000000000000e+03 6.210000000000000000e+02 1.472000000000000000e+03
