1.062000000000000000e+03 3.660000000000000000e+02 3.444000000000000000e+03 1.128000000000000000e+03
1.290000000000000000e+03 4.350000000000000000e+02 3.673000000000000000e+03 6.020000000000000000e+02
1.628000000000000000e+03 2.059000000000000000e+03 2.550000000000000000e+02 2.058000000000000000e+03
0.000000000000000000e+00 9.170000000000000000e+02 3.269000000000000000e+03 1.814000000000000000e+03
1.629000000000000000e+03 2.095000000000000000e+03 2.280000000000000000e+02 2.048000000000000000e+03
1.597000000000000000e+03 2.214000000000000000e+03 2.220000000000000000e+02 1.967000000000000000e+03
1.514000000000000000e+03 1.797000000000000000e+03 6.840000000000000000e+02 2.005000000000000000e+03
1.497000000000000000e+03 1.622000000000000000e+03 8.370000000000000000e+02 2.044000000000000000e+03
1.458000000000000000e+03 1.551000000000000000e+03 9.400000000000000000e+02 2.051000000000000000e+03
1.447000000000000000e+03 1.569000000000000000e+03 9.650000000000000000e+02 2.019000000000000000e+03
1.233000000000000000e+03 1.517000000000000000e+03 1.234000000000000000e+03 2.016000000000000000e+03
