-2.233629999999999995e+02
3.716272310000000023e-01
-2.992049999999999841e+02
5.399229750000000827e-01
-6.885899999999999466e+01
1.043231190000000058e-01
-2.769449999999999932e+02
4.232519750000000025e-01
-7.038899999999999579e+01
1.140896789999999994e-01
-6.984300000000000352e+01
1.028663510000000086e-01
-4.131799999999999784e+01
6.251887600000000100e-02
-3.183699999999999974e+01
5.441443099999999228e-02
-2.611799999999999855e+01
4.156407599999999841e-02
-2.495599999999999952e+01
3.971806399999999737e-02
-1.510399999999999920e+01
2.322518400000000288e-02
