2.232549614964551409e-03
3.400000000000000000e+01
9.756410661449200182e-04
8.400000000000000000e+01
1.133227222858410868e-03
9.800000000000000000e+01
1.021449252699475939e-03
9.000000000000000000e+01
1.280711205322527342e-03
1.020000000000000000e+02
1.142161116746993627e-03
1.020000000000000000e+02
1.279748875194917012e-03
7.600000000000000000e+01
1.109231200714277466e-03
1.640000000000000000e+02
2.019902180820434476e-02
1.500000000000000000e+01
9.288207357485028272e-04
9.400000000000000000e+01
