1.500000000000000000e+03 1.500000000000000000e+03 1.500000000000000000e+03 1.500000000000000000e+03 3.530000000000000000e+02 3.710000000000000000e+02 3.880000000000000000e+02 3.970000000000000000e+02
1.331000000000000000e+03 2.307000000000000000e+03 1.453000000000000000e+03 9.090000000000000000e+02 3.440000000000000000e+02 3.670000000000000000e+02 3.660000000000000000e+02 3.770000000000000000e+02
2.867000000000000000e+03 1.055000000000000000e+03 9.480000000000000000e+02 1.130000000000000000e+03 3.190000000000000000e+02 3.610000000000000000e+02 3.110000000000000000e+02 3.680000000000000000e+02
5.390000000000000000e+02 2.059000000000000000e+03 1.259000000000000000e+03 2.143000000000000000e+03 3.310000000000000000e+02 3.550000000000000000e+02 3.270000000000000000e+02 3.810000000000000000e+02
1.335000000000000000e+03 1.518000000000000000e+03 7.670000000000000000e+02 2.380000000000000000e+03 3.140000000000000000e+02 3.280000000000000000e+02 3.500000000000000000e+02 3.680000000000000000e+02
1.192000000000000000e+03 9.890000000000000000e+02 1.358000000000000000e+03 2.461000000000000000e+03 3.270000000000000000e+02 3.400000000000000000e+02 3.450000000000000000e+02 3.650000000000000000e+02
8.390000000000000000e+02 1.476000000000000000e+03 1.300000000000000000e+01 3.672000000000000000e+03 3.440000000000000000e+02 3.560000000000000000e+02 3.400000000000000000e+02 3.630000000000000000e+02
4.635000000000000000e+03 5.030000000000000000e+02 3.350000000000000000e+02 5.270000000000000000e+02 3.450000000000000000e+02 3.560000000000000000e+02 3.400000000000000000e+02 3.630000000000000000e+02
2.720000000000000000e+02 3.831000000000000000e+03 1.246000000000000000e+03 6.510000000000000000e+02 3.450000000000000000e+02 3.560000000000000000e+02 3.400000000000000000e+02 3.630000000000000000e+02
3.130000000000000000e+02 1.808000000000000000e+03 3.006000000000000000e+03 8.730000000000000000e+02 3.450000000000000000e+02 3.560000000000000000e+02 3.400000000000000000e+02 3.630000000000000000e+02
1.648000000000000000e+03 1.290000000000000000e+02 3.252000000000000000e+03 9.710000000000000000e+02 3.450000000000000000e+02 3.560000000000000000e+02 3.400000000000000000e+02 3.630000000000000000e+02
1.009000000000000000e+03 3.357000000000000000e+03 4.900000000000000000e+01 1.585000000000000000e+03 3.450000000000000000e+02 3.560000000000000000e+02 3.400000000000000000e+02 3.630000000000000000e+02
1.900000000000000000e+01 4.050000000000000000e+02 2.550000000000000000e+03 3.026000000000000000e+03 3.450000000000000000e+02 3.560000000000000000e+02 3.400000000000000000e+02 3.630000000000000000e+02
1.765000000000000000e+03 1.578000000000000000e+03 2.310000000000000000e+03 3.470000000000000000e+02 3.460000000000000000e+02 3.600000000000000000e+02 3.550000000000000000e+02 3.720000000000000000e+02
1.814000000000000000e+03 7.700000000000000000e+01 1.133000000000000000e+03 2.976000000000000000e+03 3.430000000000000000e+02 3.540000000000000000e+02 3.410000000000000000e+02 3.640000000000000000e+02
