1.200271211159999575e-03
2.300000000000000000e+01
1.135847387318152752e-03
1.010000000000000000e+02
1.131482283089752438e-03
2.590000000000000000e+02
2.617108865064056780e-03
8.500000000000000000e+01
1.013075484283283397e-03
1.510000000000000000e+02
9.973390363551984470e-04
1.040000000000000000e+02
3.285270022733780861e-03
1.190000000000000000e+02
3.668050186508355764e-02
2.500000000000000000e+01
4.540698372598252729e-03
3.200000000000000000e+01
1.031540096985118565e-03
1.120000000000000000e+02
