-3.275200000000000244e+01
4.615249600000000119e-02
-4.006199999999999761e+01
5.649215600000000170e-02
-1.884600000000000009e+01
2.798628400000000016e-02
-6.876340000000000146e+02
1.072728043999999992e+00
-5.024900000000000233e+01
7.155299900000001989e-02
-1.102999999999999972e+02
1.706419999999999881e-01
-7.970199999999999818e+01
1.091191959999999878e-01
-8.335500000000000398e+01
1.301269750000000058e-01
-8.620000000000000284e+01
9.707999999999999963e-02
-2.032300000000000040e+01
3.067467100000000405e-02
-1.905999999999999872e+01
2.872440000000000410e-02
