6.930000000000000000e+02 1.913000000000000000e+03 1.576000000000000000e+03 1.818000000000000000e+03
6.870000000000000000e+02 2.046000000000000000e+03 1.600000000000000000e+03 1.667000000000000000e+03
1.107000000000000000e+03 1.560000000000000000e+03 1.789000000000000000e+03 1.544000000000000000e+03
2.692000000000000000e+03 1.720000000000000000e+02 0.000000000000000000e+00 3.136000000000000000e+03
1.002000000000000000e+03 2.071000000000000000e+03 2.067000000000000000e+03 8.600000000000000000e+02
8.670000000000000000e+02 2.617000000000000000e+03 2.514000000000000000e+03 2.000000000000000000e+00
8.760000000000000000e+02 2.379000000000000000e+03 2.298000000000000000e+03 4.470000000000000000e+02
1.296000000000000000e+03 2.251000000000000000e+03 2.452000000000000000e+03 1.000000000000000000e+00
1.063000000000000000e+03 4.249000000000000000e+03 6.860000000000000000e+02 2.000000000000000000e+00
1.189000000000000000e+03 1.605000000000000000e+03 1.793000000000000000e+03 1.413000000000000000e+03
1.197000000000000000e+03 1.590000000000000000e+03 1.786000000000000000e+03 1.427000000000000000e+03
