1.500000000000000000e+03 1.500000000000000000e+03 1.500000000000000000e+03 1.500000000000000000e+03 3.370000000000000000e+02 3.610000000000000000e+02 2.750000000000000000e+02 3.680000000000000000e+02
3.345000000000000000e+03 7.240000000000000000e+02 1.032000000000000000e+03 8.990000000000000000e+02 3.520000000000000000e+02 3.650000000000000000e+02 3.460000000000000000e+02 3.400000000000000000e+02
1.968000000000000000e+03 1.978000000000000000e+03 8.000000000000000000e+02 1.254000000000000000e+03 3.440000000000000000e+02 3.490000000000000000e+02 3.300000000000000000e+02 3.920000000000000000e+02
1.671000000000000000e+03 1.250000000000000000e+03 1.391000000000000000e+03 1.688000000000000000e+03 3.440000000000000000e+02 3.780000000000000000e+02 3.250000000000000000e+02 3.600000000000000000e+02
1.222000000000000000e+03 1.223000000000000000e+03 2.542000000000000000e+03 1.013000000000000000e+03 3.280000000000000000e+02 3.660000000000000000e+02 3.230000000000000000e+02 3.700000000000000000e+02
8.680000000000000000e+02 4.910000000000000000e+02 1.024000000000000000e+03 3.617000000000000000e+03 3.450000000000000000e+02 3.580000000000000000e+02 3.390000000000000000e+02 3.640000000000000000e+02
3.330000000000000000e+02 2.427000000000000000e+03 1.335000000000000000e+03 1.905000000000000000e+03 3.440000000000000000e+02 3.560000000000000000e+02 3.400000000000000000e+02 3.630000000000000000e+02
3.100000000000000000e+01 4.210000000000000000e+02 3.210000000000000000e+03 2.338000000000000000e+03 3.450000000000000000e+02 3.560000000000000000e+02 3.400000000000000000e+02 3.630000000000000000e+02
1.581000000000000000e+03 3.990000000000000000e+02 2.844000000000000000e+03 1.176000000000000000e+03 3.360000000000000000e+02 3.610000000000000000e+02 3.310000000000000000e+02 3.660000000000000000e+02
2.948000000000000000e+03 1.660000000000000000e+02 4.200000000000000000e+01 2.844000000000000000e+03 3.450000000000000000e+02 3.560000000000000000e+02 3.400000000000000000e+02 3.630000000000000000e+02
9.120000000000000000e+02 2.508000000000000000e+03 1.010000000000000000e+02 2.479000000000000000e+03 3.440000000000000000e+02 3.560000000000000000e+02 3.380000000000000000e+02 3.630000000000000000e+02
9.750000000000000000e+02 1.351000000000000000e+03 2.515000000000000000e+03 1.159000000000000000e+03 3.300000000000000000e+02 3.650000000000000000e+02 3.240000000000000000e+02 3.690000000000000000e+02
1.589000000000000000e+03 2.131000000000000000e+03 1.937000000000000000e+03 3.430000000000000000e+02 3.420000000000000000e+02 3.570000000000000000e+02 3.320000000000000000e+02 3.650000000000000000e+02
4.200000000000000000e+01 6.310000000000000000e+02 4.300000000000000000e+01 5.284000000000000000e+03 3.450000000000000000e+02 3.570000000000000000e+02 3.400000000000000000e+02 3.630000000000000000e+02
5.810000000000000000e+02 4.115000000000000000e+03 8.730000000000000000e+02 4.310000000000000000e+02 3.450000000000000000e+02 3.560000000000000000e+02 3.400000000000000000e+02 3.630000000000000000e+02
