3.855345230893385614e-03
1.060000000000000000e+02
1.117274748164866563e-03
1.920000000000000000e+02
2.879768739133028218e-03
9.600000000000000000e+01
4.535376467135696262e-03
5.200000000000000000e+01
6.199369444287090337e-03
1.350000000000000000e+02
3.254402447454857183e-02
1.100000000000000000e+01
2.230540798675670691e-02
3.100000000000000000e+01
3.874662240504965494e-02
1.800000000000000000e+01
3.495452274179823571e-02
1.100000000000000000e+01
9.559364716296583995e-04
3.300000000000000000e+01
9.065780015379244165e-04
3.400000000000000000e+01
