0.000000000000000000e+00 1.948000000000000000e+03 3.830000000000000000e+02 3.669000000000000000e+03
1.115000000000000000e+03 1.290000000000000000e+02 3.677000000000000000e+03 1.079000000000000000e+03
3.730000000000000000e+02 2.829000000000000000e+03 2.797000000000000000e+03 1.000000000000000000e+00
1.223000000000000000e+03 6.840000000000000000e+02 4.092000000000000000e+03 1.000000000000000000e+00
0.000000000000000000e+00 1.871000000000000000e+03 9.290000000000000000e+02 3.200000000000000000e+03
1.811000000000000000e+03 3.209000000000000000e+03 9.790000000000000000e+02 1.000000000000000000e+00
5.130000000000000000e+02 2.982000000000000000e+03 0.000000000000000000e+00 2.505000000000000000e+03
1.443000000000000000e+03 3.183000000000000000e+03 1.373000000000000000e+03 1.000000000000000000e+00
1.922000000000000000e+03 3.058000000000000000e+03 1.019000000000000000e+03 1.000000000000000000e+00
1.161000000000000000e+03 1.488000000000000000e+03 1.817000000000000000e+03 1.534000000000000000e+03
1.162000000000000000e+03 1.492000000000000000e+03 1.816000000000000000e+03 1.530000000000000000e+03
