-3.858940000000000055e+02
5.829527639999999566e-01
-2.942679999999999723e+02
4.982501759999999336e-01
-1.533029999999999973e+02
2.368591909999999690e-01
-4.265140000000000100e+02
6.723958039999999858e-01
-2.698039999999999736e+02
3.613255840000000330e-01
-1.558209999999999980e+02
2.240329590000000037e-01
-3.857470000000000141e+02
4.846489910000000290e-01
-9.753199999999999648e+01
1.285389759999999992e-01
-1.785269999999999868e+02
2.705212709999999521e-01
-1.877599999999999980e+01
2.794182400000000052e-02
-2.470700000000000074e+01
6.145915100000000353e-02
