5.858460290636488413e-04
1.000000000000000000e+00
1.376368004222065615e-02
6.800000000000000000e+01
4.338484174828182403e-03
4.100000000000000000e+01
7.262235708628370957e-03
7.900000000000000000e+01
2.635954093181388201e-03
2.150000000000000000e+02
2.012042982071294769e-02
2.400000000000000000e+01
2.452121572311785624e-02
4.200000000000000000e+01
1.963249880161848163e-02
6.000000000000000000e+01
1.320493528060226289e-02
8.000000000000000000e+01
1.632758622282987418e-02
1.500000000000000000e+01
