1.500000000000000000e+03 1.500000000000000000e+03 1.500000000000000000e+03 1.500000000000000000e+03
2.868000000000000000e+03 1.016000000000000000e+03 1.131000000000000000e+03 9.850000000000000000e+02
1.725000000000000000e+03 2.258000000000000000e+03 7.860000000000000000e+02 1.231000000000000000e+03
7.270000000000000000e+02 1.335000000000000000e+03 2.213000000000000000e+03 1.725000000000000000e+03
1.151000000000000000e+03 5.710000000000000000e+02 6.000000000000000000e+02 3.678000000000000000e+03
5.490000000000000000e+02 3.655000000000000000e+03 6.300000000000000000e+02 1.166000000000000000e+03
0.000000000000000000e+00 5.620000000000000000e+02 2.600000000000000000e+03 2.838000000000000000e+03
1.010000000000000000e+03 2.001000000000000000e+03 2.988000000000000000e+03 1.000000000000000000e+00
1.934000000000000000e+03 0.000000000000000000e+00 2.914000000000000000e+03 1.152000000000000000e+03
0.000000000000000000e+00 1.916000000000000000e+03 5.930000000000000000e+02 3.491000000000000000e+03
1.838000000000000000e+03 1.133000000000000000e+03 3.027000000000000000e+03 2.000000000000000000e+00
0.000000000000000000e+00 2.329000000000000000e+03 2.168000000000000000e+03 1.503000000000000000e+03
1.853000000000000000e+03 1.540000000000000000e+03 0.000000000000000000e+00 2.607000000000000000e+03
1.230000000000000000e+02 3.054000000000000000e+03 0.000000000000000000e+00 2.823000000000000000e+03
1.915000000000000000e+03 3.212000000000000000e+03 8.720000000000000000e+02 1.000000000000000000e+00
