1.111000000000000000e+03 1.512000000000000000e+03 2.054000000000000000e+03 1.323000000000000000e+03
1.325000000000000000e+03 1.343000000000000000e+03 2.178000000000000000e+03 1.154000000000000000e+03
1.740000000000000000e+02 2.067000000000000000e+03 0.000000000000000000e+00 3.759000000000000000e+03
1.143000000000000000e+03 1.565000000000000000e+03 1.739000000000000000e+03 1.553000000000000000e+03
1.124000000000000000e+03 1.659000000000000000e+03 1.731000000000000000e+03 1.486000000000000000e+03
1.028000000000000000e+03 1.861000000000000000e+03 1.738000000000000000e+03 1.373000000000000000e+03
0.000000000000000000e+00 1.100000000000000000e+03 3.363000000000000000e+03 1.537000000000000000e+03
7.670000000000000000e+02 1.349000000000000000e+03 3.882000000000000000e+03 2.000000000000000000e+00
1.518000000000000000e+03 6.840000000000000000e+02 3.796000000000000000e+03 2.000000000000000000e+00
1.020000000000000000e+02 0.000000000000000000e+00 3.589000000000000000e+03 2.309000000000000000e+03
1.160000000000000000e+03 1.583000000000000000e+03 1.660000000000000000e+03 1.597000000000000000e+03
