1.081028707528103533e-03
3.800000000000000000e+01
1.007702998394923019e-03
9.500000000000000000e+01
3.960040005744239894e-03
8.400000000000000000e+01
9.482595248548886246e-04
5.900000000000000000e+01
9.350542381536663256e-04
3.800000000000000000e+01
1.009968297203296889e-03
9.800000000000000000e+01
7.349569281510774134e-03
3.500000000000000000e+01
2.015028959077543730e-02
1.900000000000000000e+01
3.889208116003088633e-02
1.000000000000000000e+01
2.228549231343473699e-03
2.070000000000000000e+02
8.727114836524039066e-04
3.900000000000000000e+01
