-2.380799999999999983e+01
3.568313599999999725e-02
-2.933299999999999841e+01
5.026211099999999821e-02
-5.946000000000000227e+02
9.307999999999999607e-01
-1.799500000000000099e+01
2.694697499999999801e-02
-2.019099999999999895e+01
3.166251900000000008e-02
-3.235799999999999699e+01
4.595783599999999497e-02
-2.977819999999999823e+02
4.435124760000000443e-01
-3.601460000000000150e+02
6.285226839999999982e-01
-3.535249999999999773e+02
6.806513750000000584e-01
-3.579300000000000068e+02
5.191571000000000380e-01
-1.737199999999999989e+01
2.582361599999999716e-02
