1.500000000000000000e+03 1.500000000000000000e+03 1.500000000000000000e+03 1.500000000000000000e+03 3.590000000000000000e+02 3.930000000000000000e+02 3.250000000000000000e+02 3.750000000000000000e+02
1.365000000000000000e+03 2.082000000000000000e+03 1.312000000000000000e+03 1.241000000000000000e+03 3.490000000000000000e+02 3.680000000000000000e+02 3.400000000000000000e+02 3.450000000000000000e+02
2.219000000000000000e+03 1.910000000000000000e+03 9.540000000000000000e+02 9.170000000000000000e+02 3.200000000000000000e+02 3.250000000000000000e+02 3.490000000000000000e+02 3.810000000000000000e+02
1.451000000000000000e+03 5.750000000000000000e+02 1.062000000000000000e+03 2.912000000000000000e+03 3.490000000000000000e+02 3.680000000000000000e+02 3.050000000000000000e+02 3.420000000000000000e+02
6.590000000000000000e+02 3.796000000000000000e+03 7.930000000000000000e+02 7.520000000000000000e+02 3.270000000000000000e+02 3.690000000000000000e+02 3.100000000000000000e+02 3.420000000000000000e+02
1.550000000000000000e+02 2.132000000000000000e+03 1.654000000000000000e+03 2.059000000000000000e+03 3.450000000000000000e+02 3.570000000000000000e+02 3.390000000000000000e+02 3.640000000000000000e+02
1.552000000000000000e+03 1.074000000000000000e+03 2.677000000000000000e+03 6.970000000000000000e+02 3.450000000000000000e+02 3.560000000000000000e+02 3.400000000000000000e+02 3.620000000000000000e+02
2.775000000000000000e+03 5.020000000000000000e+02 8.900000000000000000e+01 2.634000000000000000e+03 3.450000000000000000e+02 3.560000000000000000e+02 3.400000000000000000e+02 3.630000000000000000e+02
6.600000000000000000e+02 2.393000000000000000e+03 1.170000000000000000e+02 2.830000000000000000e+03 3.450000000000000000e+02 3.560000000000000000e+02 3.400000000000000000e+02 3.630000000000000000e+02
0.000000000000000000e+00 6.360000000000000000e+02 1.570000000000000000e+03 3.794000000000000000e+03 3.450000000000000000e+02 3.560000000000000000e+02 3.400000000000000000e+02 3.630000000000000000e+02
3.672000000000000000e+03 5.020000000000000000e+02 1.470000000000000000e+03 3.560000000000000000e+02 3.450000000000000000e+02 3.560000000000000000e+02 3.400000000000000000e+02 3.630000000000000000e+02
2.140000000000000000e+02 2.737000000000000000e+03 2.503000000000000000e+03 5.460000000000000000e+02 3.450000000000000000e+02 3.560000000000000000e+02 3.400000000000000000e+02 3.630000000000000000e+02
1.560000000000000000e+03 6.000000000000000000e+01 2.215000000000000000e+03 2.165000000000000000e+03 3.450000000000000000e+02 3.560000000000000000e+02 3.400000000000000000e+02 3.630000000000000000e+02
2.497000000000000000e+03 4.700000000000000000e+01 1.718000000000000000e+03 1.738000000000000000e+03 3.450000000000000000e+02 3.560000000000000000e+02 3.400000000000000000e+02 3.630000000000000000e+02
9.550000000000000000e+02 1.519000000000000000e+03 1.950000000000000000e+03 1.576000000000000000e+03 3.440000000000000000e+02 3.560000000000000000e+02 3.400000000000000000e+02 3.630000000000000000e+02
