1.008482606959491563e-03
1.000000000000000000e+02
1.129109518859276176e-03
3.330000000000000000e+02
1.404646248590794930e-03
1.460000000000000000e+02
1.289463973849604280e-03
2.940000000000000000e+02
9.808746049571016260e-04
4.900000000000000000e+01
9.602878887220487420e-04
4.300000000000000000e+01
1.874670059381817674e-02
1.160000000000000000e+02
9.213991743413659343e-04
3.900000000000000000e+01
4.082114077751836101e-02
1.500000000000000000e+01
9.174902778363639138e-04
4.800000000000000000e+01
2.489139052280401818e-02
1.700000000000000000e+01
