7.800000000000000000e+02 1.068000000000000000e+03 2.205000000000000000e+03 1.947000000000000000e+03
8.400000000000000000e+01 1.160000000000000000e+03 2.059000000000000000e+03 2.697000000000000000e+03
2.700000000000000000e+01 1.086000000000000000e+03 1.380000000000000000e+02 4.749000000000000000e+03
1.170000000000000000e+02 3.740000000000000000e+02 1.522000000000000000e+03 3.987000000000000000e+03
1.061000000000000000e+03 1.421000000000000000e+03 1.471000000000000000e+03 2.047000000000000000e+03
1.072000000000000000e+03 1.458000000000000000e+03 1.480000000000000000e+03 1.990000000000000000e+03
0.000000000000000000e+00 1.966000000000000000e+03 1.043000000000000000e+03 2.991000000000000000e+03
1.135000000000000000e+03 1.438000000000000000e+03 1.461000000000000000e+03 1.966000000000000000e+03
4.618000000000000000e+03 0.000000000000000000e+00 7.890000000000000000e+02 5.930000000000000000e+02
1.233000000000000000e+03 1.397000000000000000e+03 1.451000000000000000e+03 1.919000000000000000e+03
4.892000000000000000e+03 2.500000000000000000e+02 8.560000000000000000e+02 2.000000000000000000e+00
