-2.684299999999999997e+01
4.457235099999999617e-02
-6.518099999999999739e+01
1.222222389999999964e-01
-4.798759999999999764e+02
5.642346239999999069e-01
-3.376370000000000005e+02
5.728212310000000418e-01
-1.459099999999999930e+01
2.524571899999999980e-02
-1.431600000000000072e+01
2.348014399999999793e-02
-2.285480000000000018e+02
3.385236959999999851e-01
-1.439899999999999913e+01
2.288579900000000181e-02
-3.791739999999999782e+02
4.288017240000000507e-01
-1.439600000000000080e+01
2.547918399999999847e-02
-3.027789999999999964e+02
3.318141589999998864e-01
