1.050062563238277676e-03
5.900000000000000000e+01
1.268578387814996936e-03
1.880000000000000000e+02
1.060423905594141351e-03
1.550000000000000000e+02
1.201719904497653823e-03
6.700000000000000000e+01
1.227236139585419434e-03
1.200000000000000000e+02
2.841395480757137604e-02
7.000000000000000000e+00
1.269344852224464117e-03
1.700000000000000000e+02
1.075979267398224568e-03
5.000000000000000000e+01
1.063286683929948575e-03
8.200000000000000000e+01
1.059578157399725671e-03
1.980000000000000000e+02
