1.500000000000000000e+03 1.500000000000000000e+03 1.500000000000000000e+03 1.500000000000000000e+03 3.390000000000000000e+02 3.420000000000000000e+02 3.280000000000000000e+02 3.480000000000000000e+02
1.326000000000000000e+03 1.711000000000000000e+03 6.120000000000000000e+02 2.351000000000000000e+03 3.700000000000000000e+02 3.150000000000000000e+02 3.090000000000000000e+02 3.660000000000000000e+02
1.878000000000000000e+03 2.399000000000000000e+03 1.140000000000000000e+03 5.830000000000000000e+02 3.430000000000000000e+02 3.410000000000000000e+02 3.610000000000000000e+02 3.480000000000000000e+02
1.097000000000000000e+03 1.634000000000000000e+03 1.578000000000000000e+03 1.691000000000000000e+03 3.540000000000000000e+02 3.330000000000000000e+02 3.540000000000000000e+02 4.010000000000000000e+02
5.930000000000000000e+02 2.592000000000000000e+03 1.890000000000000000e+03 9.250000000000000000e+02 3.610000000000000000e+02 3.640000000000000000e+02 3.320000000000000000e+02 3.660000000000000000e+02
1.646000000000000000e+03 6.970000000000000000e+02 2.774000000000000000e+03 8.830000000000000000e+02 3.450000000000000000e+02 3.560000000000000000e+02 3.410000000000000000e+02 3.650000000000000000e+02
2.986000000000000000e+03 7.770000000000000000e+02 4.390000000000000000e+02 1.798000000000000000e+03 3.450000000000000000e+02 3.560000000000000000e+02 3.400000000000000000e+02 3.630000000000000000e+02
6.800000000000000000e+01 1.512000000000000000e+03 3.981000000000000000e+03 4.390000000000000000e+02 3.450000000000000000e+02 3.560000000000000000e+02 3.400000000000000000e+02 3.630000000000000000e+02
2.300000000000000000e+02 1.160000000000000000e+02 2.807000000000000000e+03 2.847000000000000000e+03 3.450000000000000000e+02 3.560000000000000000e+02 3.400000000000000000e+02 3.630000000000000000e+02
1.059000000000000000e+03 1.900000000000000000e+02 3.590000000000000000e+02 4.392000000000000000e+03 3.450000000000000000e+02 3.560000000000000000e+02 3.400000000000000000e+02 3.630000000000000000e+02
3.310000000000000000e+03 1.608000000000000000e+03 7.240000000000000000e+02 3.580000000000000000e+02 3.550000000000000000e+02 3.540000000000000000e+02 3.280000000000000000e+02 3.670000000000000000e+02
2.000000000000000000e+02 3.149000000000000000e+03 6.300000000000000000e+01 2.588000000000000000e+03 3.450000000000000000e+02 3.560000000000000000e+02 3.400000000000000000e+02 3.630000000000000000e+02
1.098000000000000000e+03 1.246000000000000000e+03 1.243000000000000000e+03 2.413000000000000000e+03 3.510000000000000000e+02 3.450000000000000000e+02 3.320000000000000000e+02 3.640000000000000000e+02
4.100000000000000000e+01 1.693000000000000000e+03 1.387000000000000000e+03 2.879000000000000000e+03 3.450000000000000000e+02 3.560000000000000000e+02 3.400000000000000000e+02 3.630000000000000000e+02
1.836000000000000000e+03 4.000000000000000000e+01 1.815000000000000000e+03 2.309000000000000000e+03 3.450000000000000000e+02 3.560000000000000000e+02 3.400000000000000000e+02 3.630000000000000000e+02
