1.217878622916076506e-03
7.800000000000000000e+01
1.023350155610334858e-03
4.600000000000000000e+01
1.128719860322160984e-03
8.300000000000000000e+01
1.141870876874234806e-03
8.600000000000000000e+01
1.106556761798895309e-03
6.950000000000000000e+02
2.094366821829799809e-03
2.600000000000000000e+01
5.251800257020633467e-02
1.600000000000000000e+01
9.433988586715484626e-02
1.000000000000000000e+01
3.185721924899704433e-02
2.700000000000000000e+01
9.761575785289266539e-04
3.500000000000000000e+01
1.151025543981806397e-03
4.300000000000000000e+01
