8.160000000000000000e+02 1.883000000000000000e+03 1.841000000000000000e+03 1.460000000000000000e+03
1.000000000000000000e+03 1.002000000000000000e+03 2.271000000000000000e+03 1.727000000000000000e+03
9.310000000000000000e+02 1.109000000000000000e+03 1.754000000000000000e+03 2.206000000000000000e+03
9.260000000000000000e+02 1.111000000000000000e+03 1.739000000000000000e+03 2.224000000000000000e+03
5.540000000000000000e+02 1.370000000000000000e+02 4.119000000000000000e+03 1.190000000000000000e+03
1.333000000000000000e+03 1.476000000000000000e+03 1.489000000000000000e+03 1.702000000000000000e+03
1.684000000000000000e+03 1.274000000000000000e+03 3.041000000000000000e+03 1.000000000000000000e+00
4.212000000000000000e+03 5.510000000000000000e+02 1.236000000000000000e+03 1.000000000000000000e+00
1.864000000000000000e+03 6.880000000000000000e+02 3.447000000000000000e+03 1.000000000000000000e+00
1.283000000000000000e+03 1.413000000000000000e+03 1.762000000000000000e+03 1.542000000000000000e+03
1.258000000000000000e+03 1.508000000000000000e+03 1.685000000000000000e+03 1.549000000000000000e+03
