-3.469200000000000017e+01
4.851913599999999743e-02
-2.890700000000000003e+01
5.096635099999999308e-02
-1.846799999999999997e+01
3.123297599999999563e-02
-1.966900000000000048e+01
3.368143900000000052e-02
-4.192300000000000182e+02
6.742090999999997836e-01
-1.812000000000000099e+01
3.149360000000000354e-02
-1.784219999999999970e+02
3.091819159999999456e-01
-3.058369999999999891e+02
3.460244309999999657e-01
-3.119010000000000105e+02
5.003691989999999867e-01
-1.873600000000000065e+01
3.102630400000000108e-02
-1.861700000000000088e+01
2.968431100000000142e-02
