1.500000000000000000e+03 1.500000000000000000e+03 1.500000000000000000e+03 1.500000000000000000e+03 3.510000000000000000e+02 3.780000000000000000e+02 3.340000000000000000e+02 3.830000000000000000e+02
3.108000000000000000e+03 1.273000000000000000e+03 5.460000000000000000e+02 1.073000000000000000e+03 3.540000000000000000e+02 3.330000000000000000e+02 3.520000000000000000e+02 3.930000000000000000e+02
2.380000000000000000e+03 7.510000000000000000e+02 5.770000000000000000e+02 2.292000000000000000e+03 3.150000000000000000e+02 3.570000000000000000e+02 3.440000000000000000e+02 3.520000000000000000e+02
3.109000000000000000e+03 7.360000000000000000e+02 5.290000000000000000e+02 1.626000000000000000e+03 3.600000000000000000e+02 3.580000000000000000e+02 3.370000000000000000e+02 3.690000000000000000e+02
2.679000000000000000e+03 8.270000000000000000e+02 1.392000000000000000e+03 1.102000000000000000e+03 3.260000000000000000e+02 3.470000000000000000e+02 3.150000000000000000e+02 3.880000000000000000e+02
1.267000000000000000e+03 2.520000000000000000e+03 1.061000000000000000e+03 1.152000000000000000e+03 3.470000000000000000e+02 3.630000000000000000e+02 3.380000000000000000e+02 3.690000000000000000e+02
1.554000000000000000e+03 1.510000000000000000e+03 1.687000000000000000e+03 1.249000000000000000e+03 3.500000000000000000e+02 3.760000000000000000e+02 3.350000000000000000e+02 3.820000000000000000e+02
1.270000000000000000e+02 3.530000000000000000e+03 1.997000000000000000e+03 3.460000000000000000e+02 3.450000000000000000e+02 3.560000000000000000e+02 3.400000000000000000e+02 3.630000000000000000e+02
6.780000000000000000e+02 1.065000000000000000e+03 1.194000000000000000e+03 3.063000000000000000e+03 3.450000000000000000e+02 3.560000000000000000e+02 3.410000000000000000e+02 3.630000000000000000e+02
5.590000000000000000e+02 1.028000000000000000e+03 2.825000000000000000e+03 1.588000000000000000e+03 3.450000000000000000e+02 3.560000000000000000e+02 3.400000000000000000e+02 3.630000000000000000e+02
4.400000000000000000e+01 3.198000000000000000e+03 7.200000000000000000e+01 2.686000000000000000e+03 3.450000000000000000e+02 3.560000000000000000e+02 3.400000000000000000e+02 3.630000000000000000e+02
1.564000000000000000e+03 6.300000000000000000e+01 2.203000000000000000e+03 2.170000000000000000e+03 3.450000000000000000e+02 3.560000000000000000e+02 3.400000000000000000e+02 3.630000000000000000e+02
1.317000000000000000e+03 0.000000000000000000e+00 6.870000000000000000e+02 3.996000000000000000e+03 3.450000000000000000e+02 3.560000000000000000e+02 3.400000000000000000e+02 3.630000000000000000e+02
2.454000000000000000e+03 1.625000000000000000e+03 1.579000000000000000e+03 3.420000000000000000e+02 3.410000000000000000e+02 3.540000000000000000e+02 3.310000000000000000e+02 3.670000000000000000e+02
9.540000000000000000e+02 4.029000000000000000e+03 6.710000000000000000e+02 3.460000000000000000e+02 3.450000000000000000e+02 3.560000000000000000e+02 3.390000000000000000e+02 3.630000000000000000e+02
