-3.082570000000000050e+02
3.356489510000000287e-01
-3.142429999999999950e+02
3.884519510000000175e-01
-5.901879999999999882e+02
8.089366559999999762e-01
-1.978099999999999881e+01
3.458703900000000692e-02
-1.986799999999999855e+01
3.235657600000000494e-02
-3.074549999999999841e+02
4.678759749999999995e-01
-3.714900000000000091e+01
5.978279899999999064e-02
-1.956200000000000117e+01
2.732615599999999728e-02
-2.032100000000000151e+01
3.035995900000000233e-02
-2.339499999999999957e+01
3.348297500000000509e-02
-2.161199999999999832e+01
3.422545600000000826e-02
