1.500000000000000000e+03 1.500000000000000000e+03 1.500000000000000000e+03 1.500000000000000000e+03
1.034000000000000000e+03 2.656000000000000000e+03 1.564000000000000000e+03 7.460000000000000000e+02
9.780000000000000000e+02 2.718000000000000000e+03 8.500000000000000000e+02 1.454000000000000000e+03
1.554000000000000000e+03 1.081000000000000000e+03 5.020000000000000000e+02 2.863000000000000000e+03
1.693000000000000000e+03 6.970000000000000000e+02 9.910000000000000000e+02 2.619000000000000000e+03
0.000000000000000000e+00 7.810000000000000000e+02 2.737000000000000000e+03 2.482000000000000000e+03
2.180000000000000000e+03 4.560000000000000000e+02 2.789000000000000000e+03 5.750000000000000000e+02
3.252000000000000000e+03 1.431000000000000000e+03 0.000000000000000000e+00 1.317000000000000000e+03
3.190000000000000000e+02 1.831000000000000000e+03 3.848000000000000000e+03 2.000000000000000000e+00
1.432000000000000000e+03 0.000000000000000000e+00 2.439000000000000000e+03 2.129000000000000000e+03
0.000000000000000000e+00 1.964000000000000000e+03 5.900000000000000000e+02 3.446000000000000000e+03
1.692000000000000000e+03 2.389000000000000000e+03 0.000000000000000000e+00 1.919000000000000000e+03
2.000000000000000000e+01 3.791000000000000000e+03 6.800000000000000000e+02 1.509000000000000000e+03
1.424000000000000000e+03 3.786000000000000000e+03 7.880000000000000000e+02 2.000000000000000000e+00
8.860000000000000000e+02 1.781000000000000000e+03 1.831000000000000000e+03 1.502000000000000000e+03
