1.136497219594149706e-03
2.090000000000000000e+02
1.734544134130771784e-03
4.200000000000000000e+01
1.347565975565467519e-02
1.170000000000000000e+02
9.172357612170788143e-04
6.400000000000000000e+01
9.773806690111179040e-04
1.060000000000000000e+02
8.766675589972218463e-03
8.900000000000000000e+01
1.237128238869535362e-03
8.300000000000000000e+01
1.272160199280198724e-02
5.700000000000000000e+01
3.416187555408469606e-02
1.400000000000000000e+01
5.184646289799188339e-03
2.900000000000000000e+01
