-9.821399999999999864e+01
1.825362040000000352e-01
-5.023140000000000214e+02
7.838974039999999643e-01
-2.346879999999999882e+02
3.566086559999999128e-01
-1.954730000000000132e+02
2.888552710000000245e-01
-1.656040000000000134e+02
2.788631839999999862e-01
-3.163899999999999935e+01
4.887267900000000220e-02
-4.417440000000000282e+02
6.531664640000000022e-01
-1.060400000000000063e+02
1.523223999999999967e-01
-2.230799999999999983e+01
3.405513599999999974e-02
-1.731299999999999883e+01
2.766903100000000365e-02
-1.732799999999999940e+01
2.940641599999999772e-02
