7.880000000000000000e+02 6.220000000000000000e+02 2.879000000000000000e+03 1.711000000000000000e+03
0.000000000000000000e+00 5.690000000000000000e+02 1.159000000000000000e+03 4.272000000000000000e+03
3.890000000000000000e+02 2.282000000000000000e+03 3.327000000000000000e+03 2.000000000000000000e+00
5.470000000000000000e+02 2.298000000000000000e+03 3.154000000000000000e+03 1.000000000000000000e+00
6.510000000000000000e+02 2.359000000000000000e+03 2.988000000000000000e+03 2.000000000000000000e+00
1.395000000000000000e+03 1.791000000000000000e+03 1.337000000000000000e+03 1.477000000000000000e+03
1.859000000000000000e+03 0.000000000000000000e+00 4.280000000000000000e+02 3.713000000000000000e+03
1.553000000000000000e+03 2.904000000000000000e+03 1.542000000000000000e+03 1.000000000000000000e+00
1.336000000000000000e+03 1.686000000000000000e+03 1.122000000000000000e+03 1.856000000000000000e+03
1.305000000000000000e+03 1.558000000000000000e+03 1.341000000000000000e+03 1.796000000000000000e+03
1.283000000000000000e+03 1.457000000000000000e+03 1.547000000000000000e+03 1.713000000000000000e+03
