-1.020867942147941076e-01
-1.024366300085707976e-01
-1.024122108429903477e-01
-7.240250481790161396e-02
-1.321874207696189518e-01
-1.318807725301996414e-01
-1.309734855207004001e-01
-6.370761846301307985e-02
-6.576434232685876569e-02
-6.128074922752562576e-02
-6.125370775616250513e-02
-6.925170395894232611e-02
-7.309603531383099262e-02
8.161170830262092293e-03
1.529679843451594093e-02
-5.154660188477792546e-03
1.574155131332710808e-03
-1.148301140742766929e-02
-1.124677817869773264e-02
-2.023772979988646553e-02
-2.158893812848707711e-02
-3.943712064667950074e-03
-4.467332546146698252e-02
-4.479106848922893153e-02
-4.440810683210872495e-02
-4.726880120487328418e-02
-4.961810702675108209e-02
-5.060534893375030763e-02
-4.804315526828508570e-02
-4.800225952435817345e-02
-4.799798892067236311e-02
-4.857399310805662895e-02
-5.896232829312701706e-02
-6.679639151941839381e-02
-6.086102911081162081e-02
-6.075841990550920335e-02
-5.816525692294591959e-02
-2.813425808698207312e-02
-2.722555359516360199e-02
-2.700111646904681736e-02
-2.697295497318602520e-02
-3.586066772258795360e-02
-3.584480668932604752e-02
-5.569804439449903971e-02
-5.557993245116445158e-02
-5.619918012798851004e-02
-4.240523433797589725e-02
-4.253537108162346037e-02
-4.217862286936051308e-02
-4.190007255503641614e-02
-3.817228996147425252e-02
-3.366362452048310416e-02
-4.156752850398592880e-02
-3.464695574200395839e-02
-2.778270620532062932e-02
-2.540271221011439207e-02
-2.423309428819165126e-02
-8.671025215961067345e-03
-3.833580914225705183e-03
-5.049069560509676646e-03
-5.081181072794850595e-03
-1.673199472730779042e-02
-6.379919694649751304e-03
3.420619829768204410e-03
2.864310645599200088e-03
-5.138711384480109876e-03
-8.397020337622070757e-03
-9.393300742444488094e-03
-1.394396254333792051e-02
-1.159065374581346765e-02
-9.342465792410490841e-03
-5.185764266595029731e-03
-1.676903865235923044e-03
-2.481369854762020474e-03
-9.528015314353802459e-03
-1.869994088179443431e-02
-1.878361881823136653e-02
-1.877376432850035026e-02
-1.889187271526372724e-02
-1.197646496128518256e-02
-1.474447333766908466e-02
-1.387471014025457028e-02
-1.405861597417961892e-02
-1.293910959557892718e-02
-1.855292154978919680e-02
-1.899498304814934216e-02
-1.920889113501178525e-02
-9.144482650832759865e-03
-1.319046562043143730e-02
-1.390848855228046452e-02
-9.106299961462489476e-03
-7.632661019421822443e-03
-7.046824681510949380e-03
1.129552873890433962e-02
1.164894904854310229e-02
1.019514503048745031e-02
1.063706848509093743e-02
9.027633985954706952e-03
7.668131195963143187e-03
7.537887203957328516e-03
7.366635723835605887e-03
