6.477087219147747987e-05
5.000000000000000000e+00
9.349980688622833158e-06
5.000000000000000000e+00
1.548547896690344317e-05
5.000000000000000000e+00
1.592660667853185164e-04
6.000000000000000000e+00
1.265567522401589429e-03
4.000000000000000000e+00
4.505109603863410861e-04
6.000000000000000000e+00
7.195248978564272591e-05
3.000000000000000000e+00
2.848545499038679374e-03
5.000000000000000000e+00
2.357445312069605947e-03
5.000000000000000000e+00
2.419254806082848930e-03
4.000000000000000000e+00
2.344556030800970525e-03
2.000000000000000000e+00
4.907436874215798106e-05
5.000000000000000000e+00
4.388825652158756530e-06
5.000000000000000000e+00
1.446669104364639580e-04
4.000000000000000000e+00
8.327450224365762210e-05
4.000000000000000000e+00
3.010629572308687329e-06
5.000000000000000000e+00
3.937635453910015571e-05
4.000000000000000000e+00
6.186632943716574573e-06
4.000000000000000000e+00
5.193928206503883871e-05
5.000000000000000000e+00
2.892683966588559252e-03
4.000000000000000000e+00
2.279112581203834864e-04
5.000000000000000000e+00
4.620796632037738050e-05
5.000000000000000000e+00
2.975423066002069739e-03
4.000000000000000000e+00
1.451622017755631669e-07
3.000000000000000000e+00
3.491147266131795421e-06
5.000000000000000000e+00
3.046581210381704707e-03
4.000000000000000000e+00
2.428597988975988997e-04
3.000000000000000000e+00
6.270548868592129566e-06
5.000000000000000000e+00
3.058921524745628062e-06
5.000000000000000000e+00
2.791809279745205430e-05
6.000000000000000000e+00
1.132324418745556116e-04
3.000000000000000000e+00
5.190811145872054055e-05
4.000000000000000000e+00
6.510341145630760273e-04
5.000000000000000000e+00
2.723671465856392082e-03
4.000000000000000000e+00
3.254879803593624388e-05
8.000000000000000000e+00
2.821942993246118192e-03
3.000000000000000000e+00
2.809103525369888513e-03
5.000000000000000000e+00
2.492869738274172686e-03
2.000000000000000000e+00
4.380857097907586706e-05
4.000000000000000000e+00
2.040698785316235296e-03
5.000000000000000000e+00
1.568208335683829446e-05
4.000000000000000000e+00
8.351417145471135006e-06
4.000000000000000000e+00
2.247972378318752185e-03
4.000000000000000000e+00
1.926773494700939615e-04
6.000000000000000000e+00
1.119265208891079277e-04
5.000000000000000000e+00
5.807805623632422698e-05
6.000000000000000000e+00
2.107399519077790551e-03
5.000000000000000000e+00
1.836500618535019669e-05
4.000000000000000000e+00
2.527141663309845961e-05
6.000000000000000000e+00
6.182251975476484029e-06
3.000000000000000000e+00
5.845818538163793932e-05
5.000000000000000000e+00
1.987436643458712071e-05
4.000000000000000000e+00
6.765588654400467306e-05
5.000000000000000000e+00
1.741681970761251030e-04
5.000000000000000000e+00
8.324877539989117281e-06
4.000000000000000000e+00
4.503751166579084142e-05
4.000000000000000000e+00
2.081076167109729980e-05
4.000000000000000000e+00
1.943629752353404072e-04
4.000000000000000000e+00
3.170117832743679642e-04
2.000000000000000000e+00
2.114347819165710886e-03
5.000000000000000000e+00
6.971913641793947569e-04
4.000000000000000000e+00
1.292703997148314521e-04
4.000000000000000000e+00
3.860129428212566438e-06
4.000000000000000000e+00
1.448186474385312894e-05
6.000000000000000000e+00
3.848619740995373739e-06
4.000000000000000000e+00
1.899789148219588331e-03
3.000000000000000000e+00
1.114523900391795053e-05
6.000000000000000000e+00
5.024627485132734592e-05
6.000000000000000000e+00
1.224702982078641755e-04
4.000000000000000000e+00
2.918284248928371127e-04
6.000000000000000000e+00
1.633775851634933218e-04
7.000000000000000000e+00
4.657448376189400607e-05
6.000000000000000000e+00
2.649400156151671126e-05
4.000000000000000000e+00
2.164114922707113808e-03
6.000000000000000000e+00
1.884401134022439805e-07
3.000000000000000000e+00
1.665055149271954527e-05
4.000000000000000000e+00
2.154808870781788066e-03
4.000000000000000000e+00
1.182901481510123531e-04
5.000000000000000000e+00
1.915880910692724370e-03
3.000000000000000000e+00
3.384393654992656764e-05
4.000000000000000000e+00
1.092892819665181037e-05
2.000000000000000000e+00
2.361113187931973556e-05
4.000000000000000000e+00
2.606629571477725449e-05
4.000000000000000000e+00
1.504321685613652093e-05
4.000000000000000000e+00
2.126531414657628627e-05
5.000000000000000000e+00
6.485426490521889464e-05
3.000000000000000000e+00
7.858797398396788481e-06
3.000000000000000000e+00
6.618733734420345627e-07
2.000000000000000000e+00
9.775196518967826931e-06
3.000000000000000000e+00
9.716726773376441195e-05
4.000000000000000000e+00
2.588212786291954615e-05
4.000000000000000000e+00
2.971967216547355406e-06
4.000000000000000000e+00
1.222833803604661540e-06
3.000000000000000000e+00
8.483993233854292271e-05
3.000000000000000000e+00
2.223046571853126707e-05
3.000000000000000000e+00
3.108756366870801813e-05
6.000000000000000000e+00
4.188066311910931816e-04
4.000000000000000000e+00
4.744612876923792744e-07
4.000000000000000000e+00
1.449710222599653875e-04
5.000000000000000000e+00
2.798955053355046182e-05
4.000000000000000000e+00
9.344277854036542666e-06
4.000000000000000000e+00
