2.224311943392288105e-01
1.500000000000000000e+01
5.477917675190974167e-02
7.000000000000000000e+00
3.203283616068802186e-01
1.010000000000000000e+02
5.065518717751152922e-01
1.010000000000000000e+02
2.881672245055940870e-03
3.000000000000000000e+00
1.673637159955915499e-01
3.000000000000000000e+00
7.041321833017489817e-01
1.010000000000000000e+02
6.523296948410581275e-02
4.000000000000000000e+00
5.676799255058934124e-02
1.300000000000000000e+01
4.960340903877465818e-02
3.000000000000000000e+00
4.711877464886948114e-02
1.000000000000000000e+00
4.262296069994588044e-02
1.000000000000000000e+00
7.054538873295244927e-02
1.000000000000000000e+00
5.787594248895847754e-02
3.000000000000000000e+00
2.453225691345567450e-02
5.000000000000000000e+00
9.546545261623970990e-01
1.010000000000000000e+02
7.303510423002872176e-02
1.300000000000000000e+01
5.693500764342930738e-04
7.000000000000000000e+00
8.924814030121816510e-02
1.010000000000000000e+02
1.097919344701760586e-01
1.000000000000000000e+00
9.444316107245380454e-02
1.200000000000000000e+01
4.563516154076256992e-01
1.010000000000000000e+02
1.904948917425200450e-02
6.000000000000000000e+00
3.528575716307209009e-01
1.010000000000000000e+02
2.968950264919831229e-04
1.000000000000000000e+00
2.382717659475192332e-02
1.000000000000000000e+00
2.513791277490092305e-02
1.000000000000000000e+00
1.628416907069533612e-02
1.000000000000000000e+00
1.897931085431764266e-07
1.000000000000000000e+00
5.260500111163522030e-05
1.000000000000000000e+00
3.234242300264038306e-02
4.000000000000000000e+00
7.586164935393426012e-02
1.000000000000000000e+00
1.501800261955410556e-05
1.000000000000000000e+00
5.728391951677152226e-04
1.000000000000000000e+00
9.053170422703993068e-07
1.000000000000000000e+00
1.425716636609251359e-05
1.000000000000000000e+00
2.317440907304580203e-02
1.000000000000000000e+00
1.577811324085885659e-03
1.000000000000000000e+00
1.608587488333154125e-01
1.010000000000000000e+02
3.361903758994364000e-02
4.000000000000000000e+00
2.339450504716212575e-01
1.000000000000000000e+00
2.702600332372580641e-02
1.000000000000000000e+00
2.117368644346173667e-01
1.000000000000000000e+00
2.530147961279028117e-03
1.000000000000000000e+00
8.425708565842484157e-05
1.000000000000000000e+00
1.835248975938768082e-02
1.000000000000000000e+00
3.652513453902075935e-02
1.000000000000000000e+00
2.021640944388726675e-05
1.000000000000000000e+00
1.158494728304813003e-07
1.000000000000000000e+00
3.735747548121170353e-02
1.000000000000000000e+00
5.960610795424410720e-05
1.000000000000000000e+00
6.246322110497336440e-03
1.000000000000000000e+00
5.691686898053174848e-02
1.000000000000000000e+00
1.430258735271535374e-02
1.000000000000000000e+00
3.817930471155804861e-01
1.000000000000000000e+00
1.458171595713899727e-04
1.000000000000000000e+00
4.396265969495719794e+00
5.000000000000000000e+00
2.309544307752077474e-01
1.000000000000000000e+00
3.979609457030499065e-01
1.010000000000000000e+02
5.667756094304958296e-03
1.000000000000000000e+00
3.859894157811178533e-02
1.000000000000000000e+00
1.428442854762709269e-01
1.000000000000000000e+00
5.927983107245102801e-01
1.000000000000000000e+00
4.572652073030096520e-02
1.000000000000000000e+00
2.964308480736140838e-01
1.000000000000000000e+00
7.116282080683111744e-01
1.010000000000000000e+02
6.353363396020832443e-01
1.010000000000000000e+02
7.294037874489668338e-01
7.800000000000000000e+01
6.132348750728447428e-03
1.000000000000000000e+00
2.531802924951214173e-01
1.000000000000000000e+00
8.506095288009563049e-01
1.010000000000000000e+02
2.657074294940459658e-01
1.000000000000000000e+00
1.073180515066430585e-01
1.000000000000000000e+00
1.820950812446485267e+00
1.010000000000000000e+02
1.831094551205615095e-01
1.000000000000000000e+00
9.057442495684517314e-02
1.000000000000000000e+00
3.601934817530103722e-03
5.000000000000000000e+00
6.613496541563525064e-08
1.000000000000000000e+00
2.478773003087725996e-02
1.000000000000000000e+00
1.441715620922843888e+00
5.000000000000000000e+00
3.228616079328340231e-07
1.000000000000000000e+00
4.495940603295907387e-08
1.000000000000000000e+00
6.183423290569302067e-01
1.000000000000000000e+00
4.587756448952155959e-04
1.000000000000000000e+00
4.438581093558672253e-01
1.000000000000000000e+00
4.643378050915803859e-10
1.000000000000000000e+00
4.141675537570354421e-02
1.000000000000000000e+00
4.049458166252618563e-01
1.000000000000000000e+00
2.108267620697088290e-08
1.000000000000000000e+00
8.713628303701161093e-02
1.000000000000000000e+00
2.725232643692788483e-03
1.000000000000000000e+00
1.157063797781296977e-01
1.000000000000000000e+00
2.881715586470421919e-01
1.000000000000000000e+00
5.689998035026130283e-05
1.000000000000000000e+00
1.547408373726465516e-02
1.000000000000000000e+00
2.023531640200125770e-01
1.000000000000000000e+00
2.918560193267865852e-03
1.000000000000000000e+00
1.680866275830602760e-02
1.000000000000000000e+00
3.096582451409134098e-03
1.000000000000000000e+00
4.992839312813305286e-01
1.000000000000000000e+00
