-1.042171355305371999e-02
0.000000000000000000e+00
-1.049326316751282746e-02
0.000000000000000000e+00
-1.048826092974911028e-02
0.000000000000000000e+00
-5.242122703906266709e-03
0.000000000000000000e+00
-1.747351420972428904e-02
0.000000000000000000e+00
-1.739253816316226053e-02
0.000000000000000000e+00
-1.715405390944111860e-02
0.000000000000000000e+00
-4.058660650228845118e-03
0.000000000000000000e+00
-4.324948721684267368e-03
0.000000000000000000e+00
-3.755330225886882416e-03
0.000000000000000000e+00
-3.752016713877362551e-03
0.000000000000000000e+00
-4.795798501216988474e-03
0.000000000000000000e+00
-5.343030378600827253e-03
0.000000000000000000e+00
-6.660470932072085407e-05
0.000000000000000000e+00
-2.339920423462093352e-04
0.000000000000000000e+00
-2.657052165867791220e-05
0.000000000000000000e+00
-2.477964377501103935e-06
0.000000000000000000e+00
-1.318595509831139913e-04
0.000000000000000000e+00
-1.264900194008314902e-04
0.000000000000000000e+00
-4.095657074532126833e-04
0.000000000000000000e+00
-4.660822495156431060e-04
0.000000000000000000e+00
-1.555286484900754671e-05
0.000000000000000000e+00
-1.995706007786154403e-03
0.000000000000000000e+00
-2.006239816406796706e-03
0.000000000000000000e+00
-1.972079952411981592e-03
0.000000000000000000e+00
-2.234339567345830155e-03
0.000000000000000000e+00
-2.461956544918124899e-03
0.000000000000000000e+00
-2.560901340706623480e-03
0.000000000000000000e+00
-2.308144768132549141e-03
0.000000000000000000e+00
-2.304216919443834860e-03
0.000000000000000000e+00
-2.303806940428987111e-03
0.000000000000000000e+00
-2.359432806461532819e-03
0.000000000000000000e+00
-3.476556157746486884e-03
0.000000000000000000e+00
-4.461757920015429514e-03
0.000000000000000000e+00
-3.704064864427059414e-03
0.000000000000000000e+00
-3.691585589414177020e-03
0.000000000000000000e+00
-3.383197112912308090e-03
0.000000000000000000e+00
-7.915364781049161365e-04
0.000000000000000000e+00
-7.412307685631257421e-04
0.000000000000000000e+00
-7.290602905750312836e-04
0.000000000000000000e+00
-7.275402999855207350e-04
0.000000000000000000e+00
-1.285987489509861402e-03
0.000000000000000000e+00
-1.284850166595153395e-03
0.000000000000000000e+00
-3.102272149371585949e-03
0.000000000000000000e+00
-3.089128891276003101e-03
0.000000000000000000e+00
-3.158347847058098727e-03
0.000000000000000000e+00
-1.798203899258650137e-03
0.000000000000000000e+00
-1.809257793051409361e-03
0.000000000000000000e+00
-1.779036227155741598e-03
0.000000000000000000e+00
-1.755616080117315984e-03
0.000000000000000000e+00
-1.457123720902868055e-03
0.000000000000000000e+00
-1.133239615856071296e-03
0.000000000000000000e+00
-1.727859425929682575e-03
0.000000000000000000e+00
-1.200411542188380967e-03
0.000000000000000000e+00
-7.718787640911613668e-04
0.000000000000000000e+00
-6.452977876298948701e-04
0.000000000000000000e+00
-5.872428587803868363e-04
0.000000000000000000e+00
-7.518667829583267678e-05
0.000000000000000000e+00
-1.469634262591559280e-05
0.000000000000000000e+00
-2.549310342686538080e-05
0.000000000000000000e+00
-2.581840109452862898e-05
0.000000000000000000e+00
-2.799596475546557110e-04
0.000000000000000000e+00
-4.070337531017977789e-05
0.000000000000000000e+00
-1.170064001980345972e-05
0.000000000000000000e+00
-8.204275474492907241e-06
0.000000000000000000e+00
-2.640635469298548694e-05
0.000000000000000000e+00
-7.050995055043867961e-05
0.000000000000000000e+00
-8.823409883800816759e-05
0.000000000000000000e+00
-1.944340914100109376e-04
0.000000000000000000e+00
-1.343432542553397752e-04
0.000000000000000000e+00
-8.728166708236018265e-05
0.000000000000000000e+00
-2.689215102869388729e-05
0.000000000000000000e+00
-2.812006573243178873e-06
0.000000000000000000e+00
-6.157196356121690697e-06
0.000000000000000000e+00
-9.078307583056059575e-05
0.000000000000000000e+00
-3.496877889826067879e-04
0.000000000000000000e+00
-3.528243359086154934e-04
0.000000000000000000e+00
-3.524542270620721987e-04
0.000000000000000000e+00
-3.569028546897260899e-04
0.000000000000000000e+00
-1.434357129688916869e-04
0.000000000000000000e+00
-2.173994940052345159e-04
0.000000000000000000e+00
-1.925075814760829872e-04
0.000000000000000000e+00
-1.976446831094583428e-04
0.000000000000000000e+00
-1.674205571264026759e-04
0.000000000000000000e+00
-3.442108980326323737e-04
0.000000000000000000e+00
-3.608093809994809007e-04
0.000000000000000000e+00
-3.689814986367343300e-04
0.000000000000000000e+00
-8.362156295138134347e-05
0.000000000000000000e+00
-1.739883832837837009e-04
0.000000000000000000e+00
-1.934460538089167450e-04
0.000000000000000000e+00
-8.292469898813173315e-05
0.000000000000000000e+00
-5.825751423740137405e-05
0.000000000000000000e+00
-4.965773809195189221e-05
0.000000000000000000e+00
-1.275889694914138651e-04
0.000000000000000000e+00
-1.356980139355532466e-04
0.000000000000000000e+00
-1.039409821926729486e-04
0.000000000000000000e+00
-1.131472259565148168e-04
0.000000000000000000e+00
-8.149817538436447293e-05
0.000000000000000000e+00
-5.880023603850314135e-05
0.000000000000000000e+00
-5.681974349958362889e-05
0.000000000000000000e+00
-5.426732188769094081e-05
0.000000000000000000e+00
