1.534807139971364531e+00
9.495155591705387366e+00
5.395652174513791124e+02
5.934982863102796813e+01
1.603618502282844749e-01
1.336241411107469856e+00
7.644545605277290878e-01
1.443069759500989176e-04
2.222207237808285936e+04
4.657036720152285625e+02
5.465267640328857851e+03
2.518736261106982255e+01
2.920607736936032747e-02
3.702435067166192972e+00
4.621706576043310406e+02
1.788210558337389455e-01
2.893198647999523643e-01
1.268305348306927538e+00
4.133725184278239873e+00
4.903826644974584176e-02
6.639135694094118190e-01
2.747481981802124551e-01
2.800271783115504398e-01
2.550569573477452501e+00
1.308327514185731122e+00
2.678535164609696153e+02
7.801365886809248362e-01
1.179588166021666922e+02
3.981637775999764983e+00
2.470920190930858240e+00
1.501305534429637234e+01
1.477595269972119786e+04
6.446712685266081655e-02
4.933050061059015071e-03
3.486105177283451440e+01
7.316234566096133562e+01
4.727668864830732176e-02
1.798080375986397073e+01
3.741282335520194291e+00
1.127084734587539714e+02
7.795776827236536310e-02
8.295326000960746580e-06
1.341378051483791464e-03
4.035479646786690089e-04
6.838944185165753531e+00
9.025173788104419231e-04
3.239855309994664522e-04
5.281089066577044377e+02
9.677329764545208532e-03
1.134904144784455227e+00
1.587868944937530821e-04
7.652156401153654801e-03
1.989621939722138677e+02
4.035418963972855458e-04
5.591966358771744439e+01
1.360505974634011392e-02
5.292196480954635129e-01
4.250263472755369466e-04
6.611271151775466137e+01
9.796519079063937596e+00
6.240211667224931702e+00
5.608342754254903861e-03
6.383009262801562222e-01
1.750530732230190512e-02
9.439593666129147209e+01
2.579507829221555859e+00
4.360348948178551648e-02
4.221159391460042876e-02
5.673078141206159941e+00
1.256713353523427514e+02
6.357496067086331089e-03
8.998384077053421493e+01
3.221386547513341997e-02
1.773701847786357888e+01
1.489316723789501751e+01
1.202015619517418367e-04
4.339565405382421193e-01
1.332147997278499361e+02
1.248569333139454685e+01
7.157822519048920307e-02
5.176687378610052015e+00
1.506909122457307681e+00
1.599540639695227334e-02
8.897182442318440909e-01
4.077429138968688416e-02
6.435766464633114851e-03
5.798185794470280902e-05
3.828602490415783377e-02
9.951945655472842212e-02
5.801308641564295385e+02
2.777393248994611152e+00
3.140892851097188965e-01
1.211262538458549899e-02
1.312597580977861789e+01
8.221897365203532093e-01
4.799313432145892178e-02
1.608677270205814301e-03
3.464758047880522190e-02
7.715987305201313928e-01
1.465222792786181838e+00
6.953127991634865937e-04
3.736255304713844705e-01
1.806569172408891311e-04
6.316573749679656877e-06
3.684182659414355632e-01
7.321466805996118543e-01
5.487996755981778563e+01
7.300237038795724231e+01
1.195463501586861571e-01
2.560326886770376668e-03
7.018533750617851119e+00
4.453699429232712248e+01
3.051303404372947021e-03
3.652999879643416964e-02
1.593290363136937865e-02
4.042720549358235758e+02
5.752922105837996944e-03
1.602135260954089951e-02
5.540073406755415597e+00
5.200358114245495766e-01
8.064188800278474289e+00
2.471188786624755274e+00
1.581178491259094526e-03
7.774792041520337094e+00
1.667744496588379280e-04
2.553004276848376275e-01
2.434598648364663942e-01
1.394965292607620866e-01
1.191257313453738739e-02
2.247917730810948811e-01
