-1.668040973461563103e+00 9.964398269133619701e-01
2.224393837064258861e+00 7.124212708765678137e-01
-1.759685067963441485e+00 5.914424321903989645e-02
2.511665447627529524e+00 -3.633108784819173986e-01
-6.953286723102536371e-02 3.288842934110075035e-03
6.704631774158742452e-01 -1.059304420574232186e-01
1.595447138881893601e+00 7.930533194619697746e-01
1.105079272376592314e-01 -6.315716297922154832e-01
-1.219196990542668280e+00 -6.194908485759347515e-03
-1.873672628032490239e+00 -1.010676118092446729e-01
-2.515552387410751045e+00 -5.230815085185874097e-02
1.430641777193820019e+00 2.492176585649075737e-01
-3.521446626242816791e-01 1.976600910424985147e-01
-2.050140793724092525e+00 1.334848574241581876e+00
2.279622187207673178e+00 -8.687560627763551979e-02
-1.355481228046652165e+00 1.561532293448890441e+00
-5.145898855136921135e-01 -3.058530211666308229e-01
-1.223520403598112205e+00 -4.777314172782125556e-01
7.727274532769001780e-01 1.007381887528521064e-01
4.790268611372701102e-01 3.554384723493521081e-01
5.995751797499253577e-01 2.696124064467009807e-01
-1.405085294786956540e+00 1.291963383387963127e+00
-1.291884716151817214e+00 1.139342978825284236e+00
-1.478470765357275063e+00 4.944403981210882537e-01
-1.034616313867595450e+00 -3.363362591365529064e-01
-2.135014196079477067e+00 -1.006143463071082766e-01
-2.006322832792394095e+00 1.413398017921783767e+00
2.783583174407651128e+00 2.212541228509997127e-01
2.761360291714162862e+00 -1.310773133379745659e+00
-1.869512066424388941e+00 -6.895652320481809872e-01
2.790986464056490757e+00 7.627627885023684495e-01
-2.999386740751694980e+00 -4.795169648901559389e-02
6.335186687067931866e-01 -1.083609189418292651e+00
-3.819433779818369179e-01 -7.960952020805506235e-01
6.409183212982165756e-01 2.167276913882631995e-02
-3.000000000000001332e+00 -4.050298630205942940e-01
4.437582279490944193e-01 4.962797078282867314e-01
-3.000000000000000000e+00 -1.165344289542681988e+00
1.741554065096439174e+00 -6.729686924954645377e-01
3.000000000000000000e+00 -4.428160969817444004e-01
9.440767100031821624e-01 1.060391281160859789e+00
1.185992727949232994e-01 -9.351279270720559422e-01
-7.159378867638690469e-01 2.035482905591862401e+00
9.596684823047850477e-02 -1.844483713336394770e-01
-7.351211335973979466e-01 -5.714549773962961793e-02
2.949610535717976378e-01 -1.077669637266998492e+00
3.478824835271441818e-01 1.921320118739876071e+00
-7.934356665394736163e-01 -9.198091209483793412e-03
-6.981023620860998813e-01 -1.829052573596500642e+00
1.299846747315831941e+00 7.423720368672955816e-01
-1.776683956356027716e-01 1.394410419605370377e+00
-5.271588245255681704e-01 1.973978502060823148e+00
-3.000000000000000444e+00 2.056648104155009982e-01
2.149906918254085586e-01 1.217779162028890250e+00
-2.060387530744336004e+00 -2.101856267034963033e-01
-6.621989276562839644e-01 -1.451516864461673162e+00
-2.565258196492505860e+00 1.000450695758138719e+00
1.510169456700151680e-01 -2.901076364598039747e-01
-2.949795829531341340e+00 5.711106831494647817e-01
1.971258356659296496e+00 -5.826229558985335233e-01
2.867977651063726707e+00 6.668225970917951440e-01
4.118632136905186480e-01 1.149321439189149752e+00
1.131240975615014577e+00 -3.923552589300738913e-01
-4.337669180704306626e-01 6.894300283749018599e-01
-2.859374196059845552e+00 2.058572090188499903e-01
-7.823577324078838657e-01 -1.346400526306281986e-01
3.770635975164350340e-01 1.384813983142074434e-01
1.129448379574278905e+00 -1.624532622090341327e+00
2.845399627384280539e+00 -8.716532373701296743e-01
2.977815982287137508e+00 -3.234773433116029939e-01
-8.961888708343300758e-01 -1.545887288686653260e+00
2.983448460737792463e+00 3.039805012964529873e-01
-3.378249670908382574e-01 -2.815373797521306676e-01
2.867405533262977091e+00 8.296816333218592909e-01
2.061104149718849143e+00 -5.806108128088346421e-01
3.103549301575056485e-01 -1.886015015762623204e+00
8.502170751193492970e-01 4.190672719368565557e-01
2.606368994419037577e+00 -2.837717635739269162e-01
4.712731677665527030e-01 3.610040279001243413e-02
-1.827454408151798770e-01 -4.231002649806328564e-02
1.156634416012904509e+00 1.303298168970698223e-01
1.007840717791830709e+00 -3.023325942787835618e-01
-2.984286374442947087e-01 2.685728031377802583e-01
-1.083790904519152498e+00 5.215112706295810252e-01
3.176728418911637930e-01 3.147346472312714249e-01
3.397223316988862152e-01 -3.528366607116453224e-01
1.594978578297911176e-01 -9.239572415014245532e-01
2.682302869571235315e-01 8.887906797708707007e-02
-7.846460146310074713e-01 -5.442475189543084513e-01
-8.097406378945625205e-01 9.606556446151704592e-03
-1.609238218077472915e+00 -5.319969862320665932e-01
-1.128968621756519797e+00 9.338505267219429085e-01
-2.974888523292001374e-01 -3.180686907146294540e-01
1.243045208546475600e+00 2.480609822071274118e-01
-1.085125574996785414e+00 6.378545939721702585e-01
-5.983901031076123145e-01 5.681107739118186339e-01
-3.314768976919432730e-01 1.097700608962849600e+00
6.238511269529626313e-01 -8.503673099160763416e-01
-1.691519880397927444e+00 -1.512388251204060063e+00
-8.920430108955210713e-01 4.405653867994656636e-01
-4.596005164838784518e-01 -1.640043299699725621e+00
-7.206837554929128586e-01 2.331622607668572267e-01
-3.550726036442794498e-01 -2.341902985197898968e+00
7.487817701275630011e-02 -5.582426346342901358e-01
8.221700408819053729e-01 2.876269771861210134e-01
6.399853990184815045e-01 -1.777292618379422151e-01
3.000000000000000000e+00 3.621858092223607106e-01
-2.927037791002471856e+00 3.177633176868249198e-01
-6.456190953131271115e-01 -5.895902810133725191e-01
-3.627617018298779361e-01 1.147025896958598690e+00
2.782636048483283275e+00 -9.618318011137041434e-01
-2.776452455185598467e+00 -7.226032621319995464e-01
-5.519358308568420579e-01 1.052126208255703910e+00
1.015678592933370261e+00 3.185332290754929296e+00
4.809487682356710647e-01 7.068726521034816024e-01
2.305588822776691416e+00 -8.398193963753206037e-02
-7.895311795340737016e-01 1.162272813894114742e+00
5.112803964785027633e-01 -3.489781869657021529e-01
-1.630998728358511451e+00 -3.270727101236749479e-01
-8.865806700337830470e-01 5.631029369745010893e-01
1.557185205407671580e+00 -5.166411501167078590e-01
-6.356953883504586900e-01 1.415393929687705221e-01
-1.101792791022719459e-01 -1.679525748454153700e-01
-1.177669093711477766e+00 2.216448716502678606e-01
3.210264139521993854e-01 -2.171092978827133813e+00
-3.578183907001181163e-01 1.313971827201736164e-01
1.208038681995018626e+00 -1.056208526783712243e+00
-1.023039545159087016e+00 1.693135126977495242e+00
-8.860825877685259977e-01 -2.285320458130153387e+00
7.753027323113873548e-01 6.349888751309850088e-01
