7.395962709015794709e-03
1.900000000000000000e+01
1.048001188065767180e-03
2.930000000000000000e+02
1.247926219604873245e-02
3.700000000000000000e+01
4.172432500997291099e-02
9.000000000000000000e+00
8.057363838104791842e-03
4.300000000000000000e+01
1.784863023469690198e-03
1.910000000000000000e+02
2.590899643832109134e-02
9.200000000000000000e+01
8.055119610211634168e-03
3.040000000000000000e+02
2.344991759817222077e-02
4.600000000000000000e+01
3.491440590979701802e-02
1.800000000000000000e+01
