-8.663400000000000034e+01
1.024820439999999944e-01
-1.699259999999999877e+02
2.581025239999999998e-01
-1.688569999999999993e+02
2.543105509999999958e-01
-4.663300000000000267e+01
7.239231099999998698e-02
-1.729569999999999936e+02
2.260051510000000152e-01
-6.356739999999999782e+02
8.657977240000001018e-01
-1.815010000000000048e+02
2.142019990000000040e-01
-2.366300000000000026e+01
3.600543100000000440e-02
-2.718299999999999983e+01
4.605351099999999837e-02
-3.399399999999999977e+01
6.116196399999999922e-02
-2.946399999999999864e+01
4.916470400000000351e-02
