1.178215406840998425e-03
9.800000000000000000e+01
5.846900230004268596e-03
6.600000000000000000e+01
5.942325492380002259e-03
1.270000000000000000e+02
1.132479399731652547e-03
4.500000000000000000e+01
3.868826893736679318e-02
1.100000000000000000e+01
5.764734121010387131e-03
7.800000000000000000e+01
2.239744037488012804e-02
4.200000000000000000e+01
1.156009487064733757e-03
5.200000000000000000e+01
1.175923957410559412e-03
4.900000000000000000e+01
8.464285860708332292e-04
3.500000000000000000e+01
8.055238678715732643e-04
3.400000000000000000e+01
