9.640000000000000000e+02 3.160000000000000000e+03 1.640000000000000000e+03 2.360000000000000000e+02
0.000000000000000000e+00 1.745000000000000000e+03 2.601000000000000000e+03 1.654000000000000000e+03
0.000000000000000000e+00 1.745000000000000000e+03 2.596000000000000000e+03 1.659000000000000000e+03
1.582000000000000000e+03 1.417000000000000000e+03 1.932000000000000000e+03 1.069000000000000000e+03
9.800000000000000000e+02 0.000000000000000000e+00 2.225000000000000000e+03 2.795000000000000000e+03
2.960000000000000000e+03 2.648000000000000000e+03 0.000000000000000000e+00 3.920000000000000000e+02
0.000000000000000000e+00 3.276000000000000000e+03 1.326000000000000000e+03 1.398000000000000000e+03
1.302000000000000000e+03 1.414000000000000000e+03 1.920000000000000000e+03 1.364000000000000000e+03
1.406000000000000000e+03 1.507000000000000000e+03 1.861000000000000000e+03 1.226000000000000000e+03
1.504000000000000000e+03 1.412000000000000000e+03 1.777000000000000000e+03 1.307000000000000000e+03
1.447000000000000000e+03 1.440000000000000000e+03 1.791000000000000000e+03 1.322000000000000000e+03
