1.500000000000000000e+03 1.500000000000000000e+03 1.500000000000000000e+03 1.500000000000000000e+03
6.990000000000000000e+02 2.124000000000000000e+03 6.830000000000000000e+02 2.494000000000000000e+03
1.205000000000000000e+03 1.496000000000000000e+03 2.028000000000000000e+03 1.271000000000000000e+03
1.209000000000000000e+03 9.180000000000000000e+02 6.690000000000000000e+02 3.204000000000000000e+03
1.228000000000000000e+03 7.150000000000000000e+02 3.154000000000000000e+03 9.030000000000000000e+02
1.654000000000000000e+03 2.096000000000000000e+03 2.249000000000000000e+03 1.000000000000000000e+00
3.884000000000000000e+03 4.780000000000000000e+02 7.890000000000000000e+02 8.490000000000000000e+02
0.000000000000000000e+00 1.913000000000000000e+03 2.385000000000000000e+03 1.702000000000000000e+03
1.815000000000000000e+03 1.290000000000000000e+03 2.894000000000000000e+03 1.000000000000000000e+00
1.420000000000000000e+02 0.000000000000000000e+00 2.601000000000000000e+03 3.257000000000000000e+03
2.587000000000000000e+03 3.042000000000000000e+03 0.000000000000000000e+00 3.710000000000000000e+02
2.153000000000000000e+03 0.000000000000000000e+00 1.563000000000000000e+03 2.284000000000000000e+03
0.000000000000000000e+00 1.069000000000000000e+03 2.581000000000000000e+03 2.350000000000000000e+03
2.068000000000000000e+03 1.857000000000000000e+03 0.000000000000000000e+00 2.075000000000000000e+03
0.000000000000000000e+00 1.843000000000000000e+03 5.680000000000000000e+02 3.589000000000000000e+03
