1.529822053789941377e-03
1.020000000000000000e+02
1.260545209807102532e-03
2.810000000000000000e+02
5.486028220256714341e-03
7.800000000000000000e+01
2.655626810671832608e-02
1.700000000000000000e+01
1.621982559660568174e-02
2.600000000000000000e+01
3.506894553858685981e-02
1.300000000000000000e+01
1.091387432445304912e-03
9.900000000000000000e+01
8.382711871623999694e-04
5.100000000000000000e+01
8.731063426973005625e-04
3.000000000000000000e+01
9.440592089110015845e-04
3.000000000000000000e+01
2.566406429668328069e-03
1.290000000000000000e+02
