4.120000000000000000e+02 1.625000000000000000e+03 6.800000000000000000e+01 3.895000000000000000e+03
7.500000000000000000e+02 3.460000000000000000e+02 1.281000000000000000e+03 3.623000000000000000e+03
2.634000000000000000e+03 3.049000000000000000e+03 3.150000000000000000e+02 2.000000000000000000e+00
1.225000000000000000e+03 3.940000000000000000e+03 8.340000000000000000e+02 1.000000000000000000e+00
1.249000000000000000e+03 4.184000000000000000e+03 5.650000000000000000e+02 2.000000000000000000e+00
1.953000000000000000e+03 6.570000000000000000e+02 3.389000000000000000e+03 1.000000000000000000e+00
1.345000000000000000e+03 1.687000000000000000e+03 1.111000000000000000e+03 1.857000000000000000e+03
1.235000000000000000e+03 1.546000000000000000e+03 1.759000000000000000e+03 1.460000000000000000e+03
1.241000000000000000e+03 1.545000000000000000e+03 1.758000000000000000e+03 1.456000000000000000e+03
1.253000000000000000e+03 1.534000000000000000e+03 1.742000000000000000e+03 1.471000000000000000e+03
0.000000000000000000e+00 4.166000000000000000e+03 1.511000000000000000e+03 3.230000000000000000e+02
