1.274193025539084373e-03
6.700000000000000000e+01
1.279692202086951582e-03
1.100000000000000000e+02
9.256919163930468113e-04
1.000000000000000000e+02
2.108336156032318727e-03
4.200000000000000000e+01
1.104623192909052120e-03
8.800000000000000000e+01
2.349904194260730994e-02
1.100000000000000000e+01
1.645050057394053600e-03
4.500000000000000000e+01
2.258039547450233896e-03
8.400000000000000000e+01
1.543981056595055074e-03
1.320000000000000000e+02
7.618087597651937437e-03
4.300000000000000000e+01
