-1.812779999999999916e+02
2.779667160000000026e-01
-3.549580000000000268e+02
4.571942360000000316e-01
-8.194799999999999329e+01
8.242729599999999712e-02
-8.445099999999999341e+01
9.574759900000000268e-02
-4.844499999999999886e+02
7.522794999999999899e-01
-3.332350000000000136e+02
4.048277750000000008e-01
-3.255629999999999882e+02
4.158000310000000144e-01
-3.623600000000000136e+02
4.114263999999999699e-01
-3.490099999999999909e+02
4.065599000000000296e-01
-3.014809999999999945e+02
5.221716390000000763e-01
