1.202803709522594876e-03
2.710000000000000000e+02
1.202582166447171801e-03
1.510000000000000000e+02
9.644732666299857835e-05
1.000000000000000000e+00
9.670096126295832503e-04
1.100000000000000000e+02
1.263100565807223847e-03
2.760000000000000000e+02
1.004469978125019586e-03
4.830000000000000000e+02
1.245445564903142899e-03
1.080000000000000000e+02
4.407708230605935154e-03
6.200000000000000000e+01
1.403616899108117537e-02
3.200000000000000000e+01
3.609148863416680730e-02
8.200000000000000000e+01
