1.500000000000000000e+03 1.500000000000000000e+03 1.500000000000000000e+03 1.500000000000000000e+03 3.510000000000000000e+02 3.700000000000000000e+02 3.720000000000000000e+02 3.530000000000000000e+02
2.050000000000000000e+03 1.044000000000000000e+03 1.212000000000000000e+03 1.694000000000000000e+03 3.600000000000000000e+02 3.700000000000000000e+02 2.810000000000000000e+02 3.570000000000000000e+02
8.710000000000000000e+02 7.260000000000000000e+02 2.958000000000000000e+03 1.445000000000000000e+03 3.120000000000000000e+02 3.360000000000000000e+02 2.860000000000000000e+02 3.650000000000000000e+02
1.021000000000000000e+03 2.139000000000000000e+03 2.148000000000000000e+03 6.920000000000000000e+02 3.560000000000000000e+02 3.790000000000000000e+02 3.610000000000000000e+02 3.670000000000000000e+02
6.370000000000000000e+02 9.550000000000000000e+02 1.537000000000000000e+03 2.871000000000000000e+03 3.430000000000000000e+02 3.290000000000000000e+02 3.400000000000000000e+02 3.560000000000000000e+02
1.163000000000000000e+03 2.700000000000000000e+01 1.863000000000000000e+03 2.947000000000000000e+03 3.450000000000000000e+02 3.560000000000000000e+02 3.400000000000000000e+02 3.630000000000000000e+02
3.411000000000000000e+03 3.040000000000000000e+02 5.380000000000000000e+02 1.747000000000000000e+03 3.450000000000000000e+02 3.560000000000000000e+02 3.400000000000000000e+02 3.630000000000000000e+02
7.730000000000000000e+02 3.570000000000000000e+02 6.400000000000000000e+01 4.806000000000000000e+03 3.450000000000000000e+02 3.560000000000000000e+02 3.400000000000000000e+02 3.630000000000000000e+02
8.300000000000000000e+02 2.873000000000000000e+03 1.352000000000000000e+03 9.450000000000000000e+02 3.460000000000000000e+02 3.570000000000000000e+02 3.400000000000000000e+02 3.630000000000000000e+02
7.960000000000000000e+02 2.450000000000000000e+03 3.100000000000000000e+01 2.723000000000000000e+03 3.450000000000000000e+02 3.560000000000000000e+02 3.400000000000000000e+02 3.630000000000000000e+02
1.264000000000000000e+03 9.250000000000000000e+02 3.465000000000000000e+03 3.460000000000000000e+02 3.450000000000000000e+02 3.480000000000000000e+02 3.380000000000000000e+02 3.590000000000000000e+02
8.200000000000000000e+02 3.724000000000000000e+03 8.260000000000000000e+02 6.300000000000000000e+02 3.420000000000000000e+02 3.570000000000000000e+02 3.400000000000000000e+02 3.630000000000000000e+02
3.682000000000000000e+03 1.402000000000000000e+03 4.700000000000000000e+02 4.460000000000000000e+02 3.450000000000000000e+02 3.560000000000000000e+02 3.400000000000000000e+02 3.630000000000000000e+02
8.490000000000000000e+02 1.591000000000000000e+03 2.000000000000000000e+02 3.360000000000000000e+03 3.450000000000000000e+02 3.560000000000000000e+02 3.400000000000000000e+02 3.630000000000000000e+02
1.419000000000000000e+03 2.104000000000000000e+03 1.506000000000000000e+03 9.710000000000000000e+02 3.490000000000000000e+02 3.660000000000000000e+02 3.490000000000000000e+02 3.650000000000000000e+02
