2.107874078405212910e-03
1.330000000000000000e+02
3.630898648644568637e-03
1.100000000000000000e+02
5.733420638536873906e-03
5.800000000000000000e+01
6.707759651623633294e-03
5.500000000000000000e+01
2.473308965021473252e-02
8.500000000000000000e+01
1.142878558010577798e-03
4.300000000000000000e+01
1.124500493167617052e-03
5.300000000000000000e+01
1.180679888803594759e-03
5.100000000000000000e+01
1.187385399840901494e-03
3.800000000000000000e+01
1.214683218114087160e-03
4.400000000000000000e+01
1.173476320078052507e-03
4.200000000000000000e+01
