2.847000000000000000e+03 0.000000000000000000e+00 5.240000000000000000e+02 2.629000000000000000e+03
2.326000000000000000e+03 0.000000000000000000e+00 3.080000000000000000e+02 3.366000000000000000e+03
1.668000000000000000e+03 1.791000000000000000e+03 2.539000000000000000e+03 2.000000000000000000e+00
1.645000000000000000e+03 1.798000000000000000e+03 2.555000000000000000e+03 2.000000000000000000e+00
0.000000000000000000e+00 1.696000000000000000e+03 1.303000000000000000e+03 3.001000000000000000e+03
1.190000000000000000e+03 1.125000000000000000e+03 1.535000000000000000e+03 2.150000000000000000e+03
1.201000000000000000e+03 1.093000000000000000e+03 1.560000000000000000e+03 2.146000000000000000e+03
1.175000000000000000e+03 1.094000000000000000e+03 1.604000000000000000e+03 2.127000000000000000e+03
1.174000000000000000e+03 1.094000000000000000e+03 1.604000000000000000e+03 2.128000000000000000e+03
1.160000000000000000e+03 1.060000000000000000e+03 1.610000000000000000e+03 2.170000000000000000e+03
1.157000000000000000e+03 1.058000000000000000e+03 1.612000000000000000e+03 2.173000000000000000e+03
