1.500000000000000000e+03 1.500000000000000000e+03 1.500000000000000000e+03 1.500000000000000000e+03 3.390000000000000000e+02 3.440000000000000000e+02 3.440000000000000000e+02 3.500000000000000000e+02
1.388000000000000000e+03 2.636000000000000000e+03 6.590000000000000000e+02 1.317000000000000000e+03 3.400000000000000000e+02 3.360000000000000000e+02 3.520000000000000000e+02 3.550000000000000000e+02
8.610000000000000000e+02 1.157000000000000000e+03 1.380000000000000000e+03 2.602000000000000000e+03 3.520000000000000000e+02 3.550000000000000000e+02 3.250000000000000000e+02 3.800000000000000000e+02
6.810000000000000000e+02 2.810000000000000000e+03 1.122000000000000000e+03 1.387000000000000000e+03 3.350000000000000000e+02 3.660000000000000000e+02 3.270000000000000000e+02 3.560000000000000000e+02
1.496000000000000000e+03 1.791000000000000000e+03 1.007000000000000000e+03 1.706000000000000000e+03 3.540000000000000000e+02 3.710000000000000000e+02 3.460000000000000000e+02 3.480000000000000000e+02
6.740000000000000000e+02 2.280000000000000000e+02 3.048000000000000000e+03 2.050000000000000000e+03 3.450000000000000000e+02 3.560000000000000000e+02 3.400000000000000000e+02 3.630000000000000000e+02
3.309000000000000000e+03 6.790000000000000000e+02 8.050000000000000000e+02 1.207000000000000000e+03 3.450000000000000000e+02 3.560000000000000000e+02 3.400000000000000000e+02 3.630000000000000000e+02
1.116000000000000000e+03 7.200000000000000000e+01 6.130000000000000000e+02 4.199000000000000000e+03 3.450000000000000000e+02 3.560000000000000000e+02 3.400000000000000000e+02 3.630000000000000000e+02
5.690000000000000000e+02 1.654000000000000000e+03 3.198000000000000000e+03 5.790000000000000000e+02 3.460000000000000000e+02 3.550000000000000000e+02 3.410000000000000000e+02 3.610000000000000000e+02
0.000000000000000000e+00 1.809000000000000000e+03 7.560000000000000000e+02 3.435000000000000000e+03 3.450000000000000000e+02 3.560000000000000000e+02 3.400000000000000000e+02 3.630000000000000000e+02
1.307000000000000000e+03 9.510000000000000000e+02 1.750000000000000000e+03 1.992000000000000000e+03 3.440000000000000000e+02 3.560000000000000000e+02 3.420000000000000000e+02 3.610000000000000000e+02
2.195000000000000000e+03 2.791000000000000000e+03 6.690000000000000000e+02 3.450000000000000000e+02 3.430000000000000000e+02 3.490000000000000000e+02 3.440000000000000000e+02 3.610000000000000000e+02
1.148000000000000000e+03 3.918000000000000000e+03 5.900000000000000000e+02 3.440000000000000000e+02 3.430000000000000000e+02 3.400000000000000000e+02 3.500000000000000000e+02 3.500000000000000000e+02
1.426000000000000000e+03 2.622000000000000000e+03 7.490000000000000000e+02 1.203000000000000000e+03 3.390000000000000000e+02 3.330000000000000000e+02 3.540000000000000000e+02 3.540000000000000000e+02
7.170000000000000000e+02 3.026000000000000000e+03 1.914000000000000000e+03 3.430000000000000000e+02 3.410000000000000000e+02 3.610000000000000000e+02 3.420000000000000000e+02 3.640000000000000000e+02
