1.487660160964733753e-03
3.600000000000000000e+01
8.524024774661860022e-06
1.000000000000000000e+00
1.484456433872001794e-03
1.100000000000000000e+01
1.141562626615831967e-03
3.850000000000000000e+02
1.230061012734094119e-03
2.640000000000000000e+02
4.527209120703569456e-03
6.180000000000000000e+02
3.359044464762569321e-02
2.000000000000000000e+01
2.277638382989180966e-03
3.000000000000000000e+01
3.584383216531625976e-03
2.290000000000000000e+02
1.145792704671856751e-03
2.240000000000000000e+02
