1.321660664805626023e-03
4.300000000000000000e+01
1.493763213243883437e-03
3.900000000000000000e+01
1.444680081955853398e-03
2.200000000000000000e+01
1.155061185513107675e-03
2.530000000000000000e+02
1.485941441691541152e-03
3.900000000000000000e+01
2.003361910036863605e-02
2.600000000000000000e+01
4.413146671129185815e-03
2.300000000000000000e+01
1.656509483449284748e-03
1.560000000000000000e+02
1.507487299437476830e-03
1.880000000000000000e+02
1.499553945860740683e-03
4.500000000000000000e+01
2.897721938950055098e-03
3.970000000000000000e+02
