-7.160699999999999932e+01
1.162785510000000078e-01
-2.557940000000000111e+02
4.080055639999999872e-01
-1.312199999999999989e+02
2.315535999999999983e-01
-4.237289999999999850e+02
6.361835590000000096e-01
-2.395629999999999882e+02
3.975140310000000454e-01
-2.487800000000000011e+02
4.206456000000000084e-01
-1.658399999999999963e+01
2.731094400000000019e-02
-1.388830000000000098e+02
1.958273110000000039e-01
-3.330269999999999868e+02
5.349502709999999217e-01
-2.583050000000000068e+02
4.099539749999999705e-01
-5.612490000000000236e+02
7.951929990000000670e-01
