1.655000000000000000e+03 1.893000000000000000e+03 1.772000000000000000e+03 6.800000000000000000e+02
2.376000000000000000e+03 1.332000000000000000e+03 1.754000000000000000e+03 5.380000000000000000e+02
1.924000000000000000e+03 1.222000000000000000e+03 2.330000000000000000e+03 5.240000000000000000e+02
6.910000000000000000e+02 4.070000000000000000e+02 4.122000000000000000e+03 7.800000000000000000e+02
3.820000000000000000e+02 1.608000000000000000e+03 4.630000000000000000e+02 3.547000000000000000e+03
1.415000000000000000e+03 1.087000000000000000e+03 3.497000000000000000e+03 1.000000000000000000e+00
1.241000000000000000e+03 1.385000000000000000e+03 1.196000000000000000e+03 2.178000000000000000e+03
0.000000000000000000e+00 1.460000000000000000e+03 2.288000000000000000e+03 2.252000000000000000e+03
6.610000000000000000e+02 2.387000000000000000e+03 9.900000000000000000e+01 2.853000000000000000e+03
1.340000000000000000e+02 1.166000000000000000e+03 1.082000000000000000e+03 3.618000000000000000e+03
2.499000000000000000e+03 1.830000000000000000e+03 0.000000000000000000e+00 1.671000000000000000e+03
