1.500000000000000000e+03 1.500000000000000000e+03 1.500000000000000000e+03 1.500000000000000000e+03
2.059000000000000000e+03 6.940000000000000000e+02 1.869000000000000000e+03 1.378000000000000000e+03
1.146000000000000000e+03 8.920000000000000000e+02 2.139000000000000000e+03 1.823000000000000000e+03
6.180000000000000000e+02 2.717000000000000000e+03 6.750000000000000000e+02 1.990000000000000000e+03
8.000000000000000000e+02 1.455000000000000000e+03 2.265000000000000000e+03 1.480000000000000000e+03
1.418000000000000000e+03 2.727000000000000000e+03 6.700000000000000000e+02 1.185000000000000000e+03
1.087000000000000000e+03 9.050000000000000000e+02 1.196000000000000000e+03 2.812000000000000000e+03
2.661000000000000000e+03 1.209000000000000000e+03 1.567000000000000000e+03 5.630000000000000000e+02
4.240000000000000000e+02 2.496000000000000000e+03 2.759000000000000000e+03 3.210000000000000000e+02
2.850000000000000000e+02 1.002000000000000000e+03 3.854000000000000000e+03 8.590000000000000000e+02
0.000000000000000000e+00 2.412000000000000000e+03 2.527000000000000000e+03 1.061000000000000000e+03
1.623000000000000000e+03 1.356000000000000000e+03 3.019000000000000000e+03 2.000000000000000000e+00
2.027000000000000000e+03 7.570000000000000000e+02 1.022000000000000000e+03 2.194000000000000000e+03
0.000000000000000000e+00 1.717000000000000000e+03 1.927000000000000000e+03 2.356000000000000000e+03
6.180000000000000000e+02 3.853000000000000000e+03 1.006000000000000000e+03 5.230000000000000000e+02
