9.548466495655708996e-04
9.800000000000000000e+01
1.179084509843753752e-03
1.650000000000000000e+02
8.797856418677429263e-03
2.900000000000000000e+01
5.872966278456108295e-03
6.100000000000000000e+01
8.934265683027659000e-03
1.320000000000000000e+02
5.314296611719763856e-03
6.300000000000000000e+01
1.235695461835152132e-03
2.500000000000000000e+02
1.294785504200287284e-02
5.100000000000000000e+01
1.199846418071455131e-03
1.170000000000000000e+02
3.407887371079914435e-02
8.000000000000000000e+00
1.098915072543168959e-03
6.100000000000000000e+01
