-3.049920000000000186e+02
3.462919360000000224e-01
-8.318800000000000239e+01
9.027465599999999479e-02
-5.722419999999999618e+02
8.637634359999999401e-01
-2.377199999999999989e+02
4.026115999999999584e-01
-3.336410000000000196e+02
4.791681190000000035e-01
-1.805620000000000118e+02
1.963641560000000119e-01
-8.079999999999999716e+01
7.848800000000000221e-02
-1.807299999999999898e+02
2.112411000000000150e-01
-5.669100000000000250e+01
7.547951899999999492e-02
-9.918999999999999773e+01
1.749179000000000150e-01
-4.689600000000000080e+01
7.303918400000000699e-02
