1.111761111506406061e-03
1.450000000000000000e+02
1.709265646981737675e-03
2.720000000000000000e+02
1.213899374996560768e-03
3.020000000000000000e+02
1.627794917993895003e-07
1.000000000000000000e+00
4.461577184657058298e-03
1.120000000000000000e+02
6.164333595649867242e-03
1.680000000000000000e+02
4.779409692060973720e-03
4.300000000000000000e+01
1.149830004159286103e-03
1.530000000000000000e+02
7.559767630212028619e-03
1.020000000000000000e+02
3.250523138142290269e-02
1.000000000000000000e+01
