1.500000000000000000e+03 1.500000000000000000e+03 1.500000000000000000e+03 1.500000000000000000e+03
2.197000000000000000e+03 1.434000000000000000e+03 1.364000000000000000e+03 1.005000000000000000e+03
2.144000000000000000e+03 5.270000000000000000e+02 1.986000000000000000e+03 1.343000000000000000e+03
9.940000000000000000e+02 2.123000000000000000e+03 1.646000000000000000e+03 1.237000000000000000e+03
1.562000000000000000e+03 1.358000000000000000e+03 1.203000000000000000e+03 1.877000000000000000e+03
4.430000000000000000e+02 7.920000000000000000e+02 1.005000000000000000e+03 3.760000000000000000e+03
1.611000000000000000e+03 3.876000000000000000e+03 5.120000000000000000e+02 1.000000000000000000e+00
2.730000000000000000e+02 8.920000000000000000e+02 3.788000000000000000e+03 1.047000000000000000e+03
3.938000000000000000e+03 5.320000000000000000e+02 5.340000000000000000e+02 9.960000000000000000e+02
1.487000000000000000e+03 5.810000000000000000e+02 0.000000000000000000e+00 3.932000000000000000e+03
1.246000000000000000e+03 0.000000000000000000e+00 2.739000000000000000e+03 2.015000000000000000e+03
3.093000000000000000e+03 1.342000000000000000e+03 1.563000000000000000e+03 2.000000000000000000e+00
1.530000000000000000e+02 3.816000000000000000e+03 7.310000000000000000e+02 1.300000000000000000e+03
8.890000000000000000e+02 3.820000000000000000e+03 0.000000000000000000e+00 1.291000000000000000e+03
1.229000000000000000e+03 1.117000000000000000e+03 3.653000000000000000e+03 1.000000000000000000e+00
