1.221198142810672954e-03
8.000000000000000000e+01
1.021631729796396550e-03
5.400000000000000000e+01
9.364319739358489001e-04
3.800000000000000000e+01
9.449747527569396901e-04
3.700000000000000000e+01
1.065449916461268199e-03
3.600000000000000000e+01
9.305817728783133099e-04
3.700000000000000000e+01
2.140400938409003050e-03
3.300000000000000000e+01
9.264969739314667932e-04
3.600000000000000000e+01
2.148604472625444562e-03
3.300000000000000000e+01
9.474262843934583463e-04
3.000000000000000000e+01
8.700798799776516754e-04
3.400000000000000000e+01
