1.300490397032852624e-03
6.200000000000000000e+01
1.081281388000299550e-03
1.260000000000000000e+02
1.112904656437098535e-03
1.410000000000000000e+02
4.157574531731087798e-03
2.700000000000000000e+01
1.102537580584610774e-03
7.000000000000000000e+01
1.115167304627396249e-03
6.100000000000000000e+01
1.128801811109583601e-03
1.520000000000000000e+02
6.229083475961246820e-03
7.800000000000000000e+01
1.301475224173246070e-01
1.000000000000000000e+01
1.072372452874982129e-03
1.140000000000000000e+02
