-7.488100000000000023e+01
8.609883900000001034e-02
-3.676500000000000057e+01
5.000577500000000231e-02
-1.559699999999999953e+01
2.277859099999999734e-02
-1.501900000000000013e+01
2.261263899999999688e-02
-1.483099999999999952e+01
2.265443899999999844e-02
-1.531600000000000072e+01
2.431214399999999734e-02
-1.530400000000000027e+01
2.435158400000000251e-02
-1.511400000000000077e+01
2.476100399999999965e-02
-1.607199999999999918e+01
2.373681599999999739e-02
-2.154899999999999949e+01
3.227559900000000204e-02
-1.875000000000000000e+01
2.867150000000000254e-02
