1.500000000000000000e+03 1.500000000000000000e+03 1.500000000000000000e+03 1.500000000000000000e+03 3.710000000000000000e+02 3.380000000000000000e+02 3.250000000000000000e+02 3.540000000000000000e+02
1.113000000000000000e+03 1.008000000000000000e+03 9.530000000000000000e+02 2.926000000000000000e+03 3.330000000000000000e+02 3.360000000000000000e+02 3.680000000000000000e+02 3.980000000000000000e+02
1.259000000000000000e+03 1.918000000000000000e+03 5.930000000000000000e+02 2.230000000000000000e+03 3.530000000000000000e+02 3.790000000000000000e+02 3.410000000000000000e+02 3.720000000000000000e+02
1.904000000000000000e+03 7.990000000000000000e+02 2.144000000000000000e+03 1.153000000000000000e+03 3.850000000000000000e+02 3.370000000000000000e+02 3.140000000000000000e+02 3.640000000000000000e+02
6.580000000000000000e+02 5.430000000000000000e+02 3.699000000000000000e+03 1.100000000000000000e+03 3.670000000000000000e+02 3.630000000000000000e+02 3.560000000000000000e+02 3.620000000000000000e+02
2.333000000000000000e+03 1.693000000000000000e+03 9.510000000000000000e+02 1.023000000000000000e+03 3.520000000000000000e+02 3.510000000000000000e+02 3.360000000000000000e+02 3.600000000000000000e+02
2.730000000000000000e+02 2.283000000000000000e+03 1.764000000000000000e+03 1.680000000000000000e+03 3.470000000000000000e+02 3.550000000000000000e+02 3.390000000000000000e+02 3.620000000000000000e+02
5.140000000000000000e+02 3.633000000000000000e+03 2.190000000000000000e+02 1.634000000000000000e+03 3.450000000000000000e+02 3.560000000000000000e+02 3.400000000000000000e+02 3.630000000000000000e+02
7.280000000000000000e+02 2.854000000000000000e+03 2.070000000000000000e+03 3.480000000000000000e+02 3.460000000000000000e+02 3.550000000000000000e+02 3.390000000000000000e+02 3.620000000000000000e+02
2.708000000000000000e+03 4.200000000000000000e+01 7.840000000000000000e+02 2.466000000000000000e+03 3.450000000000000000e+02 3.550000000000000000e+02 3.400000000000000000e+02 3.630000000000000000e+02
1.810000000000000000e+02 1.527000000000000000e+03 8.700000000000000000e+01 4.205000000000000000e+03 3.440000000000000000e+02 3.560000000000000000e+02 3.400000000000000000e+02 3.630000000000000000e+02
6.400000000000000000e+01 6.000000000000000000e+00 2.286000000000000000e+03 3.644000000000000000e+03 3.440000000000000000e+02 3.560000000000000000e+02 3.400000000000000000e+02 3.630000000000000000e+02
1.071000000000000000e+03 1.828000000000000000e+03 9.020000000000000000e+02 2.199000000000000000e+03 3.520000000000000000e+02 3.750000000000000000e+02 3.410000000000000000e+02 3.710000000000000000e+02
1.436000000000000000e+03 1.436000000000000000e+03 1.500000000000000000e+03 1.628000000000000000e+03 3.700000000000000000e+02 3.380000000000000000e+02 3.340000000000000000e+02 3.580000000000000000e+02
7.800000000000000000e+01 1.172000000000000000e+03 2.588000000000000000e+03 2.162000000000000000e+03 3.450000000000000000e+02 3.560000000000000000e+02 3.400000000000000000e+02 3.630000000000000000e+02
