4.213546007186811521e-02
1.700000000000000000e+01
1.046256477294695919e-03
6.500000000000000000e+01
1.251910210515361395e-03
1.190000000000000000e+02
1.167472467224737109e-03
1.730000000000000000e+02
1.045189086653273503e-03
6.700000000000000000e+01
1.161562518256539778e-03
9.400000000000000000e+01
1.167190591293144029e-03
1.360000000000000000e+02
5.348619183926869858e-02
9.000000000000000000e+00
1.156425784518929625e-03
1.240000000000000000e+02
1.222391201474436065e-03
1.380000000000000000e+02
