1.317760119915233194e-03
1.100000000000000000e+02
1.100083069908190311e-03
5.000000000000000000e+01
1.101884930283173001e-03
5.100000000000000000e+01
1.335406849960258996e-03
6.500000000000000000e+01
1.524778594097654649e-02
1.600000000000000000e+01
1.020537996890699293e-03
3.000000000000000000e+01
9.932702533652277600e-04
4.000000000000000000e+01
1.066363889546732575e-03
2.800000000000000000e+01
2.931707624771338894e-02
3.500000000000000000e+01
1.058335269999014774e-03
3.000000000000000000e+01
9.685687220841238858e-04
3.400000000000000000e+01
