1.387000000000000000e+03 1.736000000000000000e+03 7.890000000000000000e+02 2.088000000000000000e+03
8.060000000000000000e+02 2.249000000000000000e+03 1.480000000000000000e+03 1.465000000000000000e+03
8.020000000000000000e+02 2.254000000000000000e+03 1.485000000000000000e+03 1.459000000000000000e+03
8.210000000000000000e+02 2.084000000000000000e+03 1.959000000000000000e+03 1.136000000000000000e+03
6.880000000000000000e+02 7.900000000000000000e+02 4.521000000000000000e+03 1.000000000000000000e+00
1.099000000000000000e+03 1.785000000000000000e+03 1.694000000000000000e+03 1.422000000000000000e+03
1.125000000000000000e+03 1.769000000000000000e+03 1.669000000000000000e+03 1.437000000000000000e+03
1.165000000000000000e+03 1.783000000000000000e+03 1.636000000000000000e+03 1.416000000000000000e+03
0.000000000000000000e+00 4.280000000000000000e+02 2.721000000000000000e+03 2.851000000000000000e+03
1.126000000000000000e+03 1.772000000000000000e+03 1.663000000000000000e+03 1.439000000000000000e+03
1.119000000000000000e+03 1.772000000000000000e+03 1.663000000000000000e+03 1.446000000000000000e+03
