-2.889600000000000080e+01
4.528918399999998928e-02
-4.910799999999999699e+01
6.311433599999999311e-02
-4.984499999999999886e+01
6.452097500000000818e-02
-4.710900000000000176e+01
5.954711900000000252e-02
-4.669080000000000155e+02
5.830375359999999674e-01
-2.814999999999999858e+01
4.121949999999999920e-02
-2.685399999999999920e+01
4.191468400000000066e-02
-2.781099999999999994e+01
4.195927900000000210e-02
-2.471630000000000109e+02
4.040884309999999702e-01
-2.682400000000000162e+01
3.905902399999999774e-02
-2.627199999999999847e+01
3.835201600000000266e-02
