9.806691064789801321e-04
7.600000000000000000e+01
1.191832771842075804e-03
4.520000000000000000e+02
1.175433417317511310e-03
4.760000000000000000e+02
9.911199828776933243e-03
3.200000000000000000e+01
2.285008825709864203e-02
2.500000000000000000e+01
1.222670705222014820e-03
2.900000000000000000e+01
1.100154500045328818e-03
2.800000000000000000e+01
1.000309912867889794e-03
5.500000000000000000e+01
9.886877927335927744e-04
3.800000000000000000e+01
8.916550230510663592e-04
2.500000000000000000e+01
1.050984170988788699e-03
2.400000000000000000e+01
