1.057858110450930148e-03
7.100000000000000000e+01
9.177014378560507208e-04
7.600000000000000000e+01
9.105322417804355460e-04
2.200000000000000000e+01
1.168393676009222334e-03
3.900000000000000000e+01
9.720327382055488335e-04
6.800000000000000000e+01
2.232214900207140501e-02
6.000000000000000000e+00
4.884066516108471340e-02
1.700000000000000000e+01
1.942934311707169735e-03
4.200000000000000000e+01
1.708714574757210641e-02
2.200000000000000000e+01
2.003767052414820102e-02
3.000000000000000000e+01
