-4.084499999999999886e+01
7.596897499999999415e-02
-9.087000000000000455e+01
1.122571000000000263e-01
-8.922400000000000375e+01
1.023558239999999980e-01
-5.770919999999999845e+02
6.823755360000001158e-01
-2.712479999999999905e+02
3.793244960000000110e-01
-1.946699999999999875e+01
3.211491099999999599e-02
-1.820299999999999940e+01
3.243579099999999160e-02
-1.808299999999999841e+01
2.888811099999999757e-02
-1.613200000000000145e+01
2.570457599999999981e-02
-1.822599999999999909e+01
2.980292400000000494e-02
-1.902899999999999991e+01
3.221415899999999916e-02
