1.125000000000000000e+03 1.565000000000000000e+03 2.386000000000000000e+03 9.240000000000000000e+02
1.540000000000000000e+02 3.404000000000000000e+03 1.798000000000000000e+03 6.440000000000000000e+02
2.450000000000000000e+02 3.386000000000000000e+03 1.708000000000000000e+03 6.610000000000000000e+02
0.000000000000000000e+00 5.940000000000000000e+02 7.270000000000000000e+02 4.679000000000000000e+03
0.000000000000000000e+00 2.288000000000000000e+03 6.020000000000000000e+02 3.110000000000000000e+03
1.263000000000000000e+03 1.620000000000000000e+03 1.617000000000000000e+03 1.500000000000000000e+03
1.282000000000000000e+03 1.486000000000000000e+03 1.627000000000000000e+03 1.605000000000000000e+03
1.281000000000000000e+03 1.482000000000000000e+03 1.635000000000000000e+03 1.602000000000000000e+03
1.222000000000000000e+03 1.416000000000000000e+03 1.655000000000000000e+03 1.707000000000000000e+03
1.266000000000000000e+03 1.548000000000000000e+03 1.640000000000000000e+03 1.546000000000000000e+03
1.274000000000000000e+03 1.539000000000000000e+03 1.639000000000000000e+03 1.548000000000000000e+03
