1.500000000000000000e+03 1.500000000000000000e+03 1.500000000000000000e+03 1.500000000000000000e+03 3.390000000000000000e+02 3.380000000000000000e+02 3.280000000000000000e+02 3.460000000000000000e+02
2.993000000000000000e+03 1.642000000000000000e+03 5.320000000000000000e+02 8.330000000000000000e+02 3.530000000000000000e+02 3.160000000000000000e+02 3.320000000000000000e+02 3.380000000000000000e+02
1.619000000000000000e+03 2.004000000000000000e+03 7.170000000000000000e+02 1.660000000000000000e+03 3.460000000000000000e+02 3.440000000000000000e+02 3.080000000000000000e+02 3.640000000000000000e+02
2.701000000000000000e+03 7.780000000000000000e+02 1.601000000000000000e+03 9.200000000000000000e+02 3.170000000000000000e+02 3.770000000000000000e+02 3.520000000000000000e+02 3.810000000000000000e+02
6.300000000000000000e+02 9.530000000000000000e+02 1.703000000000000000e+03 2.714000000000000000e+03 3.760000000000000000e+02 3.580000000000000000e+02 3.250000000000000000e+02 3.620000000000000000e+02
1.359000000000000000e+03 8.360000000000000000e+02 3.231000000000000000e+03 5.740000000000000000e+02 3.450000000000000000e+02 3.560000000000000000e+02 3.400000000000000000e+02 3.630000000000000000e+02
2.057000000000000000e+03 3.580000000000000000e+02 4.340000000000000000e+02 3.151000000000000000e+03 3.450000000000000000e+02 3.560000000000000000e+02 3.400000000000000000e+02 3.630000000000000000e+02
8.190000000000000000e+02 3.717000000000000000e+03 8.210000000000000000e+02 6.430000000000000000e+02 3.450000000000000000e+02 3.560000000000000000e+02 3.400000000000000000e+02 3.620000000000000000e+02
7.000000000000000000e+01 8.970000000000000000e+02 3.947000000000000000e+03 1.086000000000000000e+03 3.450000000000000000e+02 3.560000000000000000e+02 3.400000000000000000e+02 3.630000000000000000e+02
9.900000000000000000e+01 2.783000000000000000e+03 8.000000000000000000e+02 2.318000000000000000e+03 3.450000000000000000e+02 3.560000000000000000e+02 3.400000000000000000e+02 3.630000000000000000e+02
1.136000000000000000e+03 3.190000000000000000e+03 1.325000000000000000e+03 3.490000000000000000e+02 3.470000000000000000e+02 3.560000000000000000e+02 3.430000000000000000e+02 3.630000000000000000e+02
3.865000000000000000e+03 1.260000000000000000e+03 5.280000000000000000e+02 3.470000000000000000e+02 3.460000000000000000e+02 3.510000000000000000e+02 3.380000000000000000e+02 3.590000000000000000e+02
9.000000000000000000e+01 1.182000000000000000e+03 5.960000000000000000e+02 4.132000000000000000e+03 3.450000000000000000e+02 3.560000000000000000e+02 3.400000000000000000e+02 3.630000000000000000e+02
1.462000000000000000e+03 1.430000000000000000e+03 1.499000000000000000e+03 1.609000000000000000e+03 3.390000000000000000e+02 3.390000000000000000e+02 3.290000000000000000e+02 3.470000000000000000e+02
3.285000000000000000e+03 3.390000000000000000e+02 0.000000000000000000e+00 2.376000000000000000e+03 3.450000000000000000e+02 3.560000000000000000e+02 3.400000000000000000e+02 3.630000000000000000e+02
