1.468590247937432390e-03
4.400000000000000000e+01
1.398933407937471554e-03
3.500000000000000000e+01
1.462819512296813663e-03
4.400000000000000000e+01
1.283840421380219197e-03
3.100000000000000000e+01
1.272075370695243497e-03
1.330000000000000000e+02
1.494900194153219725e-07
1.000000000000000000e+00
1.312682207374738170e-03
4.400000000000000000e+01
1.248299598493228958e-03
1.220000000000000000e+02
2.424894056558058071e-03
1.410000000000000000e+02
1.226891362318975522e-03
1.100000000000000000e+02
1.438890048738214163e-03
5.000000000000000000e+00
