1.247000000000000000e+03 1.196000000000000000e+03 1.247000000000000000e+03 2.310000000000000000e+03
6.840000000000000000e+02 2.844000000000000000e+03 2.110000000000000000e+03 3.620000000000000000e+02
9.620000000000000000e+02 5.460000000000000000e+02 2.189000000000000000e+03 2.303000000000000000e+03
1.301000000000000000e+03 3.194000000000000000e+03 1.051000000000000000e+03 4.540000000000000000e+02
1.128000000000000000e+03 1.509000000000000000e+03 2.527000000000000000e+03 8.360000000000000000e+02
8.600000000000000000e+02 7.090000000000000000e+02 8.990000000000000000e+02 3.532000000000000000e+03
4.580000000000000000e+02 3.270000000000000000e+02 2.964000000000000000e+03 2.251000000000000000e+03
8.430000000000000000e+02 1.539000000000000000e+03 2.835000000000000000e+03 7.830000000000000000e+02
8.390000000000000000e+02 0.000000000000000000e+00 3.184000000000000000e+03 1.977000000000000000e+03
9.310000000000000000e+02 1.499000000000000000e+03 2.770000000000000000e+03 8.000000000000000000e+02
7.370000000000000000e+02 6.710000000000000000e+02 1.353000000000000000e+03 3.239000000000000000e+03
