1.500000000000000000e+03 1.500000000000000000e+03 1.500000000000000000e+03 1.500000000000000000e+03 3.680000000000000000e+02 3.270000000000000000e+02 3.310000000000000000e+02 3.520000000000000000e+02
2.053000000000000000e+03 1.074000000000000000e+03 2.208000000000000000e+03 6.650000000000000000e+02 3.630000000000000000e+02 3.510000000000000000e+02 3.210000000000000000e+02 3.470000000000000000e+02
2.682000000000000000e+03 9.360000000000000000e+02 1.819000000000000000e+03 5.630000000000000000e+02 3.380000000000000000e+02 3.340000000000000000e+02 3.520000000000000000e+02 3.830000000000000000e+02
7.230000000000000000e+02 5.440000000000000000e+02 4.177000000000000000e+03 5.560000000000000000e+02 3.410000000000000000e+02 3.960000000000000000e+02 3.110000000000000000e+02 3.610000000000000000e+02
1.096000000000000000e+03 2.366000000000000000e+03 1.376000000000000000e+03 1.162000000000000000e+03 3.440000000000000000e+02 3.690000000000000000e+02 3.070000000000000000e+02 3.540000000000000000e+02
1.322000000000000000e+03 1.964000000000000000e+03 6.960000000000000000e+02 2.018000000000000000e+03 3.440000000000000000e+02 3.570000000000000000e+02 3.460000000000000000e+02 3.650000000000000000e+02
2.407000000000000000e+03 7.800000000000000000e+02 1.391000000000000000e+03 1.422000000000000000e+03 3.680000000000000000e+02 3.810000000000000000e+02 3.610000000000000000e+02 3.430000000000000000e+02
7.340000000000000000e+02 1.150000000000000000e+03 2.565000000000000000e+03 1.551000000000000000e+03 3.480000000000000000e+02 3.520000000000000000e+02 3.390000000000000000e+02 3.610000000000000000e+02
1.381000000000000000e+03 1.618000000000000000e+03 6.480000000000000000e+02 2.353000000000000000e+03 3.240000000000000000e+02 3.530000000000000000e+02 3.640000000000000000e+02 3.700000000000000000e+02
6.420000000000000000e+02 2.260000000000000000e+03 1.209000000000000000e+03 1.889000000000000000e+03 3.450000000000000000e+02 3.550000000000000000e+02 3.430000000000000000e+02 3.630000000000000000e+02
2.615000000000000000e+03 1.864000000000000000e+03 5.320000000000000000e+02 9.890000000000000000e+02 3.410000000000000000e+02 3.550000000000000000e+02 3.420000000000000000e+02 3.630000000000000000e+02
1.094000000000000000e+03 2.739000000000000000e+03 1.721000000000000000e+03 4.460000000000000000e+02 3.450000000000000000e+02 3.560000000000000000e+02 3.350000000000000000e+02 3.630000000000000000e+02
2.411000000000000000e+03 5.410000000000000000e+02 6.760000000000000000e+02 2.372000000000000000e+03 3.470000000000000000e+02 3.500000000000000000e+02 3.420000000000000000e+02 3.680000000000000000e+02
4.960000000000000000e+02 3.990000000000000000e+02 3.476000000000000000e+03 1.629000000000000000e+03 3.430000000000000000e+02 3.550000000000000000e+02 3.550000000000000000e+02 3.620000000000000000e+02
7.050000000000000000e+02 1.710000000000000000e+03 2.509000000000000000e+03 1.076000000000000000e+03 3.650000000000000000e+02 3.190000000000000000e+02 3.480000000000000000e+02 3.590000000000000000e+02
