-9.424099999999999966e+01
1.509589189999999692e-01
-2.223820000000000050e+02
3.733480759999999732e-01
-1.546020000000000039e+02
2.155015960000000175e-01
-2.817010000000000218e+02
4.420615990000000828e-01
-3.914929999999999950e+02
5.199059509999999218e-01
-1.832999999999999829e+01
3.055509999999999823e-02
-2.151200000000000045e+01
3.584185599999999833e-02
-2.182999999999999829e+01
3.596309999999999785e-02
-2.192699999999999960e+01
3.678367099999999695e-02
-2.161599999999999966e+01
3.489454399999999956e-02
-2.062500000000000000e+01
2.994037499999999824e-02
