1.189460193624912584e-03
7.900000000000000000e+01
1.862861622666358435e-02
3.700000000000000000e+01
1.547851186609413079e-02
1.610000000000000000e+02
8.533927322739724014e-03
2.840000000000000000e+02
2.093056571882949066e-02
3.400000000000000000e+01
1.244747314125754095e-03
7.000000000000000000e+01
9.243729945012864628e-04
4.300000000000000000e+01
9.490801080930153736e-04
5.000000000000000000e+01
9.357335479269748499e-04
4.400000000000000000e+01
7.903106170949217258e-04
5.200000000000000000e+01
7.751711289468131427e-04
3.200000000000000000e+01
