1.566243384518863080e-03
6.800000000000000000e+01
3.383847368919494503e-02
8.000000000000000000e+00
9.249541586982049785e-03
3.000000000000000000e+01
2.469952247488357584e-03
2.700000000000000000e+02
1.012339043058522840e-02
1.170000000000000000e+02
1.743243650254496652e-02
2.400000000000000000e+01
3.119401263662789983e-02
5.200000000000000000e+01
2.425906525405185921e-02
4.200000000000000000e+01
3.442278924166626911e-03
2.880000000000000000e+02
3.606998484073208749e-02
4.000000000000000000e+01
