1.016000000000000000e+03 1.091000000000000000e+03 9.760000000000000000e+02 2.917000000000000000e+03
0.000000000000000000e+00 6.470000000000000000e+02 2.938000000000000000e+03 2.415000000000000000e+03
0.000000000000000000e+00 1.771000000000000000e+03 2.430000000000000000e+03 1.799000000000000000e+03
3.960000000000000000e+02 0.000000000000000000e+00 3.309000000000000000e+03 2.295000000000000000e+03
1.806000000000000000e+03 2.167000000000000000e+03 0.000000000000000000e+00 2.027000000000000000e+03
1.249000000000000000e+03 1.359000000000000000e+03 1.817000000000000000e+03 1.575000000000000000e+03
1.290000000000000000e+03 1.202000000000000000e+03 1.956000000000000000e+03 1.552000000000000000e+03
1.293000000000000000e+03 1.197000000000000000e+03 1.957000000000000000e+03 1.553000000000000000e+03
1.292000000000000000e+03 1.191000000000000000e+03 1.967000000000000000e+03 1.550000000000000000e+03
1.222000000000000000e+03 1.627000000000000000e+03 1.838000000000000000e+03 1.313000000000000000e+03
1.159000000000000000e+03 1.606000000000000000e+03 1.836000000000000000e+03 1.399000000000000000e+03
