1.072390899118253697e-03
2.010000000000000000e+02
9.222596408031562970e-03
1.270000000000000000e+02
8.093110610565099061e-03
1.300000000000000000e+02
4.991604568575069151e-03
7.400000000000000000e+01
1.143327094868570220e-03
2.730000000000000000e+02
1.243397769778325709e-02
5.100000000000000000e+01
1.883453936653459865e-02
3.500000000000000000e+01
1.937347094744310558e-03
5.100000000000000000e+01
9.787213912806130497e-04
3.900000000000000000e+01
9.439661047944768830e-04
4.000000000000000000e+01
1.130855102765850571e-03
4.200000000000000000e+01
