-3.433870000000000005e+02
5.271632309999999544e-01
-6.606609999999999445e+02
1.184934078999999807e+00
-4.772660000000000196e+02
6.827732439999999459e-01
-1.148269999999999982e+02
1.652650710000000134e-01
-8.955500000000000682e+01
1.009729750000000065e-01
-8.243999999999999773e+01
1.377064000000000343e-01
-2.212280000000000086e+02
3.336920160000000357e-01
-4.106099999999999994e+01
7.196327900000001887e-02
-3.657000000000000028e+01
5.586510000000000087e-02
-3.770300000000000296e+01
5.760079099999999841e-02
-2.539399999999999835e+01
3.739276400000000194e-02
