1.313000000000000000e+03 1.340000000000000000e+02 5.460000000000000000e+02 4.007000000000000000e+03
2.255000000000000000e+03 3.960000000000000000e+02 0.000000000000000000e+00 3.349000000000000000e+03
2.321000000000000000e+03 0.000000000000000000e+00 3.650000000000000000e+02 3.314000000000000000e+03
4.490000000000000000e+02 3.125000000000000000e+03 2.425000000000000000e+03 1.000000000000000000e+00
1.170000000000000000e+02 3.984000000000000000e+03 1.499000000000000000e+03 4.000000000000000000e+02
1.385000000000000000e+03 2.221000000000000000e+03 2.393000000000000000e+03 1.000000000000000000e+00
0.000000000000000000e+00 2.596000000000000000e+03 6.460000000000000000e+02 2.758000000000000000e+03
1.474000000000000000e+03 1.730000000000000000e+03 1.863000000000000000e+03 9.330000000000000000e+02
1.392000000000000000e+03 1.765000000000000000e+03 1.824000000000000000e+03 1.019000000000000000e+03
1.399000000000000000e+03 1.764000000000000000e+03 1.827000000000000000e+03 1.010000000000000000e+03
1.024000000000000000e+03 1.738000000000000000e+03 1.735000000000000000e+03 1.503000000000000000e+03
