1.500000000000000000e+03 1.500000000000000000e+03 1.500000000000000000e+03 1.500000000000000000e+03
1.265000000000000000e+03 6.250000000000000000e+02 3.491000000000000000e+03 6.190000000000000000e+02
7.090000000000000000e+02 2.065000000000000000e+03 8.580000000000000000e+02 2.368000000000000000e+03
3.144000000000000000e+03 1.075000000000000000e+03 9.280000000000000000e+02 8.530000000000000000e+02
1.126000000000000000e+03 1.659000000000000000e+03 2.494000000000000000e+03 7.210000000000000000e+02
4.270000000000000000e+02 3.880000000000000000e+02 8.550000000000000000e+02 4.330000000000000000e+03
2.345000000000000000e+03 3.101000000000000000e+03 5.530000000000000000e+02 1.000000000000000000e+00
2.362000000000000000e+03 0.000000000000000000e+00 2.400000000000000000e+02 3.398000000000000000e+03
0.000000000000000000e+00 1.644000000000000000e+03 3.377000000000000000e+03 9.790000000000000000e+02
2.130000000000000000e+02 3.956000000000000000e+03 7.700000000000000000e+02 1.061000000000000000e+03
1.675000000000000000e+03 1.653000000000000000e+03 0.000000000000000000e+00 2.672000000000000000e+03
9.080000000000000000e+02 2.971000000000000000e+03 2.119000000000000000e+03 2.000000000000000000e+00
0.000000000000000000e+00 2.902000000000000000e+03 6.200000000000000000e+01 3.036000000000000000e+03
3.985000000000000000e+03 0.000000000000000000e+00 2.760000000000000000e+02 1.739000000000000000e+03
1.993000000000000000e+03 1.861000000000000000e+03 2.145000000000000000e+03 1.000000000000000000e+00
