1.558705491009814478e-03
1.770000000000000000e+02
1.469688634596631781e-03
1.950000000000000000e+02
2.671644423970530053e-03
2.120000000000000000e+02
6.970053558372243767e-03
3.300000000000000000e+01
2.250716406032097962e-03
7.200000000000000000e+01
7.859278581755087603e-03
1.720000000000000000e+02
2.994167124426870552e-03
2.170000000000000000e+02
8.225898276688651742e-04
3.200000000000000000e+01
9.237102620969270652e-04
3.200000000000000000e+01
8.468453814492121019e-04
3.300000000000000000e+01
7.662811695096743677e-04
5.700000000000000000e+01
