8.830000000000000000e+02 2.730000000000000000e+02 5.000000000000000000e+02 4.344000000000000000e+03
1.076000000000000000e+03 1.330000000000000000e+02 5.060000000000000000e+02 4.285000000000000000e+03
8.530000000000000000e+02 1.721000000000000000e+03 3.425000000000000000e+03 1.000000000000000000e+00
0.000000000000000000e+00 3.010000000000000000e+02 3.473000000000000000e+03 2.226000000000000000e+03
4.294000000000000000e+03 1.050000000000000000e+03 6.540000000000000000e+02 2.000000000000000000e+00
1.387000000000000000e+03 0.000000000000000000e+00 2.524000000000000000e+03 2.089000000000000000e+03
1.346000000000000000e+03 0.000000000000000000e+00 2.569000000000000000e+03 2.085000000000000000e+03
1.078000000000000000e+03 1.428000000000000000e+03 1.540000000000000000e+03 1.954000000000000000e+03
1.081000000000000000e+03 1.421000000000000000e+03 1.528000000000000000e+03 1.970000000000000000e+03
1.067000000000000000e+03 1.444000000000000000e+03 1.557000000000000000e+03 1.932000000000000000e+03
1.069000000000000000e+03 1.450000000000000000e+03 1.555000000000000000e+03 1.926000000000000000e+03
