-4.158770000000000095e+02
6.538058709999999829e-01
-3.996240000000000236e+02
6.154226239999998072e-01
-2.289139999999999873e+02
3.682346040000000209e-01
-3.315899999999999750e+02
5.455358999999999625e-01
-2.997799999999999727e+02
3.585335999999999523e-01
-1.474319999999999879e+02
2.030053759999999874e-01
-1.470169999999999959e+02
1.879827110000000245e-01
-1.455700000000000038e+01
2.360075099999999967e-02
-1.460500000000000043e+01
2.363497499999999904e-02
-1.445700000000000074e+01
2.245215100000000005e-02
-1.487899999999999956e+01
2.455035900000000076e-02
