1.500000000000000000e+03 1.500000000000000000e+03 1.500000000000000000e+03 1.500000000000000000e+03
1.461000000000000000e+03 1.686000000000000000e+03 1.291000000000000000e+03 1.562000000000000000e+03
2.482000000000000000e+03 1.195000000000000000e+03 1.748000000000000000e+03 5.750000000000000000e+02
9.930000000000000000e+02 1.108000000000000000e+03 1.930000000000000000e+03 1.969000000000000000e+03
9.090000000000000000e+02 3.906000000000000000e+03 5.580000000000000000e+02 6.270000000000000000e+02
0.000000000000000000e+00 3.120000000000000000e+03 7.940000000000000000e+02 2.086000000000000000e+03
9.780000000000000000e+02 6.020000000000000000e+02 2.490000000000000000e+02 4.171000000000000000e+03
9.100000000000000000e+02 1.803000000000000000e+03 3.285000000000000000e+03 2.000000000000000000e+00
2.773000000000000000e+03 5.300000000000000000e+01 0.000000000000000000e+00 3.174000000000000000e+03
4.090000000000000000e+03 1.804000000000000000e+03 1.050000000000000000e+02 1.000000000000000000e+00
0.000000000000000000e+00 1.339000000000000000e+03 2.399000000000000000e+03 2.262000000000000000e+03
1.291000000000000000e+03 0.000000000000000000e+00 2.888000000000000000e+03 1.821000000000000000e+03
0.000000000000000000e+00 7.360000000000000000e+02 7.310000000000000000e+02 4.533000000000000000e+03
1.491000000000000000e+03 1.016000000000000000e+03 1.041000000000000000e+03 2.452000000000000000e+03
2.328000000000000000e+03 3.370000000000000000e+03 3.000000000000000000e+02 2.000000000000000000e+00
