-1.756024715763153041e-02
0.000000000000000000e+00
-2.668566836862311907e-03
0.000000000000000000e+00
-1.032203295610688689e-03
0.000000000000000000e+00
-2.125573451984563017e-03
0.000000000000000000e+00
-3.515751221085994249e-03
0.000000000000000000e+00
-3.482516217723460959e-03
0.000000000000000000e+00
-3.382526105821809497e-03
0.000000000000000000e+00
-1.349324477997164038e-03
0.000000000000000000e+00
-4.670638800530712534e-04
0.000000000000000000e+00
-3.690648458460972677e-03
0.000000000000000000e+00
-3.653076089983065163e-03
0.000000000000000000e+00
-5.336863422727668692e-03
0.000000000000000000e+00
-2.254632030960615485e-03
0.000000000000000000e+00
-1.949173989800719910e-03
0.000000000000000000e+00
-8.036156152574839943e-04
0.000000000000000000e+00
-1.117227029893709837e-03
0.000000000000000000e+00
-1.821394545808298999e-03
0.000000000000000000e+00
-2.063115031356625110e-03
0.000000000000000000e+00
-2.625203302501571533e-03
0.000000000000000000e+00
-2.229255604493148111e-03
0.000000000000000000e+00
-1.461834820218748787e-03
0.000000000000000000e+00
-3.071841454916258377e-03
0.000000000000000000e+00
-1.019541982420005483e-03
0.000000000000000000e+00
-7.277246317944980258e-04
0.000000000000000000e+00
-6.396537792848957377e-04
0.000000000000000000e+00
-9.084329817927388291e-04
0.000000000000000000e+00
-8.999235975085905209e-04
0.000000000000000000e+00
-1.128950160839418916e-03
0.000000000000000000e+00
-9.988031034770790493e-04
0.000000000000000000e+00
-5.994079039796652549e-04
0.000000000000000000e+00
-8.147156398466372977e-04
0.000000000000000000e+00
-7.259525197458243729e-04
0.000000000000000000e+00
-5.586755370914558505e-04
0.000000000000000000e+00
-4.160186333009461223e-04
0.000000000000000000e+00
-3.014292901109576943e-04
0.000000000000000000e+00
-2.947676754847873863e-04
0.000000000000000000e+00
-1.707838883167145470e-04
0.000000000000000000e+00
-2.569830151139931894e-04
0.000000000000000000e+00
-2.744244310649977705e-04
0.000000000000000000e+00
-3.151045633661072611e-04
0.000000000000000000e+00
-2.737294548059272478e-04
0.000000000000000000e+00
