3.666584727962264867e-01
1.300000000000000000e+01
1.783837677342785533e+00
1.010000000000000000e+02
2.095326016568181071e+00
1.010000000000000000e+02
1.349013452664205559e+01
1.400000000000000000e+01
1.457992744277649466e+00
1.000000000000000000e+00
3.405769808829639533e+00
2.000000000000000000e+00
2.030974428725464409e-01
6.000000000000000000e+00
2.829369120047566799e+00
1.010000000000000000e+02
4.602206264129485191e+00
4.000000000000000000e+00
5.281420887997105851e-01
5.000000000000000000e+00
3.782217725569710698e+00
1.000000000000000000e+00
6.467155346391232351e-01
1.000000000000000000e+00
4.802706973923913658e+00
2.200000000000000000e+01
8.097861563399001705e-02
6.000000000000000000e+00
7.679445372680857584e-01
1.000000000000000000e+00
1.605908871870874277e+00
2.000000000000000000e+00
6.476527441391627393e-01
1.000000000000000000e+00
4.246071262031164473e+00
2.000000000000000000e+00
1.558840771907886280e+00
1.000000000000000000e+00
2.722409666104864900e+00
1.000000000000000000e+00
1.730238721861865780e+00
5.000000000000000000e+00
1.081108872114592057e+00
1.000000000000000000e+00
2.188510768958764174e+00
1.000000000000000000e+00
2.536271358113076357e-02
1.000000000000000000e+00
2.585460009811381354e+00
1.000000000000000000e+00
4.668043719457689811e+00
1.000000000000000000e+00
3.099014928984689110e+00
1.000000000000000000e+00
2.303846489617490390e-01
1.000000000000000000e+00
9.781117304770752252e-01
1.000000000000000000e+00
1.517008341817531525e+00
1.000000000000000000e+00
1.307139333656532620e-01
1.000000000000000000e+00
3.285575488908871744e-01
1.000000000000000000e+00
4.321742589237178023e-01
1.000000000000000000e+00
9.161912314210891861e-02
1.000000000000000000e+00
1.759129116661988013e+00
1.000000000000000000e+00
5.372396165307542493e-01
1.000000000000000000e+00
3.848053227099414553e+00
1.000000000000000000e+00
2.874785982259580042e+00
1.000000000000000000e+00
2.075790660183457703e+00
1.000000000000000000e+00
1.858827046624231816e+00
1.000000000000000000e+00
