1.084847153639101336e-03
2.000000000000000000e+00
1.396313239635904591e-03
4.000000000000000000e+00
4.989701598755863499e-05
5.000000000000000000e+00
4.352162206955334511e-06
3.000000000000000000e+00
1.995050449005136839e-03
3.000000000000000000e+00
7.620279525236139939e-05
5.000000000000000000e+00
1.845608287317579768e-03
3.000000000000000000e+00
1.959787171967874997e-05
4.000000000000000000e+00
1.899918488831864316e-05
3.000000000000000000e+00
1.112204061588656367e-04
4.000000000000000000e+00
1.607363291454402821e-03
4.000000000000000000e+00
1.804584542577224171e-03
3.000000000000000000e+00
7.637389987497078536e-05
5.000000000000000000e+00
8.860011426747860241e-07
2.000000000000000000e+00
1.489099019390205392e-03
5.000000000000000000e+00
3.161271550286559595e-05
5.000000000000000000e+00
1.792306831958308255e-03
4.000000000000000000e+00
1.529843705061123549e-03
4.000000000000000000e+00
1.709671037264916260e-03
3.000000000000000000e+00
7.331563243118122131e-06
3.000000000000000000e+00
1.762359584762673848e-04
3.000000000000000000e+00
1.507537556615728969e-03
4.000000000000000000e+00
3.026767513861911008e-05
5.000000000000000000e+00
1.712237836218322151e-05
4.000000000000000000e+00
1.556899903815134323e-05
4.000000000000000000e+00
1.433871614451187604e-03
4.000000000000000000e+00
1.353312849056834133e-03
4.000000000000000000e+00
2.722192484529584872e-05
6.000000000000000000e+00
1.460612478748374299e-03
5.000000000000000000e+00
1.728613582957949646e-03
4.000000000000000000e+00
2.513709825263665820e-05
5.000000000000000000e+00
1.167054744473892958e-05
5.000000000000000000e+00
1.698694396993549738e-03
4.000000000000000000e+00
1.336654792757685506e-03
4.000000000000000000e+00
1.171706201087870103e-05
4.000000000000000000e+00
1.332819096701149536e-03
3.000000000000000000e+00
1.850812597345430355e-05
5.000000000000000000e+00
1.639429181404805647e-03
4.000000000000000000e+00
1.663976644611295068e-03
4.000000000000000000e+00
1.082927026496705025e-05
5.000000000000000000e+00
1.476857401686820781e-03
4.000000000000000000e+00
