-8.645005774034009161e-01
1.699676971103296852e+00
-1.513784175965906753e+00
1.426068343780714787e-01
5.165552280350915737e-01
-6.288837390967605412e-01
6.752121584038375257e-01
3.428981730112560800e-01
5.235489514749529505e-01
-9.399219481439950730e-02
1.910677462236869628e+00
2.979970629484201550e-01
1.097111295584217050e+00
-1.135803258454463061e+00
-1.118063646138525602e+00
-5.074819755369304186e-01
4.865126962358312102e-01
7.860941002444399306e-02
-7.297482294359506350e-01
1.349684275854213134e+00
-1.692245980523259918e+00
-1.659332809857634317e+00
-1.602209651778363497e+00
-8.645571612783735649e-01
-9.147588113974722268e-02
6.568895190876885559e-01
-2.188810034448802178e+00
-1.649245765299946154e+00
-2.793682456523747248e+00
1.487593071151788404e+00
2.210493977804033894e-01
-1.291134626651675721e-01
-1.363769619685174295e+00
1.484470923270044818e-01
-1.312412445064766287e+00
-1.952050783694807778e+00
-1.828230513864794515e+00
-1.903143366573807782e+00
2.506051738269756690e+00
-1.070627359162850567e+00
-9.991702047268130604e-01
1.140549167770221528e+00
5.699551414741473032e-02
1.861344403685703641e+00
-1.664569794010984372e-01
-2.315438471303604473e+00
-2.378015436749269629e+00
-3.544097829087300977e-01
1.492516278276953545e-02
1.326510412434440456e+00
2.120212272414771171e+00
-1.158054141940341397e+00
-7.190272309384986293e-01
8.676371522876792364e-01
-9.752051178598579728e-01
