1.479377588678588767e-03
7.600000000000000000e+01
2.167956608341853851e-03
2.860000000000000000e+02
1.366610005014462243e-03
2.540000000000000000e+02
1.173353737787464612e-03
2.340000000000000000e+02
1.894915523735865928e-03
3.900000000000000000e+02
6.901956280406483513e-03
1.500000000000000000e+02
1.100616823898846724e-03
2.420000000000000000e+02
1.238114968716876908e-03
2.020000000000000000e+02
1.475326431260796500e-03
1.990000000000000000e+02
8.056315667135166211e-03
1.050000000000000000e+02
