4.080000000000000000e+02 2.091000000000000000e+03 1.390000000000000000e+02 3.362000000000000000e+03
1.247000000000000000e+03 1.213000000000000000e+03 3.265000000000000000e+03 2.750000000000000000e+02
2.002000000000000000e+03 2.048000000000000000e+03 1.948000000000000000e+03 2.000000000000000000e+00
1.755000000000000000e+03 1.054000000000000000e+03 3.080000000000000000e+03 1.110000000000000000e+02
1.149000000000000000e+03 2.099000000000000000e+03 0.000000000000000000e+00 2.752000000000000000e+03
3.055000000000000000e+03 2.168000000000000000e+03 0.000000000000000000e+00 7.770000000000000000e+02
4.360000000000000000e+02 0.000000000000000000e+00 2.780000000000000000e+03 2.784000000000000000e+03
2.759000000000000000e+03 1.845000000000000000e+03 1.395000000000000000e+03 1.000000000000000000e+00
1.582000000000000000e+03 1.222000000000000000e+03 1.848000000000000000e+03 1.348000000000000000e+03
6.110000000000000000e+02 0.000000000000000000e+00 2.587000000000000000e+03 2.802000000000000000e+03
1.547000000000000000e+03 1.147000000000000000e+03 1.877000000000000000e+03 1.429000000000000000e+03
