1.449276693399737144e-03
3.900000000000000000e+01
1.183331415300672811e-02
7.600000000000000000e+01
2.648118102133943750e-03
6.900000000000000000e+01
1.123742595315435459e-03
1.420000000000000000e+02
4.603929791962352129e-03
7.200000000000000000e+01
2.822652190313872447e-03
2.040000000000000000e+02
5.203105584422411910e-03
7.200000000000000000e+01
8.429854656706488314e-03
1.460000000000000000e+02
2.174774704197703773e-02
2.600000000000000000e+01
5.554630661007748174e-03
3.800000000000000000e+01
