1.300699893145446703e-03
1.190000000000000000e+02
1.035736315710504172e-03
1.480000000000000000e+02
5.559795476474035762e-03
3.900000000000000000e+01
1.141058136940236410e-03
1.570000000000000000e+02
6.835009613650171005e-03
4.000000000000000000e+01
2.833622174661765136e-03
3.340000000000000000e+02
5.464813966087236907e-03
6.100000000000000000e+01
1.054012442528543675e-02
9.700000000000000000e+01
9.613121611326614410e-04
3.400000000000000000e+01
9.982841697677692638e-03
3.300000000000000000e+01
1.157371939957971187e-03
3.700000000000000000e+01
