-2.133309999999999889e+02
3.559794390000000086e-01
-1.808700000000000045e+02
2.966230999999999729e-01
-1.660699999999999932e+02
2.630510999999999822e-01
-1.974130000000000109e+02
3.192404309999999912e-01
-3.766320000000000050e+02
4.930685759999999807e-01
-6.050170000000000528e+02
8.101667109999998173e-01
-2.277930000000000064e+02
3.350981510000000108e-01
-3.228369999999999891e+02
3.952604309999999677e-01
-4.300699999999999790e+01
7.737495099999999737e-02
-2.037170000000000130e+02
2.954369110000000243e-01
-3.792900000000000205e+01
6.403595900000000340e-02
