1.500000000000000000e+03 1.500000000000000000e+03 1.500000000000000000e+03 1.500000000000000000e+03
1.241000000000000000e+03 3.226000000000000000e+03 7.530000000000000000e+02 7.800000000000000000e+02
1.255000000000000000e+03 5.740000000000000000e+02 1.974000000000000000e+03 2.197000000000000000e+03
2.908000000000000000e+03 5.560000000000000000e+02 9.590000000000000000e+02 1.577000000000000000e+03
3.831000000000000000e+03 5.590000000000000000e+02 6.350000000000000000e+02 9.750000000000000000e+02
4.670000000000000000e+02 5.870000000000000000e+02 6.070000000000000000e+02 4.339000000000000000e+03
0.000000000000000000e+00 1.615000000000000000e+03 1.626000000000000000e+03 2.759000000000000000e+03
6.170000000000000000e+02 4.666000000000000000e+03 7.160000000000000000e+02 1.000000000000000000e+00
1.488000000000000000e+03 1.279000000000000000e+03 3.005000000000000000e+03 2.280000000000000000e+02
1.328000000000000000e+03 2.540000000000000000e+03 2.130000000000000000e+03 2.000000000000000000e+00
1.650000000000000000e+03 2.011000000000000000e+03 0.000000000000000000e+00 2.339000000000000000e+03
3.700000000000000000e+01 3.812000000000000000e+03 2.150000000000000000e+03 1.000000000000000000e+00
2.755000000000000000e+03 2.040000000000000000e+03 1.203000000000000000e+03 2.000000000000000000e+00
0.000000000000000000e+00 2.833000000000000000e+03 8.100000000000000000e+02 2.357000000000000000e+03
8.950000000000000000e+02 0.000000000000000000e+00 3.071000000000000000e+03 2.034000000000000000e+03
