1.312682523551507614e-03
1.940000000000000000e+02
1.028626037811181636e-03
1.000000000000000000e+02
1.123463198826928772e-03
2.210000000000000000e+02
3.807213364915582737e-02
1.400000000000000000e+01
1.078517687149172606e-03
7.600000000000000000e+01
3.131651231234441890e-02
9.000000000000000000e+00
1.132404863880061502e-03
3.700000000000000000e+01
1.010804214519748882e-03
3.400000000000000000e+01
1.014928260947608584e-03
3.400000000000000000e+01
1.039277132061399702e-03
5.800000000000000000e+01
1.075206158900208738e-03
3.500000000000000000e+01
