1.055000000000000000e+03 2.118000000000000000e+03 2.669000000000000000e+03 1.580000000000000000e+02
6.480000000000000000e+02 1.954000000000000000e+03 2.237000000000000000e+03 1.161000000000000000e+03
4.310000000000000000e+02 2.347000000000000000e+03 1.760000000000000000e+03 1.462000000000000000e+03
0.000000000000000000e+00 3.700000000000000000e+01 3.832000000000000000e+03 2.131000000000000000e+03
9.610000000000000000e+02 1.335000000000000000e+03 1.916000000000000000e+03 1.788000000000000000e+03
1.069000000000000000e+03 4.232000000000000000e+03 6.970000000000000000e+02 2.000000000000000000e+00
9.560000000000000000e+02 1.384000000000000000e+03 1.888000000000000000e+03 1.772000000000000000e+03
1.133000000000000000e+03 1.268000000000000000e+03 1.740000000000000000e+03 1.859000000000000000e+03
1.125000000000000000e+03 1.285000000000000000e+03 1.738000000000000000e+03 1.852000000000000000e+03
1.092000000000000000e+03 1.322000000000000000e+03 1.799000000000000000e+03 1.787000000000000000e+03
1.033000000000000000e+03 1.339000000000000000e+03 1.768000000000000000e+03 1.860000000000000000e+03
