2.499748273146772549e-03
5.900000000000000000e+01
1.088087441596132660e-02
1.700000000000000000e+01
1.064622063384300940e-03
7.000000000000000000e+01
1.096323657207489343e-03
6.400000000000000000e+01
9.931354905903919030e-04
5.700000000000000000e+01
1.069325033577356050e-03
1.130000000000000000e+02
1.054858407897415378e-03
6.600000000000000000e+01
1.039058622181043704e-03
1.600000000000000000e+02
1.996762354041004689e-02
2.500000000000000000e+01
1.088663615873570372e-03
8.000000000000000000e+01
