7.350000000000000000e+02 1.844000000000000000e+03 1.905000000000000000e+03 1.516000000000000000e+03
1.520000000000000000e+02 0.000000000000000000e+00 1.631000000000000000e+03 4.217000000000000000e+03
1.156000000000000000e+03 1.971000000000000000e+03 1.823000000000000000e+03 1.050000000000000000e+03
1.192000000000000000e+03 1.939000000000000000e+03 1.636000000000000000e+03 1.233000000000000000e+03
1.460000000000000000e+02 2.201000000000000000e+03 0.000000000000000000e+00 3.653000000000000000e+03
1.112000000000000000e+03 1.737000000000000000e+03 1.624000000000000000e+03 1.527000000000000000e+03
1.127000000000000000e+03 1.763000000000000000e+03 1.596000000000000000e+03 1.514000000000000000e+03
1.228000000000000000e+03 1.737000000000000000e+03 1.419000000000000000e+03 1.616000000000000000e+03
1.195000000000000000e+03 1.628000000000000000e+03 1.486000000000000000e+03 1.691000000000000000e+03
1.000000000000000000e+03 1.512000000000000000e+03 1.632000000000000000e+03 1.856000000000000000e+03
1.001000000000000000e+03 1.512000000000000000e+03 1.630000000000000000e+03 1.857000000000000000e+03
