9.723422429207406606e-04
3.240000000000000000e+02
2.743610010089111463e-03
9.400000000000000000e+01
2.562882274578905453e-03
1.490000000000000000e+02
1.559499807011584076e-02
4.600000000000000000e+01
6.061972431382916908e-03
1.030000000000000000e+02
1.896384009511052626e-02
3.240000000000000000e+02
1.745070231564609803e-02
6.500000000000000000e+01
2.498672579908588209e-02
2.310000000000000000e+02
1.101856987742586740e-03
8.300000000000000000e+01
3.875053355027514856e-02
1.800000000000000000e+01
