1.500000000000000000e+03 1.500000000000000000e+03 1.500000000000000000e+03 1.500000000000000000e+03
1.887000000000000000e+03 6.670000000000000000e+02 2.482000000000000000e+03 9.640000000000000000e+02
3.236000000000000000e+03 1.195000000000000000e+03 1.007000000000000000e+03 5.620000000000000000e+02
1.760000000000000000e+03 1.310000000000000000e+03 8.660000000000000000e+02 2.064000000000000000e+03
1.202000000000000000e+03 3.287000000000000000e+03 5.380000000000000000e+02 9.730000000000000000e+02
1.030000000000000000e+02 1.830000000000000000e+03 2.045000000000000000e+03 2.022000000000000000e+03
2.190000000000000000e+02 0.000000000000000000e+00 2.037000000000000000e+03 3.744000000000000000e+03
2.490000000000000000e+02 1.533000000000000000e+03 4.217000000000000000e+03 1.000000000000000000e+00
1.379000000000000000e+03 2.539000000000000000e+03 2.080000000000000000e+03 2.000000000000000000e+00
1.640000000000000000e+02 2.039000000000000000e+03 0.000000000000000000e+00 3.797000000000000000e+03
5.010000000000000000e+02 0.000000000000000000e+00 3.689000000000000000e+03 1.810000000000000000e+03
2.342000000000000000e+03 0.000000000000000000e+00 3.690000000000000000e+02 3.289000000000000000e+03
0.000000000000000000e+00 3.017000000000000000e+03 1.671000000000000000e+03 1.312000000000000000e+03
8.810000000000000000e+02 1.306000000000000000e+03 1.674000000000000000e+03 2.139000000000000000e+03
5.000000000000000000e+02 5.500000000000000000e+01 0.000000000000000000e+00 5.445000000000000000e+03
